# Band 2B   Etalon 1A   Slice 5
# Distortion map version 06.04.00 - date 2018-10-09
# Trace (isoalpha): Take pixel trace along specified slice, specified alpha position trace is built by taking the pixel in every detector row with alpha value closest to the one specified 
# xpos[i] = np.argmin(alpha_img[i,:])+funcs.find_nearest(alpha_img[i,:][(slice_img[i,:]!=0)],alpha_pos)
#    alpha       x  y      center         FWHM          skewness
0.0  760  11  11.450514269  1.79812861229  0.0181686606234
0.0  761  25  25.456640934  1.82785410717  0.0205834436408
0.0  761  40  39.554546476  1.83899486726  0.0112932767653
0.0  762  54  53.7925089284  1.89868114896  -0.0211619428826
0.0  763  68  68.2180823804  1.92362167232  0.00713893554667
0.0  763  83  82.6619116913  1.86923490212  -0.00712093489546
0.0  764  97  97.3353120644  1.93763846243  0.0114960532209
0.0  765  112  112.127717005  1.94072757778  0.0458241745269
0.0  765  127  126.966897858  1.95939386681  0.00994460556185
0.0  766  142  142.016345645  1.96870135208  0.027010823734
0.0  766  157  157.155253121  2.00762762394  0.0297894029191
0.0  767  172  172.459831613  1.89730715609  0.0373936984715
0.0  767  188  187.837893701  2.02106206581  -0.0117636323778
0.0  768  203  203.438137408  1.9845828616  0.00284905873917
0.0  768  219  219.137405409  2.13379426391  -0.0112445758651
0.0  769  235  234.963501909  2.18457029818  -0.0423815411652
0.0  769  251  250.949039622  2.19423548637  -0.0384609167729
0.0  770  267  267.128700247  2.26510543309  -0.018433159763
0.0  770  283  283.425578108  2.24512809628  0.00348647512051
0.0  770  300  299.849755957  2.34838722962  0.00213297201477
0.0  771  316  316.474222296  2.2360212607  0.0455466599489
0.0  771  333  333.225529429  2.36260970587  0.0496531403727
0.0  772  350  350.163900607  2.41669727557  0.0572612197038
0.0  772  367  367.22159462  2.42632156199  0.0433315635552
0.0  772  384  384.442359613  2.34695534809  0.0122926673303
0.0  772  402  401.789183584  2.5514448265  -0.0350414940529
0.0  773  419  419.375968372  2.61116205762  -0.0206676081844
0.0  773  437  437.095153242  2.71861261398  -0.0401591398352
0.0  773  455  454.955260647  2.79307863694  -0.044262723741
0.0  773  473  473.004281741  2.89516964574  -0.0313472376914
0.0  773  491  491.272314588  2.93734895043  0.0147894317579
0.0  773  510  509.668381374  3.0344081728  0.0275856917279
0.0  773  528  528.291496328  3.10950356457  0.0561872216317
0.0  773  547  547.062741985  3.22758599157  0.0441831228928
0.0  773  566  566.045441641  3.30796950781  0.0307749290343
0.0  773  585  585.20230594  3.50995104184  0.00849219603915
0.0  773  605  604.557932729  3.6129706645  -0.0316760008406
0.0  773  624  624.095386896  3.79989270385  -0.0357815591387
0.0  773  644  643.846836101  3.89752219114  -0.0488215336
0.0  772  664  663.779300708  4.03417105073  -0.0513212527654
0.0  772  684  683.896043542  4.09768151993  -0.0379414373221
0.0  772  704  704.191591713  4.24624639554  -0.0153240722308
0.0  772  725  724.672851107  4.47787899611  -0.000223660680608
0.0  771  745  745.393167045  4.63881676399  0.0228814443025
0.0  771  766  766.259964145  4.96587358512  0.0378597327715
0.0  770  787  787.402152595  5.47246481453  0.0403131386556
0.0  770  809  808.743281487  5.98632197281  0.0410332773963
0.0  769  830  830.376581795  6.79298336139  0.0420261040138
0.0  769  852  852.270306428  7.68680793773  0.0319616703321
0.0  768  874  874.434183842  8.58216380334  0.0274486860969
0.0  767  897  896.812770958  9.38344381951  0.00444993696691
0.0  766  919  919.554433794  9.9435407126  0.0131120998853
0.0  766  942  942.368266967  10.5683257254  0.00423371253308
0.0  765  965  965.592365466  11.3610695454  0.00223226292314
0.0  764  989  988.770621569  11.0762825957  -0.0179680001335
0.0  763  1012  1012.42171208  11.224118796  -0.0169045799107
-1.82850538275  769  12  11.9093922795  1.82117761084  0.00396824684757
-1.82850538275  770  26  25.8985815768  1.8541604981  -0.00578336128228
-1.82850538275  771  40  40.0275410539  1.88625942147  -0.00743956318415
-1.82850538275  771  54  54.2543158284  1.89789826916  0.00414089753373
-1.82850538275  772  69  68.6175388045  1.84621433906  -0.0118107859945
-1.82850538275  773  83  83.1418374645  1.92788496923  0.0078313547195
-1.82850538275  773  98  97.7095309124  1.92381674178  -0.0012103255434
-1.82850538275  774  112  112.496465254  1.85609333152  0.0114973888736
-1.82850538275  774  127  127.294373562  1.85015466014  -0.00447235110471
-1.82850538275  775  142  142.392670716  1.86724449107  0.0390031129131
-1.82850538275  776  158  157.523308307  1.9013719977  0.00652803156679
-1.82850538275  776  173  172.757619036  1.95907978374  -0.0116424233071
-1.82850538275  777  188  188.228966849  2.00608593218  0.0131215638118
-1.82850538275  777  204  203.701791366  2.04157619795  -0.0444648642029
-1.82850538275  778  219  219.450425874  2.0477206387  -0.00861249731723
-1.82850538275  778  235  235.279039499  2.16404458862  -0.0165432881093
-1.82850538275  779  251  251.265549871  2.15898495521  -0.0105910693272
-1.82850538275  779  267  267.380052905  2.22692323292  -0.00251831390661
-1.82850538275  779  284  283.65097955  2.27248040627  0.0300900592219
-1.82850538275  780  300  300.104130376  2.31428717216  0.0237753558617
-1.82850538275  780  317  316.658149122  2.26419710339  0.0126400822408
-1.82850538275  781  333  333.446223329  2.18300392502  0.120759113294
-1.82850538275  781  350  350.331140109  2.30141082822  0.0448239167784
-1.82850538275  781  367  367.379366124  2.37654440085  0.0396269756364
-1.82850538275  781  385  384.552056244  2.35662845657  -0.00800818427487
-1.82850538275  782  402  401.933941839  2.54285778083  -0.0353784027325
-1.82850538275  782  419  419.485491523  2.55792993655  -0.0271387316921
-1.82850538275  782  437  437.194171506  2.6998619629  -0.0295656366776
-1.82850538275  782  455  455.039759144  2.77139830926  -0.0367375967449
-1.82850538275  782  473  473.10269554  2.82762790388  -0.0121936633708
-1.82850538275  782  491  491.318210171  2.89268758865  0.00917353655676
-1.82850538275  782  509  509.396256708  2.94005262398  0.0014222117876
-1.82850538275  783  528  528.278435192  3.02609659758  0.0450631331248
-1.82850538275  783  547  547.047706994  3.16364563882  0.0454442956469
-1.82850538275  783  566  565.963598038  3.5320721241  -0.0638767666295
-1.82850538275  782  585  585.164665713  3.45898025029  0.0074146786171
-1.82850538275  782  604  604.505522111  3.60264986742  -0.012974313301
-1.82850538275  782  624  624.041561751  3.75564110782  -0.0325947695308
-1.82850538275  782  644  643.725705521  3.83072413545  -0.0429435999335
-1.82850538275  782  664  663.634898542  3.94005084411  -0.0341050147415
-1.82850538275  782  684  683.715748633  4.35013432275  -0.0743570835955
-1.82850538275  781  704  704.070793299  4.27484768449  -0.00717234765384
-1.82850538275  781  725  725.837347094  0.1993745222  9.80773664611
-1.82850538275  781  745  745.482875395  5.41352458346  0.00476242769562
-1.82850538275  780  766  766.084249485  4.98437877261  0.04835964035
-1.82850538275  780  787  787.09568829  5.59521312439  0.024960881168
-1.82850538275  779  809  808.512503077  6.01300518226  0.0449307244007
-1.82850538275  779  830  830.437831703  7.81499673972  0.0224591497272
-1.82850538275  778  852  851.933910151  7.72003372869  0.047851027687
-1.82850538275  777  874  874.062102716  8.28266515269  0.0100422230302
-1.82850538275  776  897  897.038060042  9.24347356185  0.003616815961
-1.82850538275  776  919  918.944268541  10.7503068358  -0.014272357359
-1.82850538275  775  942  941.841944803  10.3452154233  0.0018924509122
-1.82850538275  774  965  965.008892172  10.4952094931  0.0201835886792
-1.82850538275  773  988  988.371688783  11.1162287854  0.0297453574386
-1.82850538275  772  1012  1011.71425183  11.2461497852  -0.00731094834406
-1.65063538275  768  12  11.8555483772  1.80382768306  -0.00469891675486
-1.65063538275  769  26  25.8412477499  1.84659707509  -0.0137241920033
-1.65063538275  770  40  39.9852971063  1.88367572752  -0.0016203304335
-1.65063538275  770  54  54.2325603134  1.93642607523  0.0111981531619
-1.65063538275  771  69  68.5833799656  1.85762032225  -0.000762532347936
-1.65063538275  772  83  83.0828412867  1.94527980916  -0.00138239784027
-1.65063538275  772  98  97.6672364635  1.92673319208  -0.00311395226651
-1.65063538275  773  112  112.459376976  1.88464693591  0.0253248188018
-1.65063538275  774  127  127.347967737  1.90383984472  0.0285148569174
-1.65063538275  774  142  142.358016079  1.90441037148  0.0536162375599
-1.65063538275  775  157  157.491940153  1.87362983882  0.0361932762861
-1.65063538275  775  173  172.721808994  1.95084794941  -0.00623449627919
-1.65063538275  776  188  188.185798276  2.02559582866  0.0230485065936
-1.65063538275  776  204  203.687562105  2.01395977236  -0.0240674462943
-1.65063538275  777  219  219.408417806  2.0403135372  -0.0065193787741
-1.65063538275  777  235  235.245463054  2.17354899382  -0.00989392020271
-1.65063538275  778  251  251.229245175  2.19163094634  -0.0202347186119
-1.65063538275  778  267  267.364902105  2.25725048406  0.00437443859177
-1.65063538275  779  284  283.632663305  2.22390497299  -0.0128551231019
-1.65063538275  779  300  300.076216194  2.33809970631  0.0225796685302
-1.65063538275  779  317  316.627852358  2.25879543076  0.0194954858287
-1.65063538275  780  333  333.406104871  2.3166020156  0.0494965944634
-1.65063538275  780  350  350.324132815  2.33897916724  0.0607575021273
-1.65063538275  780  367  367.368752854  2.38542995872  0.0500134767679
-1.65063538275  781  385  384.547829701  2.37183548232  -0.00327129692086
-1.65063538275  781  402  401.933808441  2.56843910025  -0.0195920942739
-1.65063538275  781  419  419.46667475  2.57508053851  -0.0360837428077
-1.65063538275  781  437  437.176713959  2.74592901281  -0.0367907485594
-1.65063538275  781  455  455.045323465  2.81380013829  -0.0425942789828
-1.65063538275  781  473  473.104266424  2.86684162769  -0.0154255971171
-1.65063538275  782  491  491.318205198  2.89262789643  0.00918551494304
-1.65063538275  782  510  509.716130439  2.99878401881  0.0303141044875
-1.65063538275  782  528  528.298304026  3.08320258176  0.0552756738345
-1.65063538275  782  547  547.048223088  3.21887758076  0.0395919709393
-1.65063538275  782  566  566.019391018  3.31578500135  0.0234812113246
-1.65063538275  782  585  585.16491534  3.48138383122  0.00515183297183
-1.65063538275  781  605  604.508897859  3.65478730384  -0.0349098327331
-1.65063538275  781  624  624.047555012  3.78669418132  -0.0368625442833
-1.65063538275  781  644  643.754610578  3.89334878013  -0.0554099878219
-1.65063538275  781  664  663.654441491  4.00644279495  -0.0551225428776
-1.65063538275  781  684  683.771385307  4.14794358684  -0.0369905927034
-1.65063538275  780  704  704.064133112  4.26922053387  -0.0211494197434
-1.65063538275  780  725  725.841644408  0.198449068355  9.76612671117
-1.65063538275  780  745  745.202466425  4.6223824896  0.0221890308177
-1.65063538275  779  766  766.082386296  5.01667065773  0.0361170855435
-1.65063538275  779  787  787.183197832  5.4525569556  0.0393899751776
-1.65063538275  778  809  808.527817532  6.04812777045  0.036939848799
-1.65063538275  778  830  830.117153265  6.9471111641  0.033973489263
-1.65063538275  777  852  851.99918386  7.73121407226  0.0273819964103
-1.65063538275  776  874  874.137752255  8.53119374809  0.0145507572691
-1.65063538275  776  897  896.505244912  9.56150073133  -0.00536661916856
-1.65063538275  775  919  919.168005758  9.96214864279  0.00645750948007
-1.65063538275  774  942  942.020231119  10.4947003845  -0.000404602079708
-1.65063538275  773  965  965.167592236  10.9036889802  -0.00556389418999
-1.65063538275  772  988  988.529027922  11.3335623512  0.000866003546796
-1.65063538275  771  1012  1011.97053956  11.4924292957  -0.0265502677214
-1.47276538275  768  12  11.8187554916  1.85903809103  -0.00564914522855
-1.47276538275  768  26  25.7961114447  1.81924333071  -0.00434649016801
-1.47276538275  769  40  39.9296099923  1.85723742431  -0.00822586928807
-1.47276538275  770  54  54.2130899314  1.90248888166  0.0197109846321
-1.47276538275  770  69  68.5479031307  1.86135091639  0.0101239882219
-1.47276538275  771  83  83.0434712347  1.97279267586  -0.000431545079223
-1.47276538275  772  98  97.6502693925  1.94597238793  -0.00396748871317
-1.47276538275  772  112  112.428817977  1.88746782962  0.0338755904689
-1.47276538275  773  127  127.320064071  1.92220298454  0.037699855224
-1.47276538275  773  142  142.320725258  1.9161032908  0.0548518406629
-1.47276538275  774  157  157.460385428  1.87428201106  0.0386777642649
-1.47276538275  774  173  172.688239594  1.93559635713  -0.00115761090252
-1.47276538275  775  188  188.148194844  2.0210628015  0.0209297871449
-1.47276538275  775  204  203.638207586  1.98184287656  -0.0337392587775
-1.47276538275  776  219  219.380106915  2.06376687641  -0.0098487935307
-1.47276538275  776  235  235.205473264  2.18062249596  -0.0129411417443
-1.47276538275  777  251  251.201101089  2.22063465205  -0.0207665993778
-1.47276538275  777  267  267.329479021  2.23362835014  -0.00442524667523
-1.47276538275  778  284  283.603211308  2.22632391705  -0.0172093280506
-1.47276538275  778  300  300.05742743  2.31610620142  0.0182509867152
-1.47276538275  778  317  316.621067916  2.24830885629  0.028533129707
-1.47276538275  779  333  333.378279822  2.31621330573  0.0494702612608
-1.47276538275  779  350  350.2948802  2.36439546416  0.0586226191816
-1.47276538275  779  367  367.343615522  2.39080604776  0.0476157368727
-1.47276538275  780  385  384.540054578  2.35754540913  -0.010963011562
-1.47276538275  780  402  401.927398486  2.58760967387  -0.0206370517294
-1.47276538275  780  419  419.46202273  2.54919083814  -0.0358269611188
-1.47276538275  780  437  437.175669926  2.74117194273  -0.0296869759798
-1.47276538275  780  455  455.025675937  2.8223754044  -0.0427189649571
-1.47276538275  781  473  473.104351798  2.86589953116  -0.013747469502
-1.47276538275  781  491  491.309744713  2.89784885607  0.00400150367274
-1.47276538275  781  510  509.701381497  3.01769550056  0.0301914561535
-1.47276538275  781  528  528.28215195  3.09602220331  0.0492834011694
-1.47276538275  781  547  547.064000445  3.28006959674  0.0491555271627
-1.47276538275  781  566  566.01777677  3.33195900571  0.0244607849748
-1.47276538275  781  585  585.183063122  3.4860274634  0.00768405835659
-1.47276538275  781  605  604.495210011  3.66256865752  -0.0381263987834
-1.47276538275  780  624  624.048755417  3.81068047048  -0.0387379143552
-1.47276538275  780  644  643.760941708  3.91028928223  -0.0577966684538
-1.47276538275  780  664  663.654730009  4.01388426948  -0.0618235991085
-1.47276538275  780  684  683.775974663  4.10568115732  -0.0419599893054
-1.47276538275  779  704  704.088491835  4.286904081  -0.0162701450592
-1.47276538275  779  725  725.836456853  0.194199810288  9.72144174701
-1.47276538275  779  745  745.216064082  4.66877242475  0.0196542572387
-1.47276538275  778  766  766.111146808  5.01069201033  0.0359900054196
-1.47276538275  778  787  787.201660807  5.43715885105  0.0360233117
-1.47276538275  777  809  809.799274023  0.1903269491  10.4920207976
-1.47276538275  777  830  830.130359372  6.86138145262  0.0370585881973
-1.47276538275  776  852  852.015635393  7.72126002392  0.0263779467703
-1.47276538275  775  874  874.171567443  8.70993468224  0.0254817346102
-1.47276538275  775  897  896.52239548  9.44590584828  -0.00547767061134
-1.47276538275  774  919  919.215605849  10.009677133  0.00719287051404
-1.47276538275  773  942  942.083947019  10.6286799362  -0.00444995983426
-1.47276538275  772  965  965.200243296  11.1547817723  -0.00899766943354
-1.47276538275  771  988  988.566905466  11.6256478877  0.00443048688662
-1.47276538275  770  1012  1012.0422406  11.5037963015  -0.0242418543481
-1.29489538275  767  12  11.7923644806  1.78443675897  -0.000852437430448
-1.29489538275  767  26  25.7498278713  1.8282920882  0.0130094118872
-1.29489538275  768  40  39.8841885023  1.85966091512  -0.00415989644957
-1.29489538275  769  54  54.1621023016  1.91015451657  0.00452992707954
-1.29489538275  769  68  68.4916736681  1.86210646511  0.011427866959
-1.29489538275  770  83  82.9890152592  1.9383080297  -0.0073993410894
-1.29489538275  771  98  97.6383776752  1.92266626987  0.00127208696541
-1.29489538275  771  112  112.391688219  1.90672274596  0.034500031361
-1.29489538275  772  127  127.280828417  1.92142208713  0.0307871460327
-1.29489538275  772  142  142.280826834  1.95554748451  0.0587190672807
-1.29489538275  773  157  157.43039192  1.86468523154  0.0421800316216
-1.29489538275  773  173  172.668393914  1.96305079323  -0.0081880638366
-1.29489538275  774  188  188.107240945  2.01610325506  0.0111045561472
-1.29489538275  775  204  203.62628713  2.00258818922  -0.0294825039911
-1.29489538275  775  219  219.354548671  2.04835605786  -0.0062152437062
-1.29489538275  775  235  235.169362341  2.19411339452  -0.02673595914
-1.29489538275  776  251  251.160093054  2.22226809314  -0.0239170192255
-1.29489538275  776  267  267.318286689  2.23872992252  0.000344801342604
-1.29489538275  777  284  283.58793399  2.216954609  -0.0125186259685
-1.29489538275  777  300  300.031061485  2.33239680515  0.0148138794831
-1.29489538275  777  317  316.595196433  2.28505486686  0.0245932881779
-1.29489538275  778  333  333.377820581  2.3272725391  0.0543322155416
-1.29489538275  778  350  350.277263947  2.36066971059  0.0581765232718
-1.29489538275  778  367  367.329312748  2.37804482734  0.0515523532045
-1.29489538275  779  385  384.519923389  2.3664557246  -0.0029947448003
-1.29489538275  779  402  401.892311937  2.5660441322  -0.0242920242935
-1.29489538275  779  419  419.448472044  2.50857608191  -0.0323284343599
-1.29489538275  779  437  437.160800434  2.73191258267  -0.0317728243228
-1.29489538275  779  455  455.015179145  2.81689078444  -0.0455408508327
-1.29489538275  780  473  473.09485708  2.88680514122  -0.016058552262
-1.29489538275  780  491  491.313593204  2.91187824057  0.0125606572325
-1.29489538275  780  510  509.695766173  3.02814653285  0.0261520320219
-1.29489538275  780  528  528.281535805  3.0877893817  0.0471509170998
-1.29489538275  780  547  547.05469268  3.22839346521  0.0466131166301
-1.29489538275  780  566  566.020770636  3.34842077931  0.0257924067281
-1.29489538275  780  585  585.183575905  3.4819598865  0.00613349455383
-1.29489538275  780  605  604.51122659  3.62964858771  -0.033851298612
-1.29489538275  779  624  624.046364809  3.78200715809  -0.0356000503091
-1.29489538275  779  644  643.762414306  3.91038622912  -0.0553717820239
-1.29489538275  779  664  663.674817175  4.01885100691  -0.0601222534988
-1.29489538275  779  684  683.785472165  4.10984447763  -0.0383711925055
-1.29489538275  779  704  704.093806195  4.30394214262  -0.0211479641981
-1.29489538275  778  725  724.567773741  4.42645620078  -0.00205539702609
-1.29489538275  778  745  745.245345843  4.67095614452  0.0231854143701
-1.29489538275  777  766  766.136132796  4.97528763699  0.0329027918035
-1.29489538275  777  787  787.207719735  5.46764092714  0.0344562121932
-1.29489538275  776  809  808.583181828  5.9693219734  0.0395621711242
-1.29489538275  776  830  830.160157052  6.8857806318  0.0384720875822
-1.29489538275  775  852  852.044154292  7.70157105075  0.0257339101302
-1.29489538275  775  874  874.230178852  8.60084135571  0.023059690584
-1.29489538275  774  897  896.547479276  9.37484312133  -0.00289596842853
-1.29489538275  773  919  919.248906032  10.0729771118  0.0095159024348
-1.29489538275  772  942  942.089973716  10.6726833532  -0.00606505153778
-1.29489538275  771  965  965.259797617  11.1422485267  -0.00192671899281
-1.29489538275  770  988  988.63722245  11.5238037049  0.00231720604052
-1.29489538275  769  1012  1012.14910959  11.484815925  -0.016588577418
-1.11702538275  766  12  11.7423387882  1.78409992882  0.00104039485667
-1.11702538275  766  26  25.6934859059  1.80188736431  -0.0167882003894
-1.11702538275  767  40  39.8330776441  1.84928858171  -0.0132958276526
-1.11702538275  768  54  54.1141630329  1.91572468456  0.00609127793368
-1.11702538275  768  68  68.4529683377  1.87112775384  0.0112935365517
-1.11702538275  769  83  82.9402572349  1.9589776676  -0.0102979180457
-1.11702538275  770  98  97.6003428352  1.91422922849  0.00414627904279
-1.11702538275  770  112  112.349336995  1.91026372565  0.0348418574563
-1.11702538275  771  127  127.245324423  1.92598137957  0.0423599454511
-1.11702538275  771  142  142.246140498  1.97511553955  0.0329753957982
-1.11702538275  772  157  157.396103603  1.88374459383  0.0450157235447
-1.11702538275  773  173  172.661861155  1.88960097781  0.00589431397674
-1.11702538275  773  188  188.071600724  2.02398888026  0.0108925819351
-1.11702538275  774  204  203.623503831  1.98705612674  -0.0250887873833
-1.11702538275  774  219  219.339397366  2.0484499369  0.00110556060187
-1.11702538275  775  235  235.176433747  2.18420923282  -0.00957901599083
-1.11702538275  775  251  251.122545805  2.20728534397  -0.0282554923661
-1.11702538275  775  267  267.27769532  2.25825239888  -0.00105819751785
-1.11702538275  776  284  283.56627886  2.24058950143  -0.00960079464081
-1.11702538275  776  300  300.008438553  2.35243813366  0.0200801674448
-1.11702538275  777  317  316.601396101  2.27114294763  0.0291906154636
-1.11702538275  777  333  333.353174395  2.30653475171  0.0547357330791
-1.11702538275  777  350  350.263391138  2.36553655989  0.0554019249728
-1.11702538275  778  367  367.330859374  2.37395661453  0.04753515147
-1.11702538275  778  385  384.504517835  2.34853344917  -0.00640004431758
-1.11702538275  778  402  401.88317883  2.5552751658  -0.0245313771783
-1.11702538275  778  419  419.430371786  2.54601930666  -0.0303862116327
-1.11702538275  778  437  437.150610912  2.73086263005  -0.0345880119222
-1.11702538275  779  455  455.023073546  2.80390960004  -0.040140066235
-1.11702538275  779  473  473.092577848  2.87918925656  -0.0126916860771
-1.11702538275  779  491  491.307517768  2.94493197391  0.0155810724195
-1.11702538275  779  510  509.685283509  3.04960418693  0.0230027791978
-1.11702538275  779  528  528.27969728  3.05776939193  0.0569883050191
-1.11702538275  779  547  547.052316268  3.18336310696  0.0437820727627
-1.11702538275  779  566  566.030729639  3.33489406754  0.0233001550283
-1.11702538275  779  585  585.191996102  3.48214463845  0.0107818050785
-1.11702538275  779  605  604.530179984  3.58466068893  -0.0319251426962
-1.11702538275  779  624  624.047997495  3.77493664203  -0.0394533833873
-1.11702538275  778  644  643.784570336  3.89891835991  -0.0496603499822
-1.11702538275  778  664  663.688940968  4.02839043923  -0.0542695803599
-1.11702538275  778  684  683.80194944  4.13694740263  -0.0398556983697
-1.11702538275  778  704  704.122150651  4.35097619462  -0.0108236796618
-1.11702538275  777  725  724.59715547  4.4349341903  -2.85795019303e-05
-1.11702538275  777  745  745.274495701  4.62110091587  0.0242430240999
-1.11702538275  776  766  766.145761946  4.96306725725  0.0295910430572
-1.11702538275  776  787  787.265614874  5.46771063569  0.038935753796
-1.11702538275  775  809  808.583748944  6.06285092772  0.0407412657425
-1.11702538275  775  830  830.187057231  6.91815139494  0.0388113691505
-1.11702538275  774  852  852.090662412  7.76609597339  0.0277227694941
-1.11702538275  774  874  874.21154122  8.62665616963  0.0231911915664
-1.11702538275  773  897  896.5984038  9.29779984438  -0.00230271160187
-1.11702538275  772  919  919.286173656  10.0502573275  0.00745851039969
-1.11702538275  771  942  942.145574487  10.6038266371  -0.000209892513013
-1.11702538275  770  965  965.256852199  10.9389026061  -0.00671124031209
-1.11702538275  769  988  988.701027191  11.6677197462  0.0109489929082
-1.11702538275  768  1012  1012.17401047  11.4656879214  -0.0213271477319
-0.939155382747  765  12  11.6967233681  1.77142936583  0.00383248965917
-0.939155382747  766  26  25.6737427495  1.82903733323  -0.0125572121423
-0.939155382747  766  40  39.781827144  1.8555731881  -0.0115864463647
-0.939155382747  767  54  54.0467291235  1.9133927408  -0.0049455661309
-0.939155382747  767  68  68.4388010105  1.8862146277  0.0102461542754
-0.939155382747  768  83  82.8940976543  1.94246651436  -0.0144370254929
-0.939155382747  769  98  97.5550886437  1.89496014741  0.00106672929104
-0.939155382747  769  112  112.305557698  1.90439383402  0.0343688696584
-0.939155382747  770  127  127.195426127  1.94345328215  0.0298238863559
-0.939155382747  771  142  142.253976516  1.95305266206  0.0693114927138
-0.939155382747  771  157  157.354233281  1.90844470374  0.0437573102149
-0.939155382747  772  173  172.629894472  1.87698526657  0.0059390970246
-0.939155382747  772  188  188.040766375  2.0308465163  0.00670930965169
-0.939155382747  773  204  203.586315975  1.93427728314  -0.0221866212142
-0.939155382747  773  219  219.290215676  2.07407353198  -0.00360902880067
-0.939155382747  774  235  235.150943429  2.18384863143  -0.0201311668617
-0.939155382747  774  251  251.113594128  2.21973316014  -0.0229676700114
-0.939155382747  775  267  267.27253366  2.31453385283  0.00298714273975
-0.939155382747  775  284  283.534582099  2.23266201745  -0.00998505327555
-0.939155382747  775  300  299.973046559  2.3098897993  0.0142030426374
-0.939155382747  776  317  316.584147868  2.23642256286  0.0310852461897
-0.939155382747  776  333  333.338796817  2.32731435373  0.057034254809
-0.939155382747  776  350  350.238443203  2.36421853538  0.0543085402999
-0.939155382747  777  367  367.317386538  2.37990662888  0.0459207030143
-0.939155382747  777  385  384.497403323  2.37103862906  -0.00411099160504
-0.939155382747  777  402  401.881895971  2.57245377822  -0.0234617919768
-0.939155382747  777  419  419.41746437  2.58725473326  -0.0347565757455
-0.939155382747  778  437  437.153543435  2.72207620116  -0.0336289362316
-0.939155382747  778  455  455.006555559  2.79541557519  -0.0414239253405
-0.939155382747  778  473  473.077633634  2.89350290977  -0.0180286443413
-0.939155382747  778  491  491.291509606  2.91056022484  0.00757494565392
-0.939155382747  778  510  509.691738978  3.03588910388  0.0250449231289
-0.939155382747  778  528  528.290862289  3.078020144  0.0596959768272
-0.939155382747  778  547  547.047758401  3.18674625109  0.0417925632321
-0.939155382747  778  566  566.031202724  3.33508652052  0.0284836480642
-0.939155382747  778  585  585.190339795  3.4927146097  0.0115947960725
-0.939155382747  778  605  604.529532509  3.60722983006  -0.0307719879991
-0.939155382747  778  624  624.080781816  3.78685415256  -0.0329334862446
-0.939155382747  777  644  643.79720652  3.89779731862  -0.0485856436662
-0.939155382747  777  664  663.721909547  4.00885552697  -0.0482901086537
-0.939155382747  777  684  683.82973048  4.13368411576  -0.0403185074074
-0.939155382747  777  704  704.124072619  4.36341186087  -0.0146007465551
-0.939155382747  776  725  724.632926121  4.45594641903  0.00110413412103
-0.939155382747  776  745  745.288520434  4.6152711811  0.0203070033784
-0.939155382747  776  766  766.14301532  4.95588107752  0.0358071100097
-0.939155382747  775  787  787.274184026  5.43066624312  0.040145709279
-0.939155382747  775  809  808.617445278  6.02540052341  0.0377515213695
-0.939155382747  774  830  830.192794955  6.87782394989  0.0358475274457
-0.939155382747  773  852  852.089748856  7.73192333429  0.0303124227536
-0.939155382747  773  874  874.258137379  8.68032252652  0.0225029244266
-0.939155382747  772  897  896.636635639  9.36986080508  -0.00173195915678
-0.939155382747  771  919  919.332719737  10.0749470796  0.010040764141
-0.939155382747  770  942  942.203598393  10.5064107953  -0.0055058101217
-0.939155382747  769  965  965.272533277  11.0591091034  -0.0034823837383
-0.939155382747  768  988  988.712280126  11.5599361133  0.00527480511088
-0.939155382747  767  1012  1012.13192581  11.5875820254  -0.0238975014087
-0.761285382747  764  12  11.6447494009  1.76636765782  0.00391818358151
-0.761285382747  765  26  25.6437138886  1.79427596491  -0.0093331486495
-0.761285382747  765  40  39.7270665207  1.83542825793  -0.0191091445263
-0.761285382747  766  54  53.9960066864  1.89725235657  -0.00804738475723
-0.761285382747  767  68  68.4061173461  1.85159303115  0.0117387552496
-0.761285382747  767  83  82.8421787762  1.91706287852  -0.0139884972035
-0.761285382747  768  98  97.5156278912  1.91353719117  0.00327882160842
-0.761285382747  768  112  112.282858247  1.94785442187  0.0349787416005
-0.761285382747  769  127  127.15827474  1.93264786413  0.0318870850498
-0.761285382747  770  142  142.19937082  1.95549889094  0.0563513691737
-0.761285382747  770  157  157.313440753  1.93330307834  0.0389483532576
-0.761285382747  771  173  172.59371805  1.87963805687  0.00219167493014
-0.761285382747  771  188  187.988128553  2.02782977085  -0.00209361787536
-0.761285382747  772  204  203.55688025  1.96184454007  -0.0196093534432
-0.761285382747  772  219  219.257308193  2.09431111657  -0.0103060821088
-0.761285382747  773  235  235.098900463  2.17285598164  -0.0311124050323
-0.761285382747  773  251  251.069971182  2.198133913  -0.0299852991932
-0.761285382747  774  267  267.245836949  2.27093971101  -0.00677110845092
-0.761285382747  774  284  283.513500943  2.22723049026  -0.00581530332254
-0.761285382747  774  300  299.957366769  2.3221407505  0.0167818543978
-0.761285382747  775  317  316.56161724  2.22728426185  0.0330716344379
-0.761285382747  775  333  333.321028314  2.31598374664  0.0603730066807
-0.761285382747  775  350  350.218607632  2.38639332921  0.0580246709834
-0.761285382747  776  367  367.298414447  2.41326267215  0.0420980038893
-0.761285382747  776  384  384.497356313  2.33061104194  0.0146865784863
-0.761285382747  776  402  401.856903802  2.55419829548  -0.0252697479707
-0.761285382747  776  419  419.409853261  2.55541439037  -0.0298231158074
-0.761285382747  777  437  437.138024829  2.72852829138  -0.0371440832691
-0.761285382747  777  455  455.014597332  2.78000820641  -0.0385702303895
-0.761285382747  777  473  473.075034055  2.87565414793  -0.013756643894
-0.761285382747  777  491  491.298402015  2.9264692979  0.0159887093656
-0.761285382747  777  510  509.664704618  3.03581367138  0.0160942770744
-0.761285382747  777  528  528.286211346  3.06886883987  0.0588088379821
-0.761285382747  777  547  547.046621306  3.21179935251  0.0425713905914
-0.761285382747  777  566  566.037243769  3.31464711608  0.027261860536
-0.761285382747  777  585  585.193476244  3.50000002683  0.00846319846835
-0.761285382747  777  605  604.531974677  3.61785833958  -0.0280244120766
-0.761285382747  777  624  624.090133495  3.78673996067  -0.0332595818257
-0.761285382747  777  644  643.78615137  3.87791916139  -0.0542425318877
-0.761285382747  776  664  663.728835294  4.01473526297  -0.0480179553808
-0.761285382747  776  684  683.840026769  4.15800963873  -0.0358792645995
-0.761285382747  776  704  704.140729718  4.28372621427  -0.0150560912474
-0.761285382747  775  725  724.635625685  4.4288023093  0.00347999491162
-0.761285382747  775  745  745.305259872  4.58503173435  0.0245550651724
-0.761285382747  775  766  766.167725064  4.94953669  0.0349949159334
-0.761285382747  774  787  787.302599131  5.48600715382  0.0393472416307
-0.761285382747  774  809  808.636080109  6.04611121327  0.0388647303373
-0.761285382747  773  830  830.263979557  6.87576538341  0.0392608913492
-0.761285382747  772  852  852.154443506  7.60869849768  0.0274781519367
-0.761285382747  772  874  874.284863533  8.67613437762  0.0253487697155
-0.761285382747  771  897  896.687135637  9.32222337129  0.0017668103869
-0.761285382747  770  919  919.383114461  9.98702451365  0.0093377422611
-0.761285382747  769  942  942.253202942  10.6278490381  0.00135143920357
-0.761285382747  769  965  965.402290352  10.9237297389  -0.00465226758368
-0.761285382747  768  988  988.758401547  11.5847768128  0.00767253792115
-0.761285382747  766  1012  1012.20599224  11.6054960199  -0.0239060248572
-0.583415382747  763  12  11.5990092244  1.76377109193  0.016359437372
-0.583415382747  764  26  25.5928092495  1.80754533339  -0.000580813128463
-0.583415382747  764  40  39.682742228  1.8455010854  -0.0104131214043
-0.583415382747  765  54  53.9505905061  1.90329161424  -0.00979557602088
-0.583415382747  766  68  68.358757142  1.88280228253  0.00835738945072
-0.583415382747  766  83  82.7941680919  1.91064220993  -0.0169483455304
-0.583415382747  767  97  97.4723024182  1.93125833604  0.00748857041196
-0.583415382747  768  112  112.268362598  1.92216431411  0.0443385987473
-0.583415382747  768  127  127.101746019  1.97304528653  0.0249755346927
-0.583415382747  769  142  142.152297301  1.97482166441  0.0457854296568
-0.583415382747  769  157  157.279596232  1.91324568579  0.0366982991409
-0.583415382747  770  173  172.561623322  1.86105802799  0.00706958157067
-0.583415382747  770  188  187.964106727  2.02332757524  0.00258010683981
-0.583415382747  771  204  203.529416132  1.96564693533  -0.00917233522394
-0.583415382747  771  219  219.222752326  2.10977405873  -0.00705894168554
-0.583415382747  772  235  235.080828806  2.19127031877  -0.0260652746045
-0.583415382747  772  251  251.036025201  2.1946283365  -0.041838577881
-0.583415382747  773  267  267.22331507  2.26682938898  -0.00542927021739
-0.583415382747  773  283  283.496947452  2.22026445523  0.00192979191768
-0.583415382747  773  300  299.944421562  2.39402001079  0.0117263370078
-0.583415382747  774  317  316.529182742  2.24622023191  0.0258871397646
-0.583415382747  774  333  333.309838501  2.32927687539  0.0535659086547
-0.583415382747  774  350  350.20465128  2.40653722582  0.0609603395442
-0.583415382747  775  367  367.272010697  2.42185972884  0.0392663685352
-0.583415382747  775  384  384.485718191  2.34207612935  0.025380988961
-0.583415382747  775  402  401.856355549  2.57653458447  -0.0231628292623
-0.583415382747  775  419  419.406395385  2.56203059928  -0.0323008724283
-0.583415382747  776  437  437.128523909  2.71440138868  -0.040016510425
-0.583415382747  776  455  454.991175902  2.81718461325  -0.040966942701
-0.583415382747  776  473  473.062803957  2.89032793691  -0.0201467927494
-0.583415382747  776  491  491.292305885  2.93735302996  0.0199334671134
-0.583415382747  776  510  509.682804408  3.02657969516  0.0233256523279
-0.583415382747  776  528  528.29092764  3.05830134526  0.0571405441993
-0.583415382747  776  547  547.062022417  3.21010741416  0.0447627387529
-0.583415382747  776  566  566.038950768  3.30755926536  0.0289275920314
-0.583415382747  776  585  585.201145173  3.48791735404  0.00710845716833
-0.583415382747  776  605  604.536764898  3.5911466191  -0.0314864124223
-0.583415382747  776  624  624.07836347  3.78693248463  -0.035986407864
-0.583415382747  776  644  643.805756935  3.91698847486  -0.0520953360954
-0.583415382747  775  664  663.73437419  4.01604116139  -0.0498986532828
-0.583415382747  775  684  683.859168302  4.13389730917  -0.0382782591815
-0.583415382747  775  704  704.170633326  4.2544615815  -0.0114119964422
-0.583415382747  775  725  724.624512618  4.4361588029  -0.0061503048337
-0.583415382747  774  745  745.330893948  4.58405011791  0.0213909008517
-0.583415382747  774  766  766.197754412  4.96566012476  0.038666311706
-0.583415382747  773  787  787.349708789  5.50185645558  0.0454003265433
-0.583415382747  773  809  808.666070662  6.0054491722  0.0385723813171
-0.583415382747  772  830  830.304156566  6.86007212728  0.0374354617136
-0.583415382747  772  852  852.112486348  7.63565094502  0.0313063100027
-0.583415382747  771  874  874.301756544  8.65767360591  0.025229729292
-0.583415382747  770  897  896.718892644  9.35075684733  0.00117340354994
-0.583415382747  769  919  919.424025005  10.0635144499  0.0134137737396
-0.583415382747  768  942  942.298746674  10.5387962593  -0.000546178583212
-0.583415382747  768  965  965.420509755  10.8149231654  9.63811758448e-05
-0.583415382747  767  988  988.849214337  11.656661114  0.00567793693589
-0.583415382747  766  1012  1012.20680766  11.5679048423  -0.0219912265218
-0.405545382747  762  12  11.5473099987  1.78267466072  0.00673747942018
-0.405545382747  763  26  25.5541863663  1.79270818504  0.00598840626574
-0.405545382747  763  40  39.6526236011  1.88866190258  -0.0204479634414
-0.405545382747  764  54  53.8960912059  1.90859357101  -0.0108921812717
-0.405545382747  765  68  68.3155777246  1.89514916196  0.00637649972325
-0.405545382747  765  83  82.7509874939  1.89107080804  -0.025006312518
-0.405545382747  766  97  97.4321665344  1.91251745356  0.0215730097564
-0.405545382747  767  112  112.22019429  1.92566286046  0.0330679933155
-0.405545382747  767  127  127.054896209  1.95262495135  0.0162150694845
-0.405545382747  768  142  142.112586345  1.97523225477  0.036220160482
-0.405545382747  768  157  157.245303992  1.93478246673  0.0401729774265
-0.405545382747  769  173  172.520808248  1.8417222895  0.0169328434625
-0.405545382747  769  188  187.912515189  2.0016939139  -0.0180825665214
-0.405545382747  770  204  203.499119272  1.96934523287  -0.0085211645058
-0.405545382747  770  219  219.193945973  2.0922118284  -0.00485648975611
-0.405545382747  771  235  235.035026516  2.17344321934  -0.0325558697417
-0.405545382747  771  251  251.011706611  2.20649104399  -0.0389036594961
-0.405545382747  772  267  267.186543285  2.26629565356  -0.01155021885
-0.405545382747  772  283  283.477543791  2.22767558213  0.00632125375246
-0.405545382747  773  300  299.920530185  2.33880043597  0.00644088024849
-0.405545382747  773  317  316.518661377  2.21569807713  0.0296845265444
-0.405545382747  773  333  333.274284767  2.33884308836  0.0520015238546
-0.405545382747  774  350  350.202107079  2.40494493532  0.0566201019141
-0.405545382747  774  367  367.2518102  2.41599848812  0.0402624355341
-0.405545382747  774  384  384.46584141  2.33524512452  0.0196999940253
-0.405545382747  774  402  401.825434523  2.56696874937  -0.0305696589058
-0.405545382747  775  419  419.396221964  2.54497735779  -0.0268172139643
-0.405545382747  775  437  437.116690049  2.72774837765  -0.0388652633237
-0.405545382747  775  455  454.99467137  2.82124441751  -0.0354249767435
-0.405545382747  775  473  473.053208575  2.88867915271  -0.0178766311246
-0.405545382747  775  491  491.273566618  2.95068039375  0.0154121996763
-0.405545382747  775  510  509.6792841  2.99253092524  0.0265368446153
-0.405545382747  775  528  528.292583234  3.06878295567  0.0592699966833
-0.405545382747  775  547  547.061930019  3.20944557191  0.0459670560471
-0.405545382747  775  566  566.033588951  3.33046390575  0.0293928740161
-0.405545382747  775  585  585.203766376  3.47930007651  0.0108523281631
-0.405545382747  775  605  604.54973884  3.58033655677  -0.0313212012047
-0.405545382747  775  624  624.075757874  3.75658311968  -0.0413943678799
-0.405545382747  775  644  643.823964059  3.92753601456  -0.0510531035368
-0.405545382747  775  664  663.737862504  4.03391332197  -0.0548345343285
-0.405545382747  774  684  683.870160349  4.09810488049  -0.0369978498398
-0.405545382747  774  704  704.184078131  4.26238179944  -0.0114957968376
-0.405545382747  774  725  724.670949134  4.41241350873  0.0020012464737
-0.405545382747  773  745  745.36511826  4.58748833121  0.0259013790467
-0.405545382747  773  766  766.224664379  4.97731607894  0.0383830787146
-0.405545382747  772  787  787.360063178  5.47282833334  0.0407941519764
-0.405545382747  772  809  808.689515445  5.99959882634  0.0395971483844
-0.405545382747  771  830  830.326691548  6.80249679824  0.0393939615629
-0.405545382747  771  852  852.167103767  7.70527302735  0.0300683755836
-0.405545382747  770  874  874.348423205  8.68790133264  0.0250755565062
-0.405545382747  769  897  896.739429782  9.35307636899  0.00329148409435
-0.405545382747  768  919  919.448830115  9.9448947882  0.00797680291601
-0.405545382747  768  942  942.253972255  10.5640148194  -1.11025204719e-05
-0.405545382747  767  965  965.444421795  11.4988476263  -0.00141340838933
-0.405545382747  766  989  988.720688648  11.1369901251  -0.0223043202905
-0.405545382747  765  1012  1012.25838651  11.3121155802  -0.0219104761853
-0.227675382747  761  11  11.495264351  1.77776485413  0.0111131895533
-0.227675382747  762  26  25.5088522381  1.82545704611  0.0119895287855
-0.227675382747  763  40  39.6528033958  1.86539654873  0.0378800111404
-0.227675382747  763  54  53.8488236732  1.89563006226  -0.0116309028002
-0.227675382747  764  68  68.2674747076  1.92603599973  0.0102484225166
-0.227675382747  765  83  82.7165425012  1.938428054  -0.0188206397038
-0.227675382747  765  97  97.3848978983  1.92150503952  0.0106115796708
-0.227675382747  766  112  112.163964959  1.94288246498  0.0269660544077
-0.227675382747  766  127  127.005217944  1.95918490022  0.0117690359593
-0.227675382747  767  142  142.050672878  1.98590991469  0.0267593856282
-0.227675382747  767  157  157.227360191  1.99361742867  0.0375298519087
-0.227675382747  768  172  172.49397426  1.86760996857  0.0352373537548
-0.227675382747  769  188  187.91997146  2.00933610691  0.0116381496873
-0.227675382747  769  203  203.46917592  1.95387474514  0.0024822116558
-0.227675382747  770  219  219.182636439  2.12748421438  -0.0021999063352
-0.227675382747  770  235  235.000772441  2.19079413873  -0.0376001274023
-0.227675382747  770  251  250.983933926  2.20051198487  -0.0380639585122
-0.227675382747  771  267  267.158363343  2.2771586793  -0.0102894302753
-0.227675382747  771  283  283.449846702  2.2436401395  0.004616336937
-0.227675382747  772  300  299.903871075  2.33211454973  0.0120102434839
-0.227675382747  772  317  316.501254843  2.23010648833  0.0401998482317
-0.227675382747  772  333  333.25126262  2.35565174679  0.0549667819318
-0.227675382747  773  350  350.184507183  2.39665649942  0.0583621753149
-0.227675382747  773  367  367.236829845  2.42428452577  0.0386576496463
-0.227675382747  773  384  384.454665416  2.33588290469  0.0147058456167
-0.227675382747  773  402  401.807828014  2.55952473717  -0.0332097908722
-0.227675382747  774  419  419.389892367  2.56088301165  -0.0250800374204
-0.227675382747  774  437  437.094165078  2.7227800907  -0.0434148586622
-0.227675382747  774  455  454.962977814  2.78573312229  -0.0465043813397
-0.227675382747  774  473  473.03744616  2.90367159326  -0.0213652256986
-0.227675382747  774  491  491.266725225  2.91861980463  0.0132218002054
-0.227675382747  774  510  509.673160659  3.04468560555  0.0239645152314
-0.227675382747  774  528  528.29340037  3.08076606504  0.0543791028026
-0.227675382747  774  547  547.058158569  3.25812603287  0.0426295962899
-0.227675382747  774  566  566.038454341  3.32547342052  0.0251841847336
-0.227675382747  774  585  585.213543021  3.4890503133  0.00661060135252
-0.227675382747  774  605  604.542938909  3.5849498498  -0.0329187206784
-0.227675382747  774  624  624.092751582  3.79343991832  -0.0395072610135
-0.227675382747  774  644  643.844600321  3.92687568426  -0.0483680284794
-0.227675382747  774  664  663.748582311  4.03048795651  -0.0490172698216
-0.227675382747  773  684  683.880706682  4.12008778332  -0.034204573186
-0.227675382747  773  704  704.178253881  4.23210960117  -0.0170107887349
-0.227675382747  773  725  724.686773031  4.44129998891  0.00215824669665
-0.227675382747  772  745  745.364809948  4.60920369753  0.0241133374101
-0.227675382747  772  766  766.241156672  4.96044619807  0.0363931216607
-0.227675382747  771  787  787.366446662  5.5055525633  0.0438158294431
-0.227675382747  771  809  808.712824922  6.0062739831  0.0419096974407
-0.227675382747  770  830  830.328737241  6.77572923152  0.0364613618274
-0.227675382747  770  852  852.221766699  7.6467298922  0.0354611559281
-0.227675382747  769  874  874.372170815  8.63938373438  0.0267831327566
-0.227675382747  768  897  896.750498145  9.2939291959  -0.000676330364308
-0.227675382747  768  919  919.480619797  10.0109706247  0.0132188234705
-0.227675382747  767  942  942.320385113  10.7208883621  -0.00246161907224
-0.227675382747  766  965  965.475143881  11.3096199855  0.00216548907975
-0.227675382747  765  989  988.737399939  11.232356124  -0.0267253271073
-0.227675382747  764  1012  1012.295295  11.2594228344  -0.0176667760653
-0.0498053827468  760  11  11.4504805617  1.7985701597  0.0185508856579
-0.0498053827468  761  25  25.4565997648  1.83035223067  0.0195444730347
-0.0498053827468  762  40  39.5960433609  1.82900405508  0.00360825001354
-0.0498053827468  762  54  53.7923110347  1.89783194493  -0.0223101233808
-0.0498053827468  763  68  68.2181103149  1.92349656375  0.00730239913698
-0.0498053827468  764  83  82.7050504051  1.88265528627  -0.0105932928513
-0.0498053827468  764  97  97.3353120644  1.93763846243  0.0114960532209
-0.0498053827468  765  112  112.126551222  1.94432381008  0.0308499272961
-0.0498053827468  765  127  126.95851595  1.95956365958  -0.00171593874626
-0.0498053827468  766  142  142.016324114  1.96871976545  0.0268606022723
-0.0498053827468  767  157  157.200057509  1.95387449693  0.0499025484011
-0.0498053827468  767  172  172.459831613  1.89730715609  0.0373936984715
-0.0498053827468  768  188  187.874064685  2.01446247523  -0.0112879914498
-0.0498053827468  768  203  203.438137408  1.9845828616  0.00284905873917
-0.0498053827468  769  219  219.160341395  2.1132286241  -0.0123427726636
-0.0498053827468  769  235  234.963501909  2.18457029818  -0.0423815411652
-0.0498053827468  770  251  250.983455748  2.20296622958  -0.0297363966624
-0.0498053827468  770  267  267.128714639  2.2650631727  -0.0183276396107
-0.0498053827468  770  283  283.425571507  2.24521268736  0.00362030737684
-0.0498053827468  771  300  299.854159453  2.34825347491  -0.00375314525237
-0.0498053827468  771  316  316.474222296  2.2360212607  0.0455466599489
-0.0498053827468  771  333  333.225769285  2.36220489055  0.0465423286856
-0.0498053827468  772  350  350.167761165  2.40279325123  0.0641764443232
-0.0498053827468  772  367  367.22159462  2.42632156199  0.0433315635552
-0.0498053827468  772  384  384.442359613  2.34695534809  0.0122926673303
-0.0498053827468  773  402  401.807814206  2.5605129378  -0.0301126472416
-0.0498053827468  773  419  419.374004224  2.57362831269  -0.0259541443338
-0.0498053827468  773  437  437.095153242  2.71861261398  -0.0401591398352
-0.0498053827468  773  455  454.955260647  2.79307863694  -0.044262723741
-0.0498053827468  773  473  473.004281741  2.89516964574  -0.0313472376914
-0.0498053827468  773  491  491.272314588  2.93734895043  0.0147894317579
-0.0498053827468  773  510  509.668381374  3.0344081728  0.0275856917279
-0.0498053827468  773  528  528.291496328  3.10950356457  0.0561872216317
-0.0498053827468  773  547  547.062741985  3.22758599157  0.0441831228928
-0.0498053827468  773  566  566.045441641  3.30796950781  0.0307749290343
-0.0498053827468  773  585  585.20230594  3.50995104184  0.00849219603915
-0.0498053827468  773  605  604.557932729  3.6129706645  -0.0316760008406
-0.0498053827468  773  624  624.095386896  3.79989270385  -0.0357815591387
-0.0498053827468  773  644  643.846836101  3.89752219114  -0.0488215336
-0.0498053827468  773  664  663.775417406  4.02709743564  -0.0492857031585
-0.0498053827468  772  684  683.89632249  4.09856308331  -0.0393325047027
-0.0498053827468  772  704  704.191591713  4.24624639554  -0.0153240722308
-0.0498053827468  772  725  724.674994049  4.4831501395  -0.00251339776378
-0.0498053827468  771  745  745.391085577  4.63860498235  0.026622527368
-0.0498053827468  771  766  766.259964145  4.96587358512  0.0378597327715
-0.0498053827468  771  787  787.401400166  5.50325372955  0.0370212278144
-0.0498053827468  770  809  808.743281487  5.98632197281  0.0410332773963
-0.0498053827468  769  830  830.367871348  6.82506823816  0.0435692293412
-0.0498053827468  769  852  852.264076133  7.6209589391  0.034417543749
-0.0498053827468  768  874  874.434183842  8.58216380334  0.0274486860969
-0.0498053827468  767  897  896.791337295  9.44914392629  0.00602194503029
-0.0498053827468  767  919  919.493859523  10.0050966486  0.0107319099533
-0.0498053827468  766  942  942.380079787  10.5609344487  0.00473678204831
-0.0498053827468  765  965  965.550239439  11.2896882519  0.00161312530962
-0.0498053827468  764  989  988.789682217  11.118698116  -0.0183939149123
-0.0498053827468  763  1012  1012.39436732  11.1455945497  -0.0155776470636
0.128064617253  759  11  11.3894004094  1.81364879053  0.0175808473025
0.128064617253  760  25  25.4016815485  1.83355199405  0.00237411818962
0.128064617253  761  40  39.5545887072  1.84143732252  0.0120407708106
0.128064617253  761  54  53.7437248079  1.88727688083  -0.0143152240055
0.128064617253  762  68  68.1644707636  1.9333787815  0.000695240902479
0.128064617253  763  83  82.6619577459  1.87001454452  -0.00556927334496
0.128064617253  763  97  97.2883326641  1.93643438962  0.0148683654352
0.128064617253  764  112  112.070341147  1.96942997072  0.0226663272883
0.128064617253  765  127  126.940102742  2.00528841563  0.00794905190296
0.128064617253  765  142  141.969169749  1.97155330672  0.0191891577352
0.128064617253  766  157  157.155198529  2.00778135866  0.0292650219723
0.128064617253  766  172  172.427629713  1.90552606042  0.0378856369421
0.128064617253  767  188  187.838001342  2.02146645569  -0.0108218021203
0.128064617253  767  203  203.395608113  1.97704418728  -0.00228185871565
0.128064617253  768  219  219.137330721  2.1339392665  -0.0122093897232
0.128064617253  768  235  234.933916622  2.1738435352  -0.048722108776
0.128064617253  769  251  250.949123164  2.1942267283  -0.0376967290061
0.128064617253  769  267  267.096030388  2.27374083543  -0.0194676602291
0.128064617253  769  283  283.392692385  2.26224864694  0.00759526546819
0.128064617253  770  300  299.841338091  2.32376375191  0.00101179653742
0.128064617253  770  316  316.448672636  2.24997424523  0.0468858268413
0.128064617253  771  333  333.233278432  2.36411400531  0.0638591601641
0.128064617253  771  350  350.140217891  2.41278921481  0.0523087372288
0.128064617253  771  367  367.189253779  2.41501596163  0.0388058720554
0.128064617253  771  384  384.430062931  2.37482803865  0.0250327006178
0.128064617253  772  402  401.789183584  2.5514448265  -0.0350414940529
0.128064617253  772  419  419.362388956  2.55807880513  -0.0333783999638
0.128064617253  772  437  437.106295519  2.75639987895  -0.0353529741314
0.128064617253  772  455  454.966388279  2.78445539562  -0.0387510946904
0.128064617253  772  473  473.004690878  2.88464844129  -0.0248306286748
0.128064617253  772  491  491.268263358  2.95340578121  0.0168330521255
0.128064617253  772  510  509.642774613  3.02665777832  0.0170868691712
0.128064617253  773  528  528.291487594  3.10934503886  0.0565039030233
0.128064617253  773  547  547.062741985  3.22758599157  0.0441831228928
0.128064617253  772  566  566.039535327  3.32728996597  0.0296907484376
0.128064617253  772  585  585.203463823  3.49006214683  0.00506312978303
0.128064617253  772  605  604.570717429  3.58438843883  -0.0267586335488
0.128064617253  772  624  624.097752169  3.7947104933  -0.0402881534722
0.128064617253  772  644  643.857758065  3.88859863695  -0.0479697729853
0.128064617253  772  664  663.77922751  4.03486357125  -0.0506138828386
0.128064617253  772  684  683.893204839  4.09304097463  -0.0334882591583
0.128064617253  771  704  704.221704597  4.22893729852  -0.0128156825023
0.128064617253  771  725  724.721490605  4.44424072441  0.000416223494198
0.128064617253  771  745  745.414448545  4.67287640534  0.0218772387993
0.128064617253  770  766  766.302154527  4.95758545865  0.0402735850502
0.128064617253  770  787  787.401484444  5.47200034672  0.0415872052642
0.128064617253  769  809  808.766729517  6.02082598178  0.0371064146015
0.128064617253  769  830  830.398804455  6.84392195319  0.0406355295097
0.128064617253  768  852  852.256606085  7.64684135716  0.0335440007792
0.128064617253  767  874  874.445285847  8.57723922792  0.0290241319099
0.128064617253  766  897  896.837094917  9.44870500315  0.00448849119089
0.128064617253  766  919  919.541930563  9.86531218211  0.0164045476331
0.128064617253  765  942  942.441468705  10.506062548  0.00120568735663
0.128064617253  764  965  965.629407299  11.2343197028  0.00656053993328
0.128064617253  763  989  988.825256162  11.1952595076  -0.0196761467711
0.128064617253  762  1012  1012.36124148  11.10107091  -0.0174512113799
0.305934617253  758  11  11.324410376  1.869437429  -0.0170265802546
0.305934617253  759  25  25.3444725264  1.83454802875  0.00141927882943
0.305934617253  760  40  39.5035149676  1.8420478351  0.00712543673817
0.305934617253  760  54  53.7113144433  1.93848526515  -0.0150331366139
0.305934617253  761  68  68.1114025257  1.92813367565  0.00100270028303
0.305934617253  762  83  82.61339359  1.86362134013  -0.0152758106475
0.305934617253  762  97  97.2454862298  1.94342448652  0.00967267262941
0.305934617253  763  112  112.010337686  1.97681788606  0.0141713664834
0.305934617253  764  127  126.916393977  1.9405810252  0.00769900630411
0.305934617253  764  142  141.918016005  2.0103400992  0.00859425539999
0.305934617253  765  157  157.10634953  1.99751474739  0.027802109334
0.305934617253  765  172  172.394531991  1.9256240903  0.0389206896366
0.305934617253  766  188  187.797664751  2.00212560953  -0.00772276710083
0.305934617253  766  203  203.37391522  1.97973872993  0.00722933887128
0.305934617253  767  219  219.06579227  2.12999005842  -0.0283549819692
0.305934617253  767  235  234.889994779  2.15727742265  -0.0504459620672
0.305934617253  768  251  250.908939092  2.189746312  -0.0466934560743
0.305934617253  768  267  267.065131381  2.28385525092  -0.0218793760355
0.305934617253  769  283  283.391619151  2.26030058334  0.016752208816
0.305934617253  769  300  299.802248349  2.31794150327  -0.00218393643369
0.305934617253  769  316  316.441631685  2.24637025466  0.0551039825851
0.305934617253  770  333  333.212192753  2.36900885751  0.054451488672
0.305934617253  770  350  350.123174439  2.41121158127  0.0514061820737
0.305934617253  770  367  367.171342361  2.43773271569  0.0365721313813
0.305934617253  770  384  384.404779116  2.38836615067  0.0180147610539
0.305934617253  771  402  401.768742777  2.53133349745  -0.0327763296654
0.305934617253  771  419  419.365829193  2.5592546377  -0.0213269613906
0.305934617253  771  437  437.088105016  2.72441342026  -0.0398463581492
0.305934617253  771  455  454.951238552  2.79105030395  -0.042421422004
0.305934617253  771  473  473.016294104  2.87553709175  -0.0197916463484
0.305934617253  771  491  491.266911085  2.96757558613  0.009140569768
0.305934617253  772  510  509.642774613  3.02665777832  0.0170868691712
0.305934617253  772  528  528.275491045  3.08322257937  0.0516127496871
0.305934617253  772  547  547.043270963  3.2064978449  0.0393726344527
0.305934617253  772  566  566.03952661  3.32741876473  0.0298296418946
0.305934617253  772  585  585.184721402  3.48176409617  0.00368505632001
0.305934617253  771  605  604.56497941  3.58419237386  -0.0263388848275
0.305934617253  771  624  624.113202859  3.79990311003  -0.0392731482007
0.305934617253  771  644  643.867003572  3.93763128805  -0.048313741846
0.305934617253  771  664  663.76332898  3.98915123124  -0.0540000881127
0.305934617253  771  684  683.909477101  4.1285743676  -0.0349596185367
0.305934617253  770  704  704.233965415  4.29977954489  -0.01392007203
0.305934617253  770  725  724.735157134  4.45356269837  0.00205606734756
0.305934617253  770  745  745.407630519  4.64553018609  0.0237961177712
0.305934617253  769  766  766.300312339  4.97033032706  0.0379463101776
0.305934617253  769  787  787.433494372  5.49054591902  0.0433568859491
0.305934617253  768  809  808.797689394  5.98681597121  0.0367823030026
0.305934617253  768  830  830.391600619  6.90163841691  0.0451158745292
0.305934617253  767  852  852.298449399  7.65709360776  0.0334373393214
0.305934617253  766  874  874.467032291  8.54451359294  0.0278489906899
0.305934617253  766  897  896.865301879  9.40765150568  0.00824059599698
0.305934617253  765  919  919.532622367  10.1222074088  0.0124575995576
0.305934617253  764  942  942.470049027  10.4802402886  0.00295313812956
0.305934617253  763  965  965.657239532  11.2660740023  0.00795027707791
0.305934617253  762  989  988.849146811  11.1720351657  -0.019497001085
0.305934617253  761  1012  1012.49452391  10.9857059151  -0.00922204654501
0.483804617253  758  11  11.319250249  1.89445991256  0.0282779244083
0.483804617253  758  25  25.2888567009  1.86062053135  -0.000702424627276
0.483804617253  759  39  39.4476125051  1.87676749632  0.0148378471667
0.483804617253  760  54  53.7001594938  1.88108708851  0.0200397145351
0.483804617253  760  68  68.0567061961  1.920361334  -0.00391014619744
0.483804617253  761  83  82.5731932863  1.86543938998  -0.007873774755
0.483804617253  761  97  97.2262297823  1.98320745157  0.0174496801451
0.483804617253  762  112  111.972082878  1.9644110898  0.0172414087488
0.483804617253  763  127  126.856432719  1.96147557905  -0.00622897417932
0.483804617253  763  142  141.876197842  1.9876803298  0.00929358917408
0.483804617253  764  157  157.058355349  1.98492250248  0.0149608685495
0.483804617253  764  172  172.358298875  1.92389188194  0.048807926583
0.483804617253  765  188  187.753551405  1.98486760435  -0.0180093529006
0.483804617253  765  203  203.333075444  2.00006708196  0.00372946811464
0.483804617253  766  219  219.024746697  2.15531220521  -0.0624730895966
0.483804617253  766  235  234.860040185  2.13992275731  -0.0507721262224
0.483804617253  767  251  250.873880509  2.18491327045  -0.0463102934889
0.483804617253  767  267  267.026143895  2.27077027277  -0.026064679491
0.483804617253  768  283  283.371687526  2.25049091079  0.0120074654862
0.483804617253  768  300  299.769817903  2.34080402355  -0.00471638538326
0.483804617253  768  316  316.411735738  2.26356899188  0.0488085293792
0.483804617253  769  333  333.168385815  2.3668245857  0.0477776398735
0.483804617253  769  350  350.085600263  2.40376892558  0.0494723388442
0.483804617253  769  367  367.141496406  2.45213034689  0.028050631107
0.483804617253  770  384  384.403656894  2.37871463615  0.0194598070595
0.483804617253  770  402  401.753787273  2.54445558424  -0.0307262438705
0.483804617253  770  419  419.331287235  2.56528641073  -0.0258146863735
0.483804617253  770  437  437.056130449  2.71561861579  -0.0434067832374
0.483804617253  770  455  454.942780338  2.77170081742  -0.035701303581
0.483804617253  770  473  473.002857643  2.88496322835  -0.0193827988817
0.483804617253  771  491  491.260886293  2.94396034753  0.0166832103035
0.483804617253  771  510  509.643852181  3.03161631353  0.018621806502
0.483804617253  771  528  528.266402107  3.13518687297  0.0515473931212
0.483804617253  771  547  547.052783123  3.20219263966  0.043518521923
0.483804617253  771  566  566.042713531  3.31123937859  0.0281587539106
0.483804617253  771  585  585.202974238  3.49343893262  0.00325954656154
0.483804617253  770  605  604.56735988  3.60745047253  -0.0329930230336
0.483804617253  770  624  624.127174927  3.78945053624  -0.0347858438426
0.483804617253  770  644  643.84601484  3.88302252351  -0.0508420954391
0.483804617253  770  664  663.781894306  4.03781583714  -0.0499319145561
0.483804617253  770  684  683.925980599  4.14305669463  -0.0312495083917
0.483804617253  769  704  704.225017156  4.26072019556  -0.0185518251374
0.483804617253  769  725  724.724143674  4.45939130929  -0.0017788564708
0.483804617253  769  745  745.416071401  4.63350987749  0.0230358712929
0.483804617253  768  766  766.307882388  4.96769037219  0.0356285970368
0.483804617253  768  787  787.444793543  5.4985280379  0.0429100709036
0.483804617253  767  809  808.826445529  6.04243640263  0.0358572937569
0.483804617253  767  831  830.43442119  6.72137663111  0.029849530853
0.483804617253  766  852  852.320755824  7.68985975512  0.0345937212384
0.483804617253  765  874  874.536504239  8.66653714175  0.0324262033095
0.483804617253  765  897  896.882204412  9.53263455758  0.00249517721659
0.483804617253  764  919  919.591859871  10.1149144287  0.0157206190474
0.483804617253  763  942  942.480782221  10.4670960692  0.00551525758109
0.483804617253  762  965  965.713417325  11.3089132623  0.00825799501618
0.483804617253  761  989  988.942243215  11.1552782733  -0.0151746783199
0.483804617253  760  1012  1012.52978716  10.9737250133  -0.00821416350534
0.661674617253  757  11  11.2808967374  1.81074816775  0.0266709462402
0.661674617253  757  25  25.2381917859  1.86487381145  0.000693300162573
0.661674617253  758  39  39.3915171018  1.88667931172  0.0156682736565
0.661674617253  759  54  53.6408147543  1.87429482833  -0.00661356564342
0.661674617253  759  68  67.9987934356  1.92502979269  -0.00538329152391
0.661674617253  760  83  82.5316513083  1.86917829437  0.0003192491943
0.661674617253  761  97  97.1961991085  1.93709532744  0.0277273639653
0.661674617253  761  112  111.919663147  1.96339717043  0.0126572839507
0.661674617253  762  127  126.818684316  1.92741831668  -0.000904390167295
0.661674617253  762  142  141.828329495  1.97273980297  0.00573613073691
0.661674617253  763  157  157.020026308  1.98810444948  0.0187351468583
0.661674617253  763  172  172.309982186  1.944092325  0.024784471948
0.661674617253  764  188  187.719501574  1.98261282505  -0.01904573628
0.661674617253  764  203  203.288806565  2.02778417879  -0.00863227156729
0.661674617253  765  219  219.013558779  2.13123795532  -0.0273470412085
0.661674617253  765  235  234.811404394  2.14735271922  -0.0579775420069
0.661674617253  766  251  250.844547111  2.18336739023  -0.0460223208358
0.661674617253  766  267  266.992549434  2.25980315419  -0.0263241474489
0.661674617253  767  283  283.33726273  2.2587599243  0.0107877581484
0.661674617253  767  300  299.748962523  2.326057702  -0.00371678663603
0.661674617253  767  316  316.386195058  2.25072054555  0.0442789541911
0.661674617253  768  333  333.145420829  2.36304347808  0.0451688070341
0.661674617253  768  350  350.05699389  2.42758029028  0.0391996105651
0.661674617253  768  367  367.131507528  2.42659194563  0.0294793470931
0.661674617253  769  384  384.393945563  2.39843369517  0.026244872242
0.661674617253  769  402  401.730045937  2.51689633559  -0.0361775222849
0.661674617253  769  419  419.332969175  2.59910742432  -0.0217892683175
0.661674617253  769  437  437.018905472  2.72337118082  -0.0477534454713
0.661674617253  769  455  454.922058505  2.79845337427  -0.0361341560245
0.661674617253  770  473  473.00271531  2.8844320026  -0.0194175446907
0.661674617253  770  491  491.255584212  2.93568379761  0.015611196316
0.661674617253  770  510  509.651754625  3.04984843074  0.0200714376032
0.661674617253  770  528  528.283606945  3.10998766965  0.0605135315591
0.661674617253  770  547  547.05450825  3.22907665893  0.0453184876829
0.661674617253  770  566  566.042859388  3.32970916543  0.0286813628805
0.661674617253  770  585  585.209596271  3.51835892429  0.00732119904892
0.661674617253  770  605  604.566261818  3.61421919209  -0.0297124465581
0.661674617253  769  624  624.128141102  3.77891868579  -0.0371074962817
0.661674617253  769  644  643.879359536  3.89029985777  -0.0463448164737
0.661674617253  769  664  663.801421634  4.05187591572  -0.0505327602007
0.661674617253  769  684  683.92361608  4.09443242943  -0.0367599653896
0.661674617253  768  704  704.250988428  4.25865296807  -0.0178977026958
0.661674617253  768  725  724.735633119  4.42540142242  -0.00338909962436
0.661674617253  768  745  745.442396324  4.6237505305  0.0235514712634
0.661674617253  767  766  766.341424101  5.00584593233  0.033215352698
0.661674617253  767  788  788.817378054  0.183663042151  10.3762520366
0.661674617253  766  809  808.839347334  6.056512774  0.0350684343579
0.661674617253  766  831  830.441895607  6.67525690136  0.0305382979631
0.661674617253  765  852  852.36968045  7.63980169451  0.0359500890069
0.661674617253  764  874  874.568280609  8.51350244928  0.028065991008
0.661674617253  764  897  896.944514201  9.45759293956  0.00971656385657
0.661674617253  763  919  919.64141605  10.0027696711  0.0154933623431
0.661674617253  762  942  942.542804617  10.9687459185  0.00652634802895
0.661674617253  761  966  965.607053018  10.9469716056  -0.0193728218068
0.661674617253  760  989  988.994826997  11.0884899828  -0.0150787459865
0.661674617253  759  1012  1012.5284316  10.9866478509  -0.00600842370117
0.839544617253  756  11  11.2208918041  1.84258070021  0.00452830705432
0.839544617253  756  25  25.1722606654  1.85746208636  -0.00502671874792
0.839544617253  757  39  39.342411559  1.87749617109  0.012979525989
0.839544617253  758  54  53.6019409392  1.88159575259  0.00287442578998
0.839544617253  758  68  67.9444555832  1.9248049119  -0.00617118485945
0.839544617253  759  82  82.4930771389  1.89463297086  0.0209106524171
0.839544617253  760  97  97.1426794844  1.96559427663  0.00587680087309
0.839544617253  760  112  111.874890454  1.93542644965  0.0129821195666
0.839544617253  761  127  126.778876405  1.92453454322  0.00817049374413
0.839544617253  761  142  141.77783131  1.93866833902  -0.00613999570175
0.839544617253  762  157  156.983268498  1.99156154001  0.0157753806231
0.839544617253  763  172  172.301080943  1.99850623366  0.0528869913555
0.839544617253  763  188  187.676570764  1.95838015953  -0.0147607168453
0.839544617253  764  203  203.295213906  2.02184293428  0.00125117121745
0.839544617253  764  219  218.960379591  2.11984605017  -0.0356055241484
0.839544617253  765  235  234.801433533  2.17478574739  -0.0528498352815
0.839544617253  765  251  250.816431284  2.17539353438  -0.0416843040186
0.839544617253  765  267  266.950076392  2.27027037961  -0.0325556608747
0.839544617253  766  283  283.311581907  2.29537421656  0.01383113701
0.839544617253  766  300  299.724441192  2.31884985087  -0.00152832060354
0.839544617253  767  316  316.393681055  2.25230210907  0.0550204774926
0.839544617253  767  333  333.121110583  2.38263184688  0.0460638491977
0.839544617253  767  350  350.032228902  2.42762410197  0.0448886753083
0.839544617253  767  367  367.104203846  2.44434378616  0.0255470666057
0.839544617253  768  384  384.386894101  2.39878421679  0.0282850394791
0.839544617253  768  402  401.713731082  2.52903075055  -0.0409364577082
0.839544617253  768  419  419.30015401  2.59867552597  -0.0251950462712
0.839544617253  768  437  437.008152119  2.77213346506  -0.0509358293414
0.839544617253  769  455  454.921740464  2.79805531352  -0.0330232408962
0.839544617253  769  473  472.995497116  2.91264073252  -0.017804084707
0.839544617253  769  491  491.236237783  2.93348316438  -0.0199925032648
0.839544617253  769  510  509.638030953  3.01043332906  0.0242308070326
0.839544617253  769  528  528.250037642  3.08938880779  0.0558092020748
0.839544617253  769  547  547.04426794  3.23253270123  0.0437451268107
0.839544617253  769  566  566.049510657  3.34061261884  0.0364505645757
0.839544617253  769  585  585.212258047  3.51146198698  0.00432175744314
0.839544617253  769  605  604.571034059  3.61850488885  -0.0282828839805
0.839544617253  769  624  624.14372629  3.77720357838  -0.0355046209622
0.839544617253  768  644  643.88734397  3.88236605376  -0.0456368229929
0.839544617253  768  664  663.829710292  4.02849440817  -0.0468190631671
0.839544617253  768  684  683.935678673  4.15629474911  -0.0333109428779
0.839544617253  768  704  704.259247695  4.28413354137  -0.0119014409517
0.839544617253  767  725  724.749246643  4.45497796909  -0.00380215946122
0.839544617253  767  745  745.453862333  4.62793206496  0.0223194332772
0.839544617253  766  766  766.368773421  4.97426465575  0.0330239639044
0.839544617253  766  788  788.813911368  0.0455231401527  10.3113891253
0.839544617253  765  809  808.849835755  6.12795675501  0.0381283486516
0.839544617253  765  831  830.471363091  6.68559056704  0.0288789019024
0.839544617253  764  852  852.402002132  7.68637293755  0.0365200743993
0.839544617253  764  874  874.556587384  8.49177664721  0.0323890346168
0.839544617253  763  897  896.980434055  9.39921135849  0.00754500667128
0.839544617253  762  920  919.616070837  10.0118219496  -0.0114332102822
0.839544617253  761  942  942.587257176  10.9671559438  0.00799907049334
0.839544617253  760  966  965.652251378  10.924925724  -0.0223045209773
0.839544617253  759  989  989.035493809  11.1539745945  -0.0112170595842
0.839544617253  758  1012  1012.59274895  10.9058085123  -0.00759413726727
1.01741461725  755  11  11.1584351834  1.84629416169  0.00559729874595
1.01741461725  755  25  25.1513652641  1.91308552074  -0.00831991015755
1.01741461725  756  39  39.2783040317  1.9067548036  -0.000640877939713
1.01741461725  757  54  53.5584877791  1.90585981979  0.0100565832682
1.01741461725  757  68  67.9175691724  1.98581953761  -0.00731622815
1.01741461725  758  82  82.4462365143  1.89252781586  0.0244000311517
1.01741461725  759  97  97.0919193871  1.95652038134  0.00670346577493
1.01741461725  759  112  111.822588705  1.93997464131  0.00659202495441
1.01741461725  760  127  126.729557532  1.90338403359  0.000491524574205
1.01741461725  761  142  141.755790497  1.98406915164  0.00314747740763
1.01741461725  761  157  156.931224375  1.98781204832  0.00976446335819
1.01741461725  762  172  172.280066497  1.96376032128  0.0465856838963
1.01741461725  762  188  187.633709769  1.96086748756  -0.0200420130995
1.01741461725  763  203  203.26566877  2.02945684976  0.00864313419391
1.01741461725  763  219  218.922434949  2.1207071887  -0.0344719943844
1.01741461725  764  235  234.797591983  2.13545558666  -0.0488630185295
1.01741461725  764  251  250.782352268  2.16032257254  -0.0438274655351
1.01741461725  764  267  266.920562289  2.25949393969  -0.0377833330145
1.01741461725  765  283  283.27410778  2.28702062626  0.0105929197079
1.01741461725  765  300  299.686660725  2.30960147765  -0.00615462236148
1.01741461725  766  316  316.374485622  2.29129680305  0.0585551777846
1.01741461725  766  333  333.089067926  2.41517392776  0.0442396247424
1.01741461725  766  350  350.01171649  2.42745549884  0.0405416125689
1.01741461725  767  367  367.104115462  2.44310792467  0.0360403613127
1.01741461725  767  384  384.35541449  2.42210354995  0.0252750440285
1.01741461725  767  402  401.702399283  2.48319655623  -0.0366784948942
1.01741461725  767  419  419.295300899  2.62508328232  -0.016622233658
1.01741461725  767  437  436.993425249  2.74871727491  -0.0478002668807
1.01741461725  768  455  454.907761024  2.80598669201  -0.0412338036678
1.01741461725  768  473  472.96416671  2.88963406189  -0.0229740677723
1.01741461725  768  491  491.242896319  2.95907481898  0.0108401482558
1.01741461725  768  510  509.640418699  3.02944125061  0.0258539902011
1.01741461725  768  528  528.24816476  3.11736753646  0.0524196645492
1.01741461725  768  547  547.03964973  3.21036476216  0.0424200437686
1.01741461725  768  566  566.04152833  3.35428131094  0.0314829945414
1.01741461725  768  585  585.20872923  3.48506944287  0.00595195248825
1.01741461725  768  605  604.563221419  3.60306932661  -0.0289561711964
1.01741461725  768  624  624.124467042  3.74856627337  -0.0372467247546
1.01741461725  767  644  643.892199319  3.90938663087  -0.0480245000673
1.01741461725  767  664  663.813827976  4.0169609794  -0.0492866006602
1.01741461725  767  684  683.95204031  4.12400244913  -0.0308527812446
1.01741461725  767  704  704.282560107  4.23345538008  -0.00772245926847
1.01741461725  766  725  724.76008619  4.43799334113  -0.0076390990336
1.01741461725  766  745  745.468898483  4.60667466295  0.0247501729679
1.01741461725  766  766  766.362130574  4.96824647675  0.0339571163404
1.01741461725  765  788  788.814270653  0.0453930391561  10.3239891009
1.01741461725  764  809  808.897433505  6.02859632194  0.0367666882333
1.01741461725  764  831  831.787233464  0.203274436378  10.7152938459
1.01741461725  763  852  852.404718091  7.67828490844  0.0376800191865
1.01741461725  763  875  874.530000346  8.50344248296  0.0061723998262
1.01741461725  762  897  897.007073523  9.34958462132  0.00835600318959
1.01741461725  761  920  919.625759112  10.0525913616  -0.0101921123572
1.01741461725  760  942  942.607248986  10.8712634134  0.00697535956744
1.01741461725  759  966  965.682641353  11.1638257933  -0.0152666771178
1.01741461725  758  989  989.069903335  11.630704822  -0.00680931429681
1.01741461725  757  1013  1012.68897107  10.8801483191  0.0104545909306
1.19528461725  754  11  11.0880751174  1.85631453954  -0.00401472803037
1.19528461725  755  25  25.0961855847  1.92814138954  -0.00220711898606
1.19528461725  755  39  39.2300791501  1.90776983983  0.00184005999554
1.19528461725  756  53  53.4999384151  1.89390769488  0.0101987715909
1.19528461725  757  68  67.8960403561  1.92210000757  0.0217240155051
1.19528461725  757  82  82.3914161666  1.89934052863  0.0178460255176
1.19528461725  758  97  97.0366124751  1.96286853331  0.000769378822941
1.19528461725  758  112  111.760563898  1.95246795265  -0.00453005116289
1.19528461725  759  127  126.688259174  1.90245013723  0.00829197045389
1.19528461725  760  142  141.745803052  1.96243473601  0.00679812765387
1.19528461725  760  157  156.880225681  1.97028100852  0.00176436847875
1.19528461725  761  172  172.234102766  1.99732603319  0.0443740583487
1.19528461725  761  188  187.60097301  1.95804354947  -0.0163177228796
1.19528461725  762  203  203.229837591  2.05587273192  0.00169983918312
1.19528461725  762  219  218.876628486  2.11141699144  -0.0483976092255
1.19528461725  763  235  234.75528087  2.12460886801  -0.0498664892561
1.19528461725  763  251  250.752296553  2.15567332915  -0.0380663381139
1.19528461725  764  267  266.920341312  2.25810495254  -0.0337098318249
1.19528461725  764  283  283.256534062  2.29294023832  0.00753251702144
1.19528461725  764  300  299.660082308  2.29919654309  -0.00312176795584
1.19528461725  765  316  316.338445335  2.30384208674  0.0576938761688
1.19528461725  765  333  333.057568809  2.38658120212  0.0421473817402
1.19528461725  765  350  349.993829642  2.41659027457  0.0439591092943
1.19528461725  766  367  367.083006162  2.45153307476  0.0283345919354
1.19528461725  766  384  384.352844874  2.43747769648  0.0312263032027
1.19528461725  766  402  401.684720828  2.49913165235  -0.0340879491989
1.19528461725  766  419  419.279877329  2.59091561328  -0.0207328271481
1.19528461725  767  437  436.993288447  2.74869022383  -0.0454483446321
1.19528461725  767  455  454.90308994  2.81651726002  -0.0348798574399
1.19528461725  767  473  472.971883855  2.86606311964  -0.0180947181332
1.19528461725  767  491  491.235931045  2.97157781622  0.015900702254
1.19528461725  767  510  509.626925638  3.01714904555  0.0255563308176
1.19528461725  767  528  528.25200998  3.10534157417  0.0567851315676
1.19528461725  767  547  547.038819367  3.17794272287  0.04540476334
1.19528461725  767  566  566.040144476  3.35206242426  0.032524789556
1.19528461725  767  585  585.202422056  3.46771198159  0.00642588546064
1.19528461725  767  605  604.577743954  3.61134250132  -0.0305830932371
1.19528461725  767  624  624.120490747  3.74966781658  -0.0399981545031
1.19528461725  766  644  643.873639102  3.924176852  -0.0502042860227
1.19528461725  766  664  663.822328287  3.98945526328  -0.0523083522767
1.19528461725  766  684  683.952817944  4.162033945  -0.0357601423769
1.19528461725  766  704  704.29881582  4.23111633728  -0.00634063065075
1.19528461725  765  725  724.778768216  4.4199543676  -0.00214024302729
1.19528461725  765  746  746.830182643  0.0415331610416  9.93729916094
1.19528461725  765  766  766.397646203  4.96917775675  0.0354487270748
1.19528461725  764  788  787.509506121  5.44032719959  0.0346580391856
1.19528461725  764  809  808.881854549  6.02719183712  0.0412237689766
1.19528461725  763  831  830.517966028  6.83123615626  0.0252258188349
1.19528461725  762  853  852.389468361  7.69854913816  0.0125108005286
1.19528461725  762  875  874.602340283  8.49452945355  0.00913405474289
1.19528461725  761  897  897.020884691  9.33657997003  0.00892184751107
1.19528461725  760  920  919.666434739  10.0587237896  -0.00846420766034
1.19528461725  759  943  942.526824708  10.6069736785  -0.0151114212462
1.19528461725  758  966  965.683169192  11.0549778344  -0.0197471400974
1.19528461725  757  989  989.091712018  11.3094552691  -0.0103415395076
1.19528461725  756  1012  1012.70844153  10.9367458077  -0.00412442114359
1.37315461725  753  11  11.0462344111  1.85999624862  0.00164789691871
1.37315461725  754  25  25.0566379035  1.85142190883  -0.0146750785098
1.37315461725  754  39  39.1605108348  1.91853644305  -0.00612777285619
1.37315461725  755  53  53.458836708  1.9034895613  0.0124203323318
1.37315461725  756  68  67.8390646511  1.92093517534  -0.00182071591719
1.37315461725  756  82  82.3397244937  1.90441453901  0.0109351995926
1.37315461725  757  97  96.9724653322  1.9759421332  -0.0124525505233
1.37315461725  758  112  111.740335658  1.98076006562  -0.00317898906033
1.37315461725  758  127  126.642586769  1.87097864563  0.00687563509387
1.37315461725  759  142  141.700098814  1.93487383386  0.00656065985676
1.37315461725  759  157  156.82411076  1.97797934625  -0.00272090386264
1.37315461725  760  172  172.196029017  2.01057611353  0.0412765415308
1.37315461725  760  188  187.571912801  1.93066551451  -0.0118510918907
1.37315461725  761  203  203.189312087  2.07304197768  0.00166959101199
1.37315461725  761  219  218.850817336  2.08480224279  -0.0379332320495
1.37315461725  762  235  234.718729572  2.08523960154  -0.0456603161888
1.37315461725  762  251  250.720493639  2.14166007396  -0.0393836058943
1.37315461725  763  267  266.899235318  2.23416243203  -0.0315595226571
1.37315461725  763  283  283.219594625  2.30291368114  0.00793983262303
1.37315461725  763  300  299.646311458  2.27076606958  0.00293569682263
1.37315461725  764  316  316.314156387  2.33122186092  0.0598093388919
1.37315461725  764  333  333.029242898  2.37313577925  0.0315978737778
1.37315461725  764  350  349.969286225  2.43936565569  0.0430435542423
1.37315461725  765  367  367.057274919  2.43665506329  0.025035728743
1.37315461725  765  384  384.321924986  2.44312497224  0.0293973894659
1.37315461725  765  402  401.664357002  2.45512087833  -0.0304308173074
1.37315461725  765  419  419.262786797  2.61809741642  -0.0224534039684
1.37315461725  766  437  436.980959057  2.74751695095  -0.0469330465012
1.37315461725  766  455  454.885767988  2.81218511852  -0.026644922529
1.37315461725  766  473  472.964617181  2.89973965285  -0.0159884624618
1.37315461725  766  491  491.219040972  2.98282665334  0.0150257026933
1.37315461725  766  510  509.619269924  3.01550151859  0.0239804929809
1.37315461725  766  528  528.249263935  3.12500993373  0.0554384981617
1.37315461725  766  547  547.02245341  3.18861971757  0.0399751904332
1.37315461725  766  566  566.027870454  3.36165202582  0.0279818499203
1.37315461725  766  585  585.221782853  3.4852163915  0.00727409832856
1.37315461725  766  605  604.58881349  3.5931337679  -0.0235042024583
1.37315461725  766  624  624.127777097  3.79051489237  -0.0395483657723
1.37315461725  766  644  643.8731454  3.9209888788  -0.0492958137741
1.37315461725  765  664  663.821894018  3.98354671755  -0.0528810654806
1.37315461725  765  684  683.965284745  4.1629460614  -0.0410164789899
1.37315461725  765  704  704.28978662  4.27052484216  -0.0109940247359
1.37315461725  764  725  724.771160918  4.45985298635  -0.0154213128249
1.37315461725  764  746  746.82902867  0.0413873272626  9.93229014233
1.37315461725  764  766  766.411752493  4.95801299972  0.0373774803666
1.37315461725  763  788  787.547756446  5.41704802791  0.0329993035404
1.37315461725  763  809  808.898932537  6.05696325753  0.0385361117207
1.37315461725  762  831  830.53425277  6.81096762855  0.0238354064598
1.37315461725  761  853  853.809535129  0.225670225016  11.8241188255
1.37315461725  761  875  874.644242775  8.49598489986  0.00827320248449
1.37315461725  760  897  897.045473966  9.32652289196  0.00769775272285
1.37315461725  759  920  919.687743649  10.0664491715  -0.00677233260168
1.37315461725  758  943  942.566421791  10.5837146812  -0.0188034267776
1.37315461725  757  966  965.716640324  11.041077917  -0.0164298077716
1.37315461725  757  989  989.193055395  11.2354430265  -0.0107499717893
1.37315461725  756  1012  1012.73368085  10.9819442752  -0.00179678985852
1.55102461725  752  11  10.971014385  1.85895338347  -0.00259035700136
1.55102461725  753  25  24.9983979214  1.85661382247  -0.0131890948409
1.55102461725  753  39  39.094835667  1.90759436941  -0.0170026319765
1.55102461725  754  53  53.3999092734  1.8967342022  0.0147206552537
1.55102461725  755  68  67.7835957504  1.90227263804  -0.00479509596465
1.55102461725  755  82  82.2811201496  1.93142112458  0.00899847946936
1.55102461725  756  97  96.9249113578  1.96618813041  -0.00859183442614
1.55102461725  757  112  111.723507277  1.95439181245  0.00281625955794
1.55102461725  757  127  126.608588878  1.89529794597  0.0142940748175
1.55102461725  758  142  141.66212012  1.90264202804  0.0141181785548
1.55102461725  758  157  156.782484804  1.94742060774  -0.00451708799313
1.55102461725  759  172  172.148775534  2.01598702809  0.0351072929213
1.55102461725  759  188  187.538315429  1.92974707304  -0.00020716833241
1.55102461725  760  203  203.14738996  2.05961874026  5.53328847495e-05
1.55102461725  760  219  218.808674157  2.089443567  -0.0433947578273
1.55102461725  761  235  234.690825446  2.07497022381  -0.0337991111532
1.55102461725  761  251  250.68220954  2.16675980213  -0.0381280900813
1.55102461725  762  267  266.855925755  2.23515630117  -0.037541966664
1.55102461725  762  283  283.173046148  2.28888800942  -0.00401615502719
1.55102461725  762  300  299.625022658  2.30599569399  0.00156700732236
1.55102461725  763  316  316.290585204  2.33545413898  0.0570575376563
1.55102461725  763  333  333.016054214  2.3970517581  0.0455027945868
1.55102461725  763  350  349.961014793  2.47442103545  0.0383790696815
1.55102461725  764  367  367.04111472  2.45293147388  0.0255773712788
1.55102461725  764  384  384.311494919  2.44688592599  0.0328535871697
1.55102461725  764  402  401.643977477  2.5174475507  -0.0352661227524
1.55102461725  764  419  419.248680847  2.61465022496  -0.0212624868121
1.55102461725  765  437  436.979972365  2.74542874078  -0.0406687367709
1.55102461725  765  455  454.875350649  2.78818910898  -0.0400497360072
1.55102461725  765  473  472.955849593  2.88252075576  -0.0203534231684
1.55102461725  765  491  491.200930138  2.95280078169  0.0105639694944
1.55102461725  765  510  509.609425001  2.98283201491  0.0233092500874
1.55102461725  765  528  528.237441831  3.09450579688  0.0504089568332
1.55102461725  765  547  547.029159707  3.2106752921  0.0406723984327
1.55102461725  765  566  566.034323268  3.3573373137  0.0341208481163
1.55102461725  765  585  585.216722457  3.47187073959  0.00798507527595
1.55102461725  765  605  604.582061847  3.58773083622  -0.0265575575003
1.55102461725  765  624  624.163954052  3.76439033791  -0.0318852149616
1.55102461725  765  644  643.89978426  3.88304349605  -0.0493892679962
1.55102461725  764  664  663.828485969  3.99465533755  -0.0507606289566
1.55102461725  764  684  683.987056541  4.18829495682  -0.0353151822154
1.55102461725  764  704  704.313753355  4.26454755867  -0.00118016895247
1.55102461725  764  725  724.783645573  4.43435227483  -0.000392655974831
1.55102461725  763  746  746.825849003  0.203971353089  9.91898346241
1.55102461725  763  766  766.41835119  4.96324174053  0.0357961652105
1.55102461725  762  788  787.582157679  5.39752858781  0.036036750371
1.55102461725  762  809  808.918090288  6.10717621392  0.0373920336966
1.55102461725  761  831  830.54497283  6.75323007667  0.0259578633363
1.55102461725  761  853  852.431431541  7.71900385234  0.0150497168278
1.55102461725  760  875  874.666067834  8.53272896379  0.00968832805147
1.55102461725  759  897  897.065156506  9.26292632009  0.00902877964541
1.55102461725  758  920  919.719998898  9.98054162562  -0.00856263123173
1.55102461725  758  942  942.702228779  11.029465926  0.0118259274815
1.55102461725  757  966  965.752450431  11.1227907635  -0.020471313411
1.55102461725  756  989  989.15818944  11.0926597087  -0.00635651665395
1.55102461725  755  1012  1012.85067672  10.8876984762  0.000155877988859
1.72889461725  751  11  10.9120670291  1.84716082003  -0.0136277097747
1.72889461725  752  25  24.9364432637  1.86051013955  -0.017138274231
1.72889461725  752  39  39.0650754025  1.94273102684  -0.0106074563387
1.72889461725  753  53  53.3467280057  1.92957249122  0.0134765449029
1.72889461725  754  68  67.7324352617  1.9081019464  -0.0085901474908
1.72889461725  754  82  82.2316809898  1.97078907462  -0.00441473769945
1.72889461725  755  97  96.8668494338  1.95269718804  -0.0128211476966
1.72889461725  756  112  111.685098772  1.92639886589  0.00827455524083
1.72889461725  756  127  126.554357412  1.88219655587  0.0190891294212
1.72889461725  757  142  141.616184768  1.90362567568  0.0160286672799
1.72889461725  757  157  156.74253772  1.93664444081  -0.00407002051947
1.72889461725  758  172  172.102770582  2.03036533988  0.0307140887614
1.72889461725  758  187  187.492732747  1.87356578297  -0.0640140099985
1.72889461725  759  203  203.100653384  2.05694199931  -0.00351824865021
1.72889461725  759  219  218.756074659  2.10024372307  -0.0618923444478
1.72889461725  760  235  234.659507022  2.06984236297  -0.0431117480602
1.72889461725  760  251  250.649889746  2.14290958498  -0.0381153409872
1.72889461725  761  267  266.823849531  2.22257977961  -0.036648306378
1.72889461725  761  283  283.168033099  2.32656963238  0.00686418853018
1.72889461725  762  300  299.618054764  2.27220752475  0.00870441699066
1.72889461725  762  316  316.262964967  2.3593485893  0.060279812232
1.72889461725  762  333  332.988229129  2.39221848426  0.042441164858
1.72889461725  763  350  349.941783302  2.43258344711  0.0429971215586
1.72889461725  763  367  366.999389355  2.43793146648  0.0235651069625
1.72889461725  763  384  384.300592691  2.45907531877  0.034495381065
1.72889461725  763  402  401.633091886  2.4895987143  -0.0293109129524
1.72889461725  764  419  419.248645236  2.61375842496  -0.0219640218165
1.72889461725  764  437  436.952277536  2.7519042402  -0.0491625551298
1.72889461725  764  455  454.867848236  2.8090511703  -0.0403939298115
1.72889461725  764  473  472.928429496  2.87329740522  -0.0273707994556
1.72889461725  764  491  491.178740146  2.96541613157  0.00667390422468
1.72889461725  764  510  509.607398694  3.01580492915  0.0256323184281
1.72889461725  764  528  528.269913761  3.10961374972  0.060029849036
1.72889461725  764  547  547.030463446  3.19434511163  0.0479722495627
1.72889461725  764  566  566.036078708  3.33703693085  0.0359858906171
1.72889461725  764  585  585.216090719  3.51922113364  0.0114296927421
1.72889461725  764  605  604.584719883  3.60114117117  -0.028338860927
1.72889461725  764  624  624.158651797  3.76169971174  -0.0333602657016
1.72889461725  764  644  643.904680841  3.88944863365  -0.0488146963189
1.72889461725  764  664  663.81677464  3.97961337194  -0.0499650807549
1.72889461725  763  684  683.999551666  4.17045474306  -0.0347019329206
1.72889461725  763  704  704.323210097  4.24475899875  -0.0019700545466
1.72889461725  763  725  724.831818408  4.43072243315  0.000483917656983
1.72889461725  762  746  746.826314196  0.20365715692  9.88573637904
1.72889461725  762  766  766.44172618  4.96138360018  0.0360612876294
1.72889461725  761  788  787.600850073  5.41793046792  0.0393334416656
1.72889461725  761  809  808.957101542  6.05609458581  0.0362716345005
1.72889461725  760  831  830.567766044  6.81862159639  0.027098222685
1.72889461725  760  853  852.469947149  7.676890447  0.0209997765429
1.72889461725  759  875  874.65499907  8.44638593508  0.0102036793514
1.72889461725  758  897  897.089311864  9.28072450495  0.0107196110056
1.72889461725  757  920  919.768109358  10.0949140247  -0.00480207797162
1.72889461725  757  943  942.686589891  10.6821417517  -0.0174227607057
1.72889461725  756  966  965.74714325  10.8684968067  -0.0190772948996
1.72889461725  755  989  989.272620668  11.5654941918  -0.00253858879149
1.72889461725  754  1013  1012.90883822  10.7039248411  0.0154549597689
1.90676461725  750  11  10.8414960717  1.82120221067  -0.0266383972721
1.90676461725  751  25  24.8802162643  1.85361600087  -0.0189867730304
1.90676461725  752  39  39.0402560394  1.89998119945  -0.00762018027663
1.90676461725  752  53  53.2947062752  1.93952122188  0.00382462264566
1.90676461725  753  68  67.6778895426  1.92834631484  -0.00810671359617
1.90676461725  754  82  82.2264146373  2.00254024686  0.0186403706581
1.90676461725  754  97  96.8175211971  1.92804430963  -0.00653139462441
1.90676461725  755  112  111.63318343  1.92427469037  0.00781059465183
1.90676461725  755  127  126.513042156  1.90172247663  0.0203312712085
1.90676461725  756  142  141.577565217  1.90970109115  0.0281853755577
1.90676461725  756  157  156.710783663  2.01770254926  -0.00308790617238
1.90676461725  757  172  172.048111569  2.03394706673  0.0217485891915
1.90676461725  758  187  187.494593732  1.95728036146  0.0190031739754
1.90676461725  758  203  203.034033948  2.0732875692  -0.0747243743011
1.90676461725  759  219  218.749966281  2.12217302729  -0.0447249527114
1.90676461725  759  235  234.622870193  2.05466216588  -0.0389778759528
1.90676461725  759  251  250.619076777  2.14348321821  -0.0447908903624
1.90676461725  760  267  266.794844721  2.22088100962  -0.0326365088772
1.90676461725  760  283  283.113294698  2.32935063227  -0.000865442918147
1.90676461725  761  300  299.589995348  2.27950494137  0.00167953148222
1.90676461725  761  316  316.230589188  2.37537841074  0.0492249888304
1.90676461725  761  333  332.96378914  2.36685082089  0.0368390334177
1.90676461725  762  350  349.920170642  2.44198156262  0.0451160120761
1.90676461725  762  367  366.993448359  2.46016015642  0.0282995139364
1.90676461725  762  384  384.272233331  2.47784049228  0.0281388333978
1.90676461725  762  402  401.616323342  2.46982395656  -0.0304380757507
1.90676461725  763  419  419.234770545  2.62385137247  -0.0210643210659
1.90676461725  763  437  436.942446009  2.71553724996  -0.0470119517049
1.90676461725  763  455  454.830924902  2.81781523796  -0.042967699216
1.90676461725  763  473  472.911781168  2.86490948787  -0.0257562169612
1.90676461725  763  491  491.179034459  3.02231338713  0.0128846049275
1.90676461725  763  510  509.601325821  3.03777521445  0.0259010653612
1.90676461725  763  528  528.248810714  3.12587691706  0.0604570063945
1.90676461725  763  547  547.026562222  3.22487832199  0.0512423125428
1.90676461725  763  566  566.03353011  3.33350620149  0.0372549771096
1.90676461725  763  585  585.213453418  3.51538186274  0.0119838451646
1.90676461725  763  605  604.585184622  3.59712921212  -0.0252664783588
1.90676461725  763  624  624.161161158  3.78449625037  -0.0328062509448
1.90676461725  763  644  643.91341997  3.89112727604  -0.0489487798464
1.90676461725  763  664  663.839915719  3.99415945968  -0.0514425921369
1.90676461725  762  684  684.00302499  4.15693600986  -0.036683933643
1.90676461725  762  704  704.308241862  4.25060787618  -0.0154429031658
1.90676461725  762  725  724.849319883  4.45098349811  0.00188644739961
1.90676461725  761  746  746.822065737  0.200806227794  9.88009892423
1.90676461725  761  766  766.457880892  4.9643850487  0.0344517785206
1.90676461725  760  788  787.613372346  5.4263962812  0.0392365584833
1.90676461725  760  809  808.96183229  6.08282302268  0.0366006614439
1.90676461725  759  831  830.60535848  6.81524843879  0.0291994758998
1.90676461725  759  853  852.478793812  7.67751665678  0.0155098511098
1.90676461725  758  875  874.66401765  8.40092638431  0.013143380636
1.90676461725  757  897  897.133250689  9.32203004861  0.0146128110642
1.90676461725  756  920  919.828653021  9.97628057726  -0.00807076911573
1.90676461725  756  943  942.665456701  10.5827828458  -0.0148922930003
1.90676461725  755  966  965.829846831  11.017357717  -0.0219112623796
1.90676461725  754  989  989.278696862  11.5683192587  -0.00228400528222
1.90676461725  753  1013  1012.89084126  10.9123171948  0.00434626582086
2.08463461725  749  11  10.8007816763  1.81255852489  -0.0147933552406
2.08463461725  750  25  24.8316001467  1.82294709717  -0.0189958787688
2.08463461725  751  39  38.9859380285  1.89935036143  -0.0154752831134
2.08463461725  751  53  53.2359710125  1.93607826439  -0.00314551867345
2.08463461725  752  68  67.6309468456  1.92206163405  -0.00856449147698
2.08463461725  753  82  82.1934511426  1.94039704812  0.0271648440346
2.08463461725  753  97  96.7846623606  1.9424919445  -0.00644738637348
2.08463461725  754  112  111.588958419  1.94734721964  0.0133318802075
2.08463461725  754  126  126.477302372  1.89307591134  0.0252023488001
2.08463461725  755  142  141.532268101  1.92731732258  0.0139731320828
2.08463461725  756  157  156.701874684  1.96167121745  0.0177846746269
2.08463461725  756  172  172.013827774  2.04130444237  0.0173418662874
2.08463461725  757  187  187.46993344  1.95289790035  0.0196882136466
2.08463461725  757  203  203.006471125  2.07119706241  -0.047353270206
2.08463461725  758  219  218.732317459  2.08240620365  -0.0425063541045
2.08463461725  758  235  234.586494994  2.07095456029  -0.0428769434717
2.08463461725  759  251  250.583692246  2.18592903762  -0.0390201382536
2.08463461725  759  267  266.760106164  2.19990360511  -0.0365134361169
2.08463461725  759  283  283.084072562  2.35431645719  -0.00165295236161
2.08463461725  760  300  299.573370845  2.29619366308  0.00663467059281
2.08463461725  760  316  316.205967665  2.37273217537  0.0512118154139
2.08463461725  760  333  332.936064183  2.36566192004  0.0296179882529
2.08463461725  761  350  349.881894161  2.45870937903  0.0377840896799
2.08463461725  761  367  366.956152781  2.46779531211  0.0235044759907
2.08463461725  761  384  384.230720514  2.49326477331  0.0223770664121
2.08463461725  762  402  401.621373211  2.49525664444  -0.0196404150176
2.08463461725  762  419  419.196232295  2.63668373371  -0.0285084092358
2.08463461725  762  437  436.913060575  2.72831215471  -0.0589731116998
2.08463461725  762  455  454.81864008  2.83199505947  -0.0489110878075
2.08463461725  762  473  472.903306138  2.8872527074  -0.0270555591319
2.08463461725  762  491  491.179837922  2.99249826193  0.0174754622749
2.08463461725  762  510  509.58755009  3.00267493201  0.0282216246432
2.08463461725  762  528  528.223500963  3.11796551531  0.0562905552501
2.08463461725  762  547  547.030394566  3.19358297492  0.0516558157508
2.08463461725  762  566  566.011031157  3.37030510944  0.0307693981959
2.08463461725  762  585  585.212212766  3.50685757172  0.00879079322611
2.08463461725  762  605  604.587367163  3.61754312983  -0.0198686968076
2.08463461725  762  624  624.164117153  3.76232256718  -0.0293487264759
2.08463461725  762  644  643.903988143  3.9525613725  -0.0514574085687
2.08463461725  762  664  663.841551261  4.00622016535  -0.0530867460178
2.08463461725  761  684  684.004172106  4.16882152577  -0.0383290532765
2.08463461725  761  704  704.323295405  4.29823942156  -0.0151984774924
2.08463461725  761  725  724.859366097  4.45231958985  0.00116758920719
2.08463461725  760  746  746.823843447  0.201128186109  9.88952716374
2.08463461725  760  767  767.81563771  0.0436626477847  10.1903480804
2.08463461725  759  788  787.631377029  5.45229938796  0.036308637543
2.08463461725  759  809  808.984179328  6.08170298058  0.0394941977198
2.08463461725  758  831  830.629486215  6.78195428765  0.0261287605536
2.08463461725  758  853  852.50012737  7.72132606288  0.0170735011874
2.08463461725  757  875  874.669801138  8.39370724522  0.0122296905883
2.08463461725  756  897  897.177412413  9.20090818708  0.00914681325279
2.08463461725  756  920  919.869389613  10.1535378362  -0.00219074446319
2.08463461725  755  943  942.67178384  10.758716288  -0.0192715759533
2.08463461725  754  966  965.874860255  11.0018437385  -0.0162464987027
2.08463461725  753  989  989.23454674  11.635683906  -0.00583435759307
2.08463461725  752  1013  1012.91462983  10.8213170758  0.0107764997919
