# Band 1C   Etalon 1A   Slice 19
# Distortion map version 06.04.00 - date 2018-10-04
# Trace (isoalpha): Take pixel trace along specified slice, specified alpha position trace is built by taking the pixel in every detector row with alpha value closest to the one specified 
# xpos[i] = np.argmin(alpha_img[i,:])+funcs.find_nearest(alpha_img[i,:][(slice_img[i,:]!=0)],alpha_pos)
#    alpha       x  y      center         FWHM          skewness
0.0  146  6  6.10967258769  1.49259145284  0.057824944561
0.0  146  16  16.4895851832  1.18996643607  0.0877248870917
0.0  146  27  26.9155708437  1.55594511942  -0.00875925512299
0.0  147  37  37.4755754132  1.24118712242  0.0428848126818
0.0  147  48  48.0782606547  1.54876444534  0.0280376117181
0.0  147  59  58.6850553057  1.41935136231  -0.103581087572
0.0  147  70  69.5009535172  1.20326834002  -0.0315810814132
0.0  147  80  80.3688179175  1.42550909782  0.0751325223805
0.0  147  91  91.2547398507  1.55527064695  0.0200728481571
0.0  147  102  102.241174563  1.54910591321  0.0539172608313
0.0  147  113  113.308961775  1.50714776431  0.111716584466
0.0  148  124  124.41401039  1.38413211774  0.0807933462364
0.0  148  136  135.547357211  1.24450589223  -0.00784163423802
0.0  148  147  146.80845752  1.55494525962  -0.00167576171709
0.0  148  158  158.252897188  1.51999791694  0.0436856331753
0.0  148  170  169.610433553  1.33458160067  -0.0351690639671
0.0  148  181  181.191879645  1.55786341957  0.067783225012
0.0  148  193  192.678423639  1.42525298278  -0.13871279564
0.0  148  204  204.454836085  1.29601224556  0.0469112919296
0.0  148  216  216.224400528  1.57334584297  0.0451607934478
0.0  149  228  227.98212771  1.64442626178  -0.042972316414
0.0  149  240  239.897421998  1.64852810476  -0.0362995783619
0.0  149  252  251.926735354  1.66391315962  -0.00112947141287
0.0  149  264  264.036729926  1.67753250102  0.0025534516324
0.0  149  276  276.26178382  1.60083094548  0.09590758609
0.0  149  288  288.498986239  1.11957412922  0.152050196825
0.0  149  301  300.787320629  1.63551236067  -0.036205647602
0.0  149  313  313.328987268  1.56202492607  0.119052869463
0.0  149  326  325.764116329  1.59083260235  -0.0265279188587
0.0  149  338  338.456549078  1.4152020946  0.0641746359538
0.0  149  351  351.157838105  1.69137255364  0.0319419595518
0.0  149  364  363.930442364  1.70355220343  -0.0279026981661
0.0  149  377  376.80432694  1.66945625852  -0.088062526564
0.0  149  390  389.822858016  1.69081105048  -0.0472661990233
0.0  149  403  402.948227117  1.74185077211  -0.0123216839633
0.0  150  416  416.120278325  1.73479402361  0.0152215464238
0.0  150  429  429.431826519  1.66191082651  0.057910221637
0.0  150  443  442.759765517  1.71403331787  -0.0105026172426
0.0  150  456  456.317294475  1.67637532673  0.0666901328736
0.0  150  470  469.867268451  1.71159728848  0.0127887852569
0.0  150  484  483.568477708  1.54226752264  0.0426609163637
0.0  150  497  497.420435828  1.60479816688  0.0888102213562
0.0  150  511  511.342987397  1.65980245855  0.0715574926836
0.0  150  525  525.371058194  1.64859161974  0.100791023486
0.0  150  539  539.480006897  1.58158492452  0.0388378037666
0.0  150  554  553.663828175  1.65162077284  -0.0680626949951
0.0  150  568  568.052957824  1.81586484063  0.00372527589648
0.0  150  583  582.511063084  1.70879830519  0.00331230182006
0.0  150  597  597.090145301  1.8408378548  0.0197478120502
0.0  150  612  611.746537837  1.78019967296  0.00747871966957
0.0  150  627  626.543820445  1.65229918211  0.0320086409743
0.0  150  641  641.491796034  1.62574622575  0.0874721747274
0.0  150  657  656.519286552  1.56730429218  0.0466743590481
0.0  149  672  671.707703991  1.68608462454  -0.0370657089108
0.0  149  687  687.052296699  1.85455093982  0.00858092852116
0.0  149  702  702.47588157  1.60311670218  0.0266883882979
0.0  149  718  718.000864608  1.90832945687  -0.0290482165184
0.0  149  734  733.647274329  1.7674602216  -0.0646099851306
0.0  149  749  749.493581313  1.75145555006  0.0421249195151
0.0  149  765  765.397572457  1.81437217896  0.0293720782886
0.0  149  781  781.443869152  1.7760012736  0.0536800775736
0.0  149  798  797.593394216  1.74588536896  0.0343875503052
0.0  149  814  813.921585604  1.86824900596  0.0294234299347
0.0  149  830  830.425342163  1.68831417097  0.0705041891076
0.0  148  847  847.117596169  1.97659483665  0.0628960476321
0.0  148  864  863.878974645  1.87186249971  -0.0176549930929
0.0  148  881  880.767914989  1.85215751602  -0.0803691634331
0.0  148  898  897.850531482  1.91646486229  -0.0275407118377
0.0  148  915  915.081126607  1.95753167517  0.0170947681125
0.0  148  932  932.422776094  1.84377329805  0.0211882846389
0.0  148  950  949.89671979  1.94508048085  0.0315886082855
0.0  147  968  967.625728254  1.85823083677  0.0303971162403
0.0  147  985  985.461389987  1.80046539084  0.0703186299193
0.0  147  1003  1003.44483374  1.80393125725  0.104917280876
-1.42467129411  139  6  6.24873552395  1.44937258924  0.0963244970891
-1.42467129411  139  17  16.5744088846  1.25682367105  -0.0250950546039
-1.42467129411  139  27  27.1024746593  1.5290012693  0.0518385604189
-1.42467129411  139  38  37.5755004733  1.23405475094  -0.0807653637983
-1.42467129411  139  48  48.2837497358  1.45082562259  0.0760845854772
-1.42467129411  139  59  58.8846284258  1.56861871307  -0.0664628873398
-1.42467129411  139  70  69.6335297718  1.36367890762  -0.0877373207944
-1.42467129411  140  80  80.4968646335  1.22766776759  0.027405601172
-1.42467129411  140  91  91.4470481322  1.41023668511  0.0427831396209
-1.42467129411  140  102  102.430627161  1.37210171857  0.0738353906898
-1.42467129411  140  113  113.491128073  1.27168172704  0.107688052461
-1.42467129411  140  125  124.555708486  1.27467529823  -0.0625683303354
-1.42467129411  140  136  135.781681401  1.53207167492  -0.00443490201493
-1.42467129411  140  147  147.108758721  1.6201523428  0.059046439375
-1.42467129411  140  158  158.477795899  1.28334974233  0.0424236973498
-1.42467129411  140  170  169.866257322  1.51903681733  -0.01837509424
-1.42467129411  141  181  181.425699011  1.36580042631  0.0894286379594
-1.42467129411  141  193  192.96273554  1.61407942853  -0.0809501183908
-1.42467129411  141  205  204.635118411  1.39186223773  -0.0900599392921
-1.42467129411  141  216  216.473077269  1.32901278568  0.055778739094
-1.42467129411  141  228  228.347366139  1.55444634765  0.0379742974424
-1.42467129411  141  240  240.288874288  1.58587600802  0.067274110232
-1.42467129411  141  252  252.315911164  1.57302890892  0.0898435922237
-1.42467129411  141  264  264.412158688  1.50583387987  0.075721127228
-1.42467129411  141  277  276.548198435  1.33566790849  0.0028932049333
-1.42467129411  141  289  288.813988475  1.6354848532  -0.00473023512551
-1.42467129411  141  301  301.226312458  1.60750547088  0.0808130974155
-1.42467129411  142  314  313.589385956  1.36400464884  0.00800957030683
-1.42467129411  142  326  326.185004928  1.60400347553  0.0875919576528
-1.42467129411  142  339  338.729562142  1.54549490336  -0.0579336582738
-1.42467129411  142  352  351.511805182  1.37813788152  0.0392535881278
-1.42467129411  142  364  364.348934945  1.58997806686  0.0714445618944
-1.42467129411  142  377  377.251158594  1.69201192533  -0.0128636987968
-1.42467129411  142  390  390.268479814  1.69146199708  0.0379489516636
-1.42467129411  142  403  403.393417558  1.65691837246  0.0602596223473
-1.42467129411  142  417  416.555450747  1.58635446205  -0.00933571758795
-1.42467129411  142  430  429.858806933  1.71540666173  0.0108340125384
-1.42467129411  142  443  443.32022256  1.69813062452  0.0825622642296
-1.42467129411  142  457  456.739352021  1.707078992  -0.0147847213456
-1.42467129411  142  470  470.405790981  1.57259317912  0.104813548886
-1.42467129411  142  484  484.117706023  1.71234957227  0.104279617064
-1.42467129411  142  498  497.885036691  1.7123102592  0.00679873065296
-1.42467129411  142  512  511.785113105  1.63498435365  -0.0697259755575
-1.42467129411  142  526  525.843485422  1.71912822489  0.00149866939943
-1.42467129411  142  540  539.98611688  1.76959010095  -0.0176061854541
-1.42467129411  142  554  554.280883594  1.71802028971  0.0315674199842
-1.42467129411  142  569  568.542540387  1.64801868829  -0.0717703610671
-1.42467129411  142  583  583.091664986  1.85963167739  0.0132108285536
-1.42467129411  142  598  597.658099979  1.76059625074  -0.00542392918838
-1.42467129411  142  612  612.393203414  1.70714452005  0.0683070724637
-1.42467129411  142  627  627.197280142  1.81903422117  0.0833189315788
-1.42467129411  142  642  642.130194621  1.76740231233  0.0816876547281
-1.42467129411  142  657  657.190395494  1.78653394788  0.103426910418
-1.42467129411  142  672  672.361758275  1.64994606102  0.0800620628713
-1.42467129411  142  688  687.596317562  1.61567395029  -0.0382327434329
-1.42467129411  142  703  703.073431963  1.87715516766  0.0306936299465
-1.42467129411  142  719  718.589825936  1.69925073013  -0.056378573728
-1.42467129411  142  734  734.311452762  1.82049515277  0.0304282151544
-1.42467129411  142  750  750.113028488  1.89018582035  0.0351455947739
-1.42467129411  142  766  766.022794406  1.887143302  0.0230606021701
-1.42467129411  141  782  782.199665528  1.86185311341  0.0654426613376
-1.42467129411  141  798  798.394549278  1.70666226109  0.117392305394
-1.42467129411  141  815  814.666373717  1.78561669283  0.00655243302481
-1.42467129411  141  831  831.208944017  1.85210426758  0.0758357899342
-1.42467129411  141  848  847.802145996  1.79592927794  0.0206179775341
-1.42467129411  141  865  864.566281109  1.64696049149  -0.0189383421953
-1.42467129411  141  882  881.520792914  1.60740724982  -0.0329860802856
-1.42467129411  141  899  898.574811732  1.76223865321  -0.0282196811341
-1.42467129411  140  916  915.893146045  1.93457047273  -0.00721321137901
-1.42467129411  140  933  933.280329103  1.92065295828  0.0262582551298
-1.42467129411  140  951  950.733507834  1.92921440311  -0.00270490666331
-1.42467129411  140  968  968.420580608  1.81899551375  0.0699598882993
-1.42467129411  140  986  986.254974781  1.87531150386  0.0912021779587
-1.42467129411  139  1004  1004.34969698  1.79821452733  0.101647612071
-1.24474329411  140  6  6.23116643933  1.45478963404  0.0905502604098
-1.24474329411  140  17  16.5517787874  1.2399016461  -0.0263341930721
-1.24474329411  140  27  27.0758810891  1.54280313708  0.0435670376915
-1.24474329411  140  38  37.5692310251  1.2412330382  -0.0832835844726
-1.24474329411  140  48  48.2693165505  1.46020704979  0.092071939239
-1.24474329411  140  59  58.8610025446  1.55630835483  -0.0691966310759
-1.24474329411  140  70  69.6242448704  1.3311995921  -0.0660763647891
-1.24474329411  140  80  80.4832262533  1.20727053428  0.0507244284868
-1.24474329411  141  91  91.4275986602  1.40776103334  0.0559616626687
-1.24474329411  141  102  102.408862278  1.40871332143  0.0770561858387
-1.24474329411  141  113  113.461545574  1.30787086937  0.109001405599
-1.24474329411  141  125  124.549004693  1.25400840499  -0.0353917368312
-1.24474329411  141  136  135.743197583  1.51673699474  -0.0141336999966
-1.24474329411  141  147  147.064152915  1.63456302369  0.0130862985904
-1.24474329411  141  158  158.460322895  1.29034044586  0.0415853390229
-1.24474329411  141  170  169.835136466  1.57366996538  -0.0491104985504
-1.24474329411  142  181  181.413194583  1.40388229094  0.0954226329173
-1.24474329411  142  193  192.914480173  1.60192106341  -0.09791041348
-1.24474329411  142  205  204.601495276  1.30096981804  -0.0850146586308
-1.24474329411  142  216  216.443394986  1.37011533757  0.0626916336999
-1.24474329411  142  228  228.287856053  1.58856354027  0.0325918239273
-1.24474329411  142  240  240.235528768  1.60756748031  0.0388117071104
-1.24474329411  142  252  252.264446406  1.58221099435  0.0848644160419
-1.24474329411  142  264  264.356092539  1.54786668532  0.0515723001598
-1.24474329411  142  277  276.510808772  1.38218981099  0.0171840799731
-1.24474329411  142  289  288.753292971  1.60623624116  -0.0121851484946
-1.24474329411  142  301  301.190359182  1.651643229  0.068418021151
-1.24474329411  143  314  313.540156264  1.33348613484  0.0409572620845
-1.24474329411  143  326  326.119538754  1.65339371182  0.0697520164482
-1.24474329411  143  339  338.673529384  1.49722047693  -0.0643830786293
-1.24474329411  143  351  351.468445561  1.45528010255  0.0715386904862
-1.24474329411  143  364  364.289382877  1.64229275251  0.0523693357318
-1.24474329411  143  377  377.163727586  1.716805728  -0.0572402014426
-1.24474329411  143  390  390.202694099  1.73029880935  0.0226104483807
-1.24474329411  143  403  403.321822121  1.67706339394  0.0394477445568
-1.24474329411  143  417  416.509174957  1.66615819579  0.00615040734491
-1.24474329411  143  430  429.77757928  1.71270096044  -0.00786450774612
-1.24474329411  143  443  443.247846054  1.73115139832  0.0808547000491
-1.24474329411  143  457  456.677233029  1.66440152753  -0.00971268686923
-1.24474329411  143  470  470.346054095  1.6421944848  0.0874008501274
-1.24474329411  143  484  484.038645998  1.74498914356  0.0846994645927
-1.24474329411  143  498  497.803833566  1.66949734018  -0.0123471250767
-1.24474329411  143  512  511.713463447  1.59961970726  -0.051954037111
-1.24474329411  143  526  525.75447714  1.64443004155  -0.0156074669916
-1.24474329411  143  540  539.896610218  1.73864766107  -0.0378374707508
-1.24474329411  143  554  554.199044488  1.76757125335  0.00540110094066
-1.24474329411  143  569  568.531420531  1.67917545725  -0.0174578666191
-1.24474329411  143  583  583.008318447  1.8508019565  -0.000143851105841
-1.24474329411  143  598  597.596677701  1.73571072658  0.00832376880862
-1.24474329411  143  612  612.309691237  1.77239266475  0.0627346493111
-1.24474329411  143  627  627.114549496  1.83809605356  0.0754937332777
-1.24474329411  143  642  642.025233856  1.79273295388  0.0542191550845
-1.24474329411  143  657  657.090626977  1.80097722784  0.0708092022443
-1.24474329411  143  672  672.270586197  1.74049759804  0.073028626549
-1.24474329411  143  688  687.540742255  1.60423106197  0.00601697077066
-1.24474329411  143  703  702.947132499  1.84614529214  -0.00762428174596
-1.24474329411  143  719  718.523448443  1.72371867666  -0.0235598440559
-1.24474329411  143  734  734.214631897  1.85872739128  0.00582155774641
-1.24474329411  143  750  750.002422096  1.89339537302  0.00965194670364
-1.24474329411  142  766  766.021364558  1.88808082139  0.0146795782743
-1.24474329411  142  782  782.094440782  1.88663636269  0.0502275099805
-1.24474329411  142  798  798.303703449  1.80026546389  0.120296403111
-1.24474329411  142  815  814.567474494  1.69373258139  0.013951806679
-1.24474329411  142  831  831.084812075  1.90294992548  0.0499901881738
-1.24474329411  142  848  847.69440425  1.7311275667  0.00914011552016
-1.24474329411  142  864  864.488402148  1.61552324402  0.032547017683
-1.24474329411  142  881  881.439162154  1.73402582881  0.0102909079401
-1.24474329411  141  899  898.574680428  1.76219237318  -0.0260857370808
-1.24474329411  141  916  915.783408454  1.91094466748  -0.0217911785514
-1.24474329411  141  933  933.168670525  1.95171424962  0.0152016771085
-1.24474329411  141  951  950.617414865  1.86873032583  -0.0101100551914
-1.24474329411  141  968  968.332220382  1.84392406468  0.105946463779
-1.24474329411  141  986  986.133287338  1.92677670982  0.0757761334494
-1.24474329411  140  1004  1004.23896367  1.89511865132  0.11157433978
-1.06481529411  141  6  6.21083270362  1.43228866339  0.0869210335466
-1.06481529411  141  17  16.540469779  1.23706324036  -0.011949845094
-1.06481529411  141  27  27.0449555785  1.54865396525  0.0456901136566
-1.06481529411  141  38  37.5476879968  1.23777864902  -0.0771943537049
-1.06481529411  141  48  48.2377402661  1.4666437541  0.0893801756655
-1.06481529411  141  59  58.8154689551  1.50162687152  -0.0852740596178
-1.06481529411  141  70  69.5912945015  1.29352855481  -0.0903615162479
-1.06481529411  141  80  80.4838654807  1.2210397041  0.0541041973084
-1.06481529411  142  91  91.3990685831  1.45756542686  0.0573267819921
-1.06481529411  142  102  102.380252799  1.43234256566  0.0702457930034
-1.06481529411  142  113  113.446547809  1.32038626543  0.114769572587
-1.06481529411  142  125  124.524485248  1.21665924573  -0.0178933842014
-1.06481529411  142  136  135.703478443  1.45607692653  -0.0201921708298
-1.06481529411  142  147  147.000285818  1.62859739045  -0.00923148819233
-1.06481529411  142  158  158.434633217  1.31904651492  0.0506485582644
-1.06481529411  142  170  169.793532082  1.50780899383  -0.0449582748808
-1.06481529411  142  181  181.389968171  1.38905667308  0.122878620453
-1.06481529411  143  193  192.856281836  1.54553475347  -0.125532247939
-1.06481529411  143  205  204.570866545  1.24185198359  -0.0865863119109
-1.06481529411  143  216  216.40698399  1.45816668607  0.0614698033451
-1.06481529411  143  228  228.255466654  1.62780051901  0.0599196702315
-1.06481529411  143  240  240.174712249  1.64569571741  0.0228139506409
-1.06481529411  143  252  252.206014316  1.6329620577  0.0560102994707
-1.06481529411  143  264  264.312271062  1.59365136119  0.0519295234865
-1.06481529411  143  276  276.480715082  1.4446023566  0.0713371815804
-1.06481529411  143  289  288.704681133  1.57446513199  -0.00621511747184
-1.06481529411  143  301  301.130280947  1.64265849978  0.0553465841368
-1.06481529411  143  314  313.540908759  1.34672127388  0.0301718324184
-1.06481529411  144  326  326.052535061  1.66855523306  0.0441904758974
-1.06481529411  144  339  338.622767588  1.42625426773  -0.0632290404796
-1.06481529411  144  351  351.431375785  1.47855947908  0.0881508458167
-1.06481529411  144  364  364.232844854  1.65657270012  0.0431132726144
-1.06481529411  144  377  377.106377026  1.73917940505  -0.0586887086802
-1.06481529411  144  390  390.133966525  1.71419842819  0.00781179010026
-1.06481529411  144  403  403.270134284  1.70740929404  0.0395017651692
-1.06481529411  144  416  416.455400207  1.59375379445  0.0234503947693
-1.06481529411  144  430  429.720778229  1.66634399492  -0.0118011621548
-1.06481529411  144  443  443.172065613  1.73642800227  0.062807505052
-1.06481529411  144  457  456.613085982  1.59157951001  -0.0219094044323
-1.06481529411  144  470  470.296348104  1.65304969486  0.106586731123
-1.06481529411  144  484  483.958349251  1.72663733348  0.0626324668679
-1.06481529411  144  498  497.723355497  1.57329045213  -0.0266032314243
-1.06481529411  144  512  511.640728939  1.51666235489  -0.0627621479509
-1.06481529411  144  526  525.671252501  1.54693836086  -0.038126364118
-1.06481529411  144  540  539.820377819  1.73378362066  -0.0573310057295
-1.06481529411  144  554  554.116580329  1.77450879191  -0.00922718087201
-1.06481529411  144  568  568.482718527  1.61421283475  0.0204266299702
-1.06481529411  144  583  582.920361453  1.8343961839  -0.0163822386547
-1.06481529411  144  598  597.516958652  1.69913097257  0.00907432341735
-1.06481529411  144  612  612.242617284  1.78636528094  0.0728012452327
-1.06481529411  144  627  627.007712828  1.86124462044  0.0297034169494
-1.06481529411  144  642  641.930519154  1.79955448189  0.0343221318304
-1.06481529411  144  657  656.988513225  1.83834372127  0.0446303465513
-1.06481529411  144  672  672.180877729  1.77712748732  0.0612131435279
-1.06481529411  144  687  687.481426922  1.57721425685  0.0430056383343
-1.06481529411  144  703  702.855118573  1.82995705358  -0.0247372212096
-1.06481529411  144  718  718.451146919  1.68122333049  0.00279272335935
-1.06481529411  144  734  734.117931517  1.88537678292  -0.00028472115515
-1.06481529411  144  750  749.907577866  1.90486114476  0.0164439120971
-1.06481529411  143  766  765.926980527  1.8885586631  0.00190345526031
-1.06481529411  143  782  781.97678479  1.88301681514  0.0183397201792
-1.06481529411  143  798  798.209896019  1.83377290181  0.0983216195713
-1.06481529411  143  814  814.503775243  1.67180799021  0.076094598432
-1.06481529411  143  831  830.960953773  1.87735508616  0.0109196168615
-1.06481529411  143  848  847.590918568  1.69058855266  0.0312845840068
-1.06481529411  143  864  864.406992301  1.72125893708  0.0494890096586
-1.06481529411  143  881  881.340199919  1.82854924053  0.0175162607281
-1.06481529411  142  898  898.488715945  1.73337298417  0.00988479715794
-1.06481529411  142  916  915.669640419  1.85429755193  -0.0219255256014
-1.06481529411  142  933  933.049206785  1.97987891797  0.00745372130588
-1.06481529411  142  951  950.523803118  1.84173824038  0.00858080021749
-1.06481529411  142  968  968.220235015  1.89870271068  0.103319116612
-1.06481529411  142  986  985.972782938  1.93646987651  0.010509040206
-1.06481529411  141  1004  1004.11793101  1.91443818697  0.089697801603
-0.884887294107  141  6  6.19439764727  1.46594059111  0.0763871203444
-0.884887294107  142  17  16.5220293181  1.23790251614  -0.00903936175921
-0.884887294107  142  27  27.0125325241  1.56416920142  0.0231334317755
-0.884887294107  142  38  37.5446097344  1.22196434375  -0.0455340084653
-0.884887294107  142  48  48.2047123913  1.4808961987  0.0656957356565
-0.884887294107  142  59  58.7894321139  1.5076208904  -0.0926209421395
-0.884887294107  142  70  69.5782721458  1.25497314522  -0.0792495555055
-0.884887294107  142  80  80.4681190411  1.25441639296  0.0819416458691
-0.884887294107  143  91  91.3698705774  1.49147465781  0.0560038873774
-0.884887294107  143  102  102.358744213  1.48902983883  0.0661482972859
-0.884887294107  143  113  113.419100477  1.39429788894  0.112929457161
-0.884887294107  143  125  124.511383029  1.23301296791  0.00588802091072
-0.884887294107  143  136  135.676716142  1.47646440273  -0.0225088818856
-0.884887294107  143  147  146.985705619  1.61358240864  0.0075853920717
-0.884887294107  143  158  158.400364092  1.39523523014  0.0445261914388
-0.884887294107  143  170  169.744319108  1.51577512035  -0.0778054165771
-0.884887294107  143  181  181.365187866  1.46030723478  0.0891813826644
-0.884887294107  144  193  192.812035963  1.52363672071  -0.141139647512
-0.884887294107  144  205  204.541165328  1.24393760215  -0.0782240690085
-0.884887294107  144  216  216.376193533  1.44512506891  0.0616927829657
-0.884887294107  144  228  228.219057848  1.6205919954  0.0141246876342
-0.884887294107  144  240  240.137551466  1.6349966644  0.0258411102047
-0.884887294107  144  252  252.157789795  1.62987835914  0.0502867144614
-0.884887294107  144  264  264.272778027  1.58733980905  0.0505622567033
-0.884887294107  144  276  276.449866558  1.39918559624  0.0825796562714
-0.884887294107  144  289  288.648234477  1.49812510139  -0.0249451901909
-0.884887294107  144  301  301.075649245  1.6764811918  0.0352276273813
-0.884887294107  144  314  313.520464256  1.34198829028  0.0572147997044
-0.884887294107  144  326  326.054907418  1.66910605751  0.0596806895937
-0.884887294107  145  339  338.578537356  1.3286357754  -0.0476028643206
-0.884887294107  145  351  351.379136452  1.53963965072  0.0780085049099
-0.884887294107  145  364  364.17033829  1.67331380021  0.0259615058862
-0.884887294107  145  377  377.017045562  1.72158310898  -0.148550107945
-0.884887294107  145  390  390.081428772  1.72664508521  0.000475372606387
-0.884887294107  145  403  403.199867126  1.74645291015  0.0263808018112
-0.884887294107  145  416  416.403786913  1.63008018477  0.0257061806724
-0.884887294107  145  430  429.660544479  1.61093746325  -0.0140236956279
-0.884887294107  145  443  443.098109751  1.76860473019  0.0471831267864
-0.884887294107  145  457  456.562635554  1.5632937426  0.00537282258285
-0.884887294107  145  470  470.21151764  1.70506297186  0.0776803738279
-0.884887294107  145  484  483.867444796  1.70766920976  0.026282601712
-0.884887294107  145  498  497.659441881  1.55023879219  -0.0309388723068
-0.884887294107  145  512  511.578018647  1.37429938226  -0.0544640891293
-0.884887294107  145  526  525.607962252  1.48889737828  -0.0284979958859
-0.884887294107  145  540  539.730364751  1.66351985273  -0.0747810772777
-0.884887294107  145  554  554.016165358  1.79773986903  -0.0384685931462
-0.884887294107  145  568  568.410261045  1.68423618905  0.0333687514961
-0.884887294107  145  583  582.841351869  1.81741456361  -0.0304079721034
-0.884887294107  145  597  597.467363397  1.72932253578  0.0530438940304
-0.884887294107  145  612  612.163113667  1.80320608497  0.0633764698055
-0.884887294107  145  627  626.914392295  1.85119635803  0.0133138936569
-0.884887294107  145  642  641.829157513  1.77691106436  0.0063536007095
-0.884887294107  145  657  656.879705761  1.81739133998  0.00856742697135
-0.884887294107  145  672  672.090410272  1.82350426032  0.0373558716153
-0.884887294107  145  687  687.403680007  1.67969253071  0.0596563472429
-0.884887294107  145  703  702.76007272  1.79406651166  -0.0403528312204
-0.884887294107  145  718  718.372277718  1.75829074811  0.0208631894099
-0.884887294107  145  734  734.01949407  1.898976117  -0.0160190566531
-0.884887294107  144  750  749.896884299  1.89820029305  -0.000108628211207
-0.884887294107  144  766  765.817232413  1.88888730101  -0.0129773931017
-0.884887294107  144  782  781.875479207  1.87413322871  0.00747574619034
-0.884887294107  144  798  798.096333698  1.86738284339  0.0894126288707
-0.884887294107  144  814  814.438820042  1.69283678413  0.108869768392
-0.884887294107  144  831  830.832761314  1.84727158778  -0.0185851010998
-0.884887294107  144  848  847.515690579  1.61998080436  0.0654146885825
-0.884887294107  144  864  864.321887297  1.77844203473  0.0735390436335
-0.884887294107  144  881  881.219358063  1.87921795996  0.0148954429451
-0.884887294107  143  898  898.395738131  1.82901592052  0.0283534139502
-0.884887294107  143  916  915.57414767  1.84708564388  -0.0140680969233
-0.884887294107  143  933  932.921174307  1.97981051263  -0.015813702322
-0.884887294107  143  950  950.440233365  1.82388297954  0.0522452620211
-0.884887294107  143  968  968.097468312  1.93954657827  0.0798447185034
-0.884887294107  142  986  985.981773724  1.9369560672  0.0322586639277
-0.884887294107  142  1004  1003.97351988  1.93802320736  0.0697408665048
-0.704959294107  142  6  6.19200681934  1.4752125821  0.0892255093826
-0.704959294107  143  17  16.5201365728  1.22226948577  0.0114053798948
-0.704959294107  143  27  26.9937448498  1.55139741344  0.0149107853495
-0.704959294107  143  38  37.5162859543  1.20631372897  -0.0601498044938
-0.704959294107  143  48  48.1896667942  1.50502135808  0.0538636310253
-0.704959294107  143  59  58.7761650203  1.50564858203  -0.0814323031552
-0.704959294107  143  70  69.5592195549  1.26005205979  -0.0850596200266
-0.704959294107  143  80  80.4528896361  1.29914505605  0.0608964227405
-0.704959294107  143  91  91.361392329  1.51426435891  0.032875041247
-0.704959294107  144  102  102.328623008  1.46490981431  0.0750683865486
-0.704959294107  144  113  113.391848314  1.41775496822  0.112417588093
-0.704959294107  144  124  124.488304754  1.26336330978  0.038731120884
-0.704959294107  144  136  135.64750087  1.38886787402  -0.0223960465105
-0.704959294107  144  147  146.966735172  1.59546830288  0.0492094826419
-0.704959294107  144  158  158.36606799  1.36425883188  0.0447894948554
-0.704959294107  144  170  169.713316056  1.43825305251  -0.0675406035342
-0.704959294107  144  181  181.351399364  1.44727605313  0.0951219902393
-0.704959294107  145  193  192.80326481  1.51628851267  -0.112807354967
-0.704959294107  145  205  204.518208021  1.21736051298  -0.0641948450058
-0.704959294107  145  216  216.341969229  1.5240684411  0.0669914158225
-0.704959294107  145  228  228.164403008  1.62715207234  -0.00214338218157
-0.704959294107  145  240  240.090369197  1.64685619134  0.00959177661443
-0.704959294107  145  252  252.116220601  1.65341691894  0.0433133615299
-0.704959294107  145  264  264.219972981  1.62570821374  0.0388160837311
-0.704959294107  145  276  276.420741206  1.47454230404  0.0972885608046
-0.704959294107  145  289  288.613661963  1.44806995895  -0.00900337176615
-0.704959294107  145  301  301.00562174  1.68949029274  0.0204309009171
-0.704959294107  145  313  313.479202379  1.4037881282  0.101934047799
-0.704959294107  145  326  325.995696596  1.66407855511  0.0398211564056
-0.704959294107  146  339  338.569781638  1.2696981541  -0.0214717691014
-0.704959294107  146  351  351.338819255  1.59682374958  0.0800780772901
-0.704959294107  146  364  364.117637888  1.67548486343  0.0201677431881
-0.704959294107  146  377  376.970217066  1.71446859903  -0.114880479263
-0.704959294107  146  390  390.010683903  1.72021158946  -0.0151047958743
-0.704959294107  146  403  403.133928451  1.76402887318  0.0074985043051
-0.704959294107  146  416  416.347445678  1.6788498675  0.0325698643522
-0.704959294107  146  430  429.617406021  1.6085935965  0.00216811448618
-0.704959294107  146  443  443.035470443  1.77202898979  0.0406407554983
-0.704959294107  146  457  456.518665952  1.5792475041  0.0278937871792
-0.704959294107  146  470  470.15002617  1.73562469117  0.0777295251874
-0.704959294107  146  484  483.818102491  1.68423994889  0.038401275497
-0.704959294107  146  498  497.600785945  1.48552066585  -0.00786825049388
-0.704959294107  146  512  511.534330126  1.25966408734  -0.0458201542751
-0.704959294107  146  526  525.558272725  1.39587252913  -0.00157524993457
-0.704959294107  146  540  539.669745695  1.58402976542  -0.065063278309
-0.704959294107  146  554  553.940189346  1.77733769405  -0.0503966080689
-0.704959294107  146  568  568.350265837  1.70406282152  0.0349633433982
-0.704959294107  146  583  582.75677102  1.78131764613  -0.0415182905267
-0.704959294107  146  597  597.395629725  1.76490800817  0.0610542285941
-0.704959294107  146  612  612.069972785  1.81941606878  0.0453288247077
-0.704959294107  146  627  626.841653924  1.8031221845  0.0107518760909
-0.704959294107  146  642  641.754828945  1.73156574832  0.00799562709168
-0.704959294107  146  657  656.783657878  1.78120363924  -0.00211729427886
-0.704959294107  146  672  671.988601993  1.81442950493  0.00823804470463
-0.704959294107  146  687  687.315744914  1.7506709745  0.0616922885291
-0.704959294107  146  703  702.666207375  1.73037955878  -0.0527580588007
-0.704959294107  146  718  718.294665913  1.83247490973  0.0319225898482
-0.704959294107  145  734  733.958807021  2.00564255205  -0.0224402483692
-0.704959294107  145  750  749.805167226  1.85739332759  -0.0106731915439
-0.704959294107  145  766  765.719126559  1.83566110867  -0.0189387141825
-0.704959294107  145  782  781.764138853  1.85866488014  -0.00306224420945
-0.704959294107  145  798  797.993010914  1.88553168328  0.0662463101456
-0.704959294107  145  814  814.341884481  1.72961964408  0.109415785357
-0.704959294107  145  831  830.734361468  1.77646661495  -0.0282406784399
-0.704959294107  145  847  847.437728235  1.66253558116  0.105064597651
-0.704959294107  145  864  864.21164599  1.84235495929  0.0539667450158
-0.704959294107  144  881  881.220851726  1.87050325185  0.0247964103267
-0.704959294107  144  898  898.302041419  1.86109510168  0.0453221399289
-0.704959294107  144  915  915.486585858  1.81328634717  0.0146571516913
-0.704959294107  144  933  932.801213991  1.94137785038  -0.0312589100764
-0.704959294107  144  950  950.349679088  1.84683844129  0.0779183926798
-0.704959294107  144  968  967.953948198  1.96128700115  0.0510840242951
-0.704959294107  143  986  985.855773897  1.9141496258  0.0250354843432
-0.704959294107  143  1004  1003.848565  1.90645858588  0.0343392216687
-0.525031294107  143  6  6.16102551359  1.50622592687  0.0663712047759
-0.525031294107  144  17  16.5176641099  1.22363403386  -0.0211451893859
-0.525031294107  144  27  26.9680195754  1.55754538097  0.00694741953009
-0.525031294107  144  38  37.5097230831  1.22896550858  -0.0401457147784
-0.525031294107  144  48  48.1652701031  1.49208909879  0.0569437975893
-0.525031294107  144  59  58.7550064645  1.49049071232  -0.0982297669741
-0.525031294107  144  70  69.5461571735  1.20741068231  -0.065788961496
-0.525031294107  144  80  80.4354596242  1.30110116511  0.0652773513106
-0.525031294107  144  91  91.3470023777  1.50544115473  0.0475420847397
-0.525031294107  145  102  102.302910061  1.49770828587  0.0736254867932
-0.525031294107  145  113  113.371158721  1.43777050163  0.119329578687
-0.525031294107  145  124  124.476803458  1.2973594312  0.0582569271636
-0.525031294107  145  136  135.622301713  1.39472904493  -0.0261734549303
-0.525031294107  145  147  146.921924051  1.59792317777  0.0301813427208
-0.525031294107  145  158  158.34252157  1.46269045714  0.0530408701605
-0.525031294107  145  170  169.688973958  1.45794392859  -0.0740844711333
-0.525031294107  145  181  181.301752269  1.51424145523  0.0854945650614
-0.525031294107  145  193  192.781465547  1.52913956192  -0.131385701462
-0.525031294107  146  204  204.498757838  1.27548243976  0.000835623758191
-0.525031294107  146  216  216.290484128  1.52847148493  0.0536749221247
-0.525031294107  146  228  228.115367405  1.62672964082  -0.0231565536831
-0.525031294107  146  240  240.038796692  1.63624514008  -0.0091081185617
-0.525031294107  146  252  252.080661989  1.66170039815  0.0394979193103
-0.525031294107  146  264  264.173336033  1.64089070966  0.0338236231293
-0.525031294107  146  276  276.3780812  1.50032765925  0.0938783766659
-0.525031294107  146  289  288.574410994  1.41403861501  -0.00733451608289
-0.525031294107  146  301  300.945083118  1.66693919394  -0.00698281377696
-0.525031294107  146  313  313.450103506  1.46862460866  0.113773266771
-0.525031294107  146  326  325.933363744  1.63566916963  0.0323640799194
-0.525031294107  146  339  338.542966052  1.27020699537  -0.0237919199811
-0.525031294107  147  351  351.287068032  1.62134682473  0.0859512793527
-0.525031294107  147  364  364.052507379  1.70309005651  0.00271988524406
-0.525031294107  147  377  376.907797385  1.68409439218  -0.112628897265
-0.525031294107  147  390  389.936432996  1.71801386828  -0.036426138673
-0.525031294107  147  403  403.068149716  1.76837367356  -0.00469929471015
-0.525031294107  147  416  416.283034542  1.72691264714  0.023291320239
-0.525031294107  147  430  429.566759215  1.6524883954  0.022840783142
-0.525031294107  147  443  442.953159731  1.75668322785  0.0151532208786
-0.525031294107  147  456  456.470867492  1.63842045224  0.0424072617533
-0.525031294107  147  470  470.067232288  1.74255714776  0.053460665586
-0.525031294107  147  484  483.743830073  1.6539187658  0.0280653552833
-0.525031294107  147  498  497.559856355  1.51600513521  0.0256917566271
-0.525031294107  147  511  511.494330844  1.53739427906  0.035647008306
-0.525031294107  147  526  525.51506547  1.41931386901  0.0133677565219
-0.525031294107  147  540  539.615365104  1.55270996867  -0.0542954309691
-0.525031294107  147  554  553.847918647  1.75146585012  -0.0685560907896
-0.525031294107  147  568  568.263419941  1.76131587823  0.0268441612106
-0.525031294107  147  583  582.69102595  1.75713957574  -0.0244325578868
-0.525031294107  147  597  597.317489375  1.80319711162  0.0455834033828
-0.525031294107  147  612  611.987267682  1.81632356362  0.0324915054083
-0.525031294107  147  627  626.74650759  1.76970700945  -0.00282800187005
-0.525031294107  147  642  641.676020682  1.68614998406  0.0141977375483
-0.525031294107  147  657  656.714080642  1.75509759223  0.00395719906281
-0.525031294107  147  672  671.883258828  1.78232622671  -0.0132201480089
-0.525031294107  147  687  687.227863938  1.81569390369  0.0376908676803
-0.525031294107  147  703  702.6007866  1.68965685596  -0.0366007602427
-0.525031294107  147  718  718.195199056  1.8650299555  0.00151122022052
-0.525031294107  146  734  733.92015871  1.87367534159  -0.0303294251499
-0.525031294107  146  750  749.712268275  1.83703239071  -0.0138938256711
-0.525031294107  146  766  765.626371414  1.79570848248  -0.014069986774
-0.525031294107  146  782  781.67655625  1.81210174735  -0.00212071127415
-0.525031294107  146  798  797.874061984  1.88321492538  0.0501537773002
-0.525031294107  146  814  814.25193158  1.80919969506  0.103054147994
-0.525031294107  146  831  830.636210967  1.71619391393  -0.0269412722001
-0.525031294107  146  847  847.355207021  1.75413656803  0.110695865895
-0.525031294107  146  864  864.096123474  1.87533377934  0.0263643304432
-0.525031294107  145  881  881.104023336  1.92016197042  -0.0101709255035
-0.525031294107  145  898  898.182540641  1.89735027762  0.0243808632537
-0.525031294107  145  915  915.400333309  1.84633265725  0.0307975902803
-0.525031294107  145  933  932.687304082  1.87739444958  -0.0454692265371
-0.525031294107  145  950  950.245693977  1.87963854233  0.076751950977
-0.525031294107  145  968  967.826829679  1.94740888116  0.0247048121049
-0.525031294107  144  986  985.738440968  1.88011893524  0.00612588315141
-0.525031294107  144  1004  1003.70783388  1.86632720017  0.0058867389426
-0.345103294107  144  6  6.14475885303  1.50153623006  0.0737728922596
-0.345103294107  144  17  16.5038602828  1.23061285433  0.00267278330648
-0.345103294107  145  27  26.9297526908  1.52833165403  -0.00923899653021
-0.345103294107  145  38  37.5018647506  1.22611789427  -0.0297934684536
-0.345103294107  145  48  48.1348403584  1.53666564151  0.0536377836441
-0.345103294107  145  59  58.7344029156  1.44884841541  -0.0976189644278
-0.345103294107  145  70  69.5260976394  1.20404517696  -0.0600071574347
-0.345103294107  145  80  80.4227134536  1.36367276379  0.090674756701
-0.345103294107  145  91  91.3174163055  1.51556280436  0.0415963254812
-0.345103294107  146  102  102.282923332  1.44381776592  0.0607271488691
-0.345103294107  146  113  113.353397745  1.4543285601  0.128261157695
-0.345103294107  146  124  124.450870031  1.31509366479  0.0611710376678
-0.345103294107  146  136  135.591418635  1.30071393398  -0.0109618898111
-0.345103294107  146  147  146.880883811  1.58916734269  0.0122136096328
-0.345103294107  146  158  158.317698614  1.46350674986  0.0558379912528
-0.345103294107  146  170  169.655684186  1.38385800021  -0.0678261531529
-0.345103294107  146  181  181.25942901  1.52405692383  0.0720074014256
-0.345103294107  146  193  192.748180024  1.48460418368  -0.135891664821
-0.345103294107  146  204  204.484334704  1.2607070952  0.0310676333987
-0.345103294107  147  216  216.255342697  1.57155359438  0.0474948730374
-0.345103294107  147  228  228.062987247  1.65682815499  -0.0347079590282
-0.345103294107  147  240  239.994186075  1.64562370589  -0.0198513348453
-0.345103294107  147  252  252.02336714  1.66641779103  0.0175753674138
-0.345103294107  147  264  264.120817722  1.6591096159  0.0199624994534
-0.345103294107  147  276  276.335996208  1.57996990036  0.0989379627517
-0.345103294107  147  289  288.552942706  1.40278415333  0.0349595001839
-0.345103294107  147  301  300.890558125  1.64976646129  -0.0237503025145
-0.345103294107  147  313  313.39846166  1.50455252132  0.0950005857412
-0.345103294107  147  326  325.863433963  1.62866607447  -0.00858234223616
-0.345103294107  147  339  338.514881295  1.2806005706  -0.00906332361922
-0.345103294107  147  351  351.284255692  1.63558601353  0.0713443234676
-0.345103294107  148  364  363.993091148  1.70165658828  -0.0248697952697
-0.345103294107  148  377  376.863425605  1.67868298754  -0.0958205898919
-0.345103294107  148  390  389.890825461  1.70898619716  -0.0388728942393
-0.345103294107  148  403  403.004148246  1.74303979256  -0.0116906097725
-0.345103294107  148  416  416.236520594  1.72231200846  0.0231500978088
-0.345103294107  148  430  429.518414017  1.61101026312  0.0345599568296
-0.345103294107  148  443  442.879336769  1.74913944487  -0.00153138553923
-0.345103294107  148  456  456.426884144  1.57812164759  0.072306854602
-0.345103294107  148  470  470.003713456  1.74506204882  0.0364747077107
-0.345103294107  148  484  483.667112891  1.5770282384  0.00170362301747
-0.345103294107  148  498  497.511573769  1.42300437398  0.030018469501
-0.345103294107  148  511  511.457980355  1.51886111535  0.0725234704446
-0.345103294107  148  525  525.472502744  1.5011523095  0.0800676504647
-0.345103294107  148  540  539.551954342  1.39367195892  -0.056495680522
-0.345103294107  148  554  553.780240925  1.70806908933  -0.0805722349351
-0.345103294107  148  568  568.204696778  1.76766417006  0.0312550293263
-0.345103294107  148  583  582.611686872  1.68954773142  -0.0410322471526
-0.345103294107  148  597  597.255057935  1.80349341142  0.0568456984122
-0.345103294107  148  612  611.89847856  1.81985326249  0.0171524933349
-0.345103294107  148  627  626.657201373  1.71632629349  -0.012852767705
-0.345103294107  148  642  641.606298328  1.59660666557  0.0134540942749
-0.345103294107  148  657  656.615956515  1.62530373807  -0.0127453437628
-0.345103294107  148  672  671.798830986  1.76502594283  -0.0218308094743
-0.345103294107  148  687  687.144825489  1.84298235611  0.0240602950322
-0.345103294107  148  703  702.53487808  1.61464006853  -0.0186258688257
-0.345103294107  147  718  718.197229397  1.85908003163  0.0158159891098
-0.345103294107  147  734  733.820871022  1.85344855933  -0.049642971805
-0.345103294107  147  750  749.630611254  1.82305608674  -0.0117920567649
-0.345103294107  147  766  765.56053677  1.79268906856  0.0127123988939
-0.345103294107  147  782  781.601319019  1.79219225257  0.0111360369309
-0.345103294107  147  798  797.777521879  1.83922794613  0.0354649227359
-0.345103294107  147  814  814.143506615  1.86430299142  0.078932253461
-0.345103294107  147  831  830.556279139  1.65567565616  -0.00593243233607
-0.345103294107  147  847  847.26270108  1.82404706541  0.0953998693289
-0.345103294107  147  864  863.981021091  1.87611453065  -0.0113802251655
-0.345103294107  146  881  880.980947394  1.93689430496  -0.0400131294538
-0.345103294107  146  898  898.069679349  1.92190544401  0.00788824167204
-0.345103294107  146  915  915.29092791  1.8799389412  0.0297862163846
-0.345103294107  146  933  932.585840062  1.83512737659  -0.0412916197098
-0.345103294107  146  950  950.125573189  1.93970510201  0.0596516296134
-0.345103294107  146  968  967.712035765  1.89681880502  0.014684786775
-0.345103294107  145  986  985.63342706  1.78776177935  0.00730118540149
-0.345103294107  145  1004  1003.61171562  1.79930524856  0.0253855676717
-0.165175294107  145  6  6.11587269964  1.51576828951  0.0590150511898
-0.165175294107  145  16  16.4994154989  1.21273019347  0.0818644327172
-0.165175294107  146  27  26.9153892864  1.55589346286  -0.00994586057188
-0.165175294107  146  37  37.4897277522  1.2384417225  0.0253180298758
-0.165175294107  146  48  48.1023213118  1.5301083708  0.0417681191145
-0.165175294107  146  59  58.7158369593  1.43687391254  -0.0923418156015
-0.165175294107  146  70  69.520850342  1.19279487725  -0.0400179157623
-0.165175294107  146  80  80.400856121  1.35694202134  0.0932150005101
-0.165175294107  146  91  91.2870862257  1.53031422892  0.0328698587811
-0.165175294107  146  102  102.270830835  1.49137433572  0.0612774863914
-0.165175294107  147  113  113.308961775  1.50714776431  0.111716584466
-0.165175294107  147  124  124.429608759  1.41012856119  0.0670651294593
-0.165175294107  147  136  135.57164012  1.32229311019  -0.0163305053216
-0.165175294107  147  147  146.849265742  1.58473982243  0.0100223651062
-0.165175294107  147  158  158.267919491  1.54310394656  0.02776839007
-0.165175294107  147  170  169.624697492  1.36647362919  -0.0713493570763
-0.165175294107  147  181  181.224016639  1.5602692836  0.0693048793621
-0.165175294107  147  193  192.715302799  1.46751588657  -0.123261844696
-0.165175294107  147  204  204.476190221  1.32305884443  0.0250840981949
-0.165175294107  148  216  216.224400528  1.57334584297  0.0451607934478
-0.165175294107  148  228  228.022336786  1.64072303953  -0.0452222302061
-0.165175294107  148  240  239.949622087  1.63102163995  -0.0191715615409
-0.165175294107  148  252  251.978880384  1.64206258795  0.0107802090315
-0.165175294107  148  264  264.081967864  1.65852940611  0.0140536807505
-0.165175294107  148  276  276.297716405  1.57453685589  0.0970558434686
-0.165175294107  148  289  288.520186123  1.15007952706  0.104768882226
-0.165175294107  148  301  300.845956968  1.63591491562  -0.0192223490004
-0.165175294107  148  313  313.37703646  1.55714117376  0.12047729659
-0.165175294107  148  326  325.815282492  1.60162409388  -0.0139818636715
-0.165175294107  148  338  338.494366061  1.32288462533  0.0481529647316
-0.165175294107  148  351  351.228958581  1.66367947605  0.0686249581183
-0.165175294107  148  364  363.995327385  1.70097772697  -0.0124680179956
-0.165175294107  149  377  376.80432694  1.66945625852  -0.088062526564
-0.165175294107  149  390  389.822858016  1.69081105048  -0.0472661990233
-0.165175294107  149  403  402.94527839  1.73857207827  -0.0309409784143
-0.165175294107  149  416  416.178737309  1.74080916287  0.0231542651503
-0.165175294107  149  429  429.474837464  1.61141815517  0.0517259986158
-0.165175294107  149  443  442.815566773  1.73615999683  -0.00734985911188
-0.165175294107  149  456  456.377271085  1.63388646739  0.071476651586
-0.165175294107  149  470  469.926305039  1.74829747016  0.0240644278005
-0.165175294107  149  484  483.611870009  1.55654698448  0.0151931815416
-0.165175294107  149  497  497.475017577  1.54477662838  0.0923172509523
-0.165175294107  149  511  511.397365733  1.59136624584  0.067961085853
-0.165175294107  149  525  525.424924314  1.57062614687  0.085836839789
-0.165175294107  149  540  539.511441096  1.35770873621  -0.0303864599288
-0.165175294107  149  554  553.713678854  1.66343580456  -0.0753277870422
-0.165175294107  149  568  568.122607926  1.81313824009  0.0125789184703
-0.165175294107  149  583  582.560614781  1.6897622128  -0.029199125714
-0.165175294107  149  597  597.175131256  1.83518125913  0.0364927448411
-0.165175294107  149  612  611.817267711  1.80075572499  0.00905807124615
-0.165175294107  149  627  626.597298274  1.68204395148  -0.00232144371136
-0.165175294107  149  642  641.543770969  1.55223811781  0.0345140461239
-0.165175294107  149  657  656.567098379  1.58951632101  0.0141445191544
-0.165175294107  149  672  671.714815572  1.68832504874  -0.0326324117246
-0.165175294107  149  687  687.052245784  1.85301540667  0.00679441287121
-0.165175294107  148  703  702.538363538  1.69095730417  0.0210282183014
-0.165175294107  148  718  718.101565048  1.87497118014  -0.00321008859968
-0.165175294107  148  734  733.728808409  1.81647873042  -0.0610392063879
-0.165175294107  148  750  749.543306355  1.78304257952  -0.00651526213244
-0.165175294107  148  765  765.481149594  1.76551428416  0.0293701358388
-0.165175294107  148  782  781.524612177  1.74389101359  0.0372056447447
-0.165175294107  148  798  797.663268986  1.79804713512  0.010471200846
-0.165175294107  148  814  814.034370971  1.88073218658  0.0531416827667
-0.165175294107  148  830  830.488748725  1.60298516921  0.03871710883
-0.165175294107  148  847  847.154711857  1.88169712405  0.079970533935
-0.165175294107  147  864  864.011487817  1.8812597955  0.0741074743593
-0.165175294107  147  881  880.869288163  1.87690976323  -0.0649825423298
-0.165175294107  147  898  897.961059534  1.91718651931  -0.0099552587327
-0.165175294107  147  915  915.191762122  1.9472413269  0.0219776255796
-0.165175294107  147  933  932.509082856  1.82482783539  -0.0103864699842
-0.165175294107  147  950  950.012116053  1.9489295821  0.0422635536552
-0.165175294107  146  968  967.71906348  1.937153482  0.0491354131554
-0.165175294107  146  986  985.544644702  1.77639718466  0.0402265102105
-0.165175294107  146  1004  1003.52162121  1.75813308848  0.0609435925921
0.0147527058926  146  6  6.10967258769  1.49259145284  0.057824944561
0.0147527058926  146  16  16.4895851832  1.18996643607  0.0877248870917
0.0147527058926  146  27  26.9050537781  1.5184365228  0.0199553580451
0.0147527058926  147  37  37.4755145417  1.24959078599  0.033045521684
0.0147527058926  147  48  48.0782606547  1.54876444534  0.0280376117181
0.0147527058926  147  59  58.6850553057  1.41935136231  -0.103581087572
0.0147527058926  147  70  69.5009535172  1.20326834002  -0.0315810814132
0.0147527058926  147  80  80.3688179175  1.42550909782  0.0751325223805
0.0147527058926  147  91  91.2547398507  1.55527064695  0.0200728481571
0.0147527058926  147  102  102.241174563  1.54910591321  0.0539172608313
0.0147527058926  148  113  113.286091674  1.54899353532  0.0874841376367
0.0147527058926  148  124  124.41401039  1.38413211774  0.0807933462364
0.0147527058926  148  136  135.547357211  1.24450589223  -0.00784163423802
0.0147527058926  148  147  146.80845752  1.55494525962  -0.00167576171709
0.0147527058926  148  158  158.252897188  1.51999791694  0.0436856331753
0.0147527058926  148  170  169.610433553  1.33458160067  -0.0351690639671
0.0147527058926  148  181  181.191879645  1.55786341957  0.067783225012
0.0147527058926  148  193  192.678423639  1.42525298278  -0.13871279564
0.0147527058926  148  204  204.454836085  1.29601224556  0.0469112919296
0.0147527058926  149  216  216.203446965  1.56756715603  0.0553872161041
0.0147527058926  149  228  227.98122981  1.64468648968  -0.0476724663736
0.0147527058926  149  240  239.897421998  1.64852810476  -0.0362995783619
0.0147527058926  149  252  251.926735354  1.66391315962  -0.00112947141287
0.0147527058926  149  264  264.036729926  1.67753250102  0.0025534516324
0.0147527058926  149  276  276.26178382  1.60083094548  0.09590758609
0.0147527058926  149  288  288.498986239  1.11957412922  0.152050196825
0.0147527058926  149  301  300.787320629  1.63551236067  -0.036205647602
0.0147527058926  149  313  313.328987268  1.56202492607  0.119052869463
0.0147527058926  149  326  325.764116329  1.59083260235  -0.0265279188587
0.0147527058926  149  338  338.456549078  1.4152020946  0.0641746359538
0.0147527058926  149  351  351.157838105  1.69137255364  0.0319419595518
0.0147527058926  149  364  363.930442364  1.70355220343  -0.0279026981661
0.0147527058926  149  377  376.80432694  1.66945625852  -0.088062526564
0.0147527058926  150  390  389.775137991  1.66075143071  -0.0552195472029
0.0147527058926  150  403  402.877473186  1.74690862623  -0.0377838420798
0.0147527058926  150  416  416.120278325  1.73479402361  0.0152215464238
0.0147527058926  150  429  429.431826519  1.66191082651  0.057910221637
0.0147527058926  150  443  442.759765517  1.71403331787  -0.0105026172426
0.0147527058926  150  456  456.317294475  1.67637532673  0.0666901328736
0.0147527058926  150  470  469.867268451  1.71159728848  0.0127887852569
0.0147527058926  150  484  483.568477708  1.54226752264  0.0426609163637
0.0147527058926  150  497  497.420435828  1.60479816688  0.0888102213562
0.0147527058926  150  511  511.342987397  1.65980245855  0.0715574926836
0.0147527058926  150  525  525.371058194  1.64859161974  0.100791023486
0.0147527058926  150  539  539.480006897  1.58158492452  0.0388378037666
0.0147527058926  150  554  553.663828175  1.65162077284  -0.0680626949951
0.0147527058926  150  568  568.052957824  1.81586484063  0.00372527589648
0.0147527058926  150  583  582.511063084  1.70879830519  0.00331230182006
0.0147527058926  150  597  597.090145301  1.8408378548  0.0197478120502
0.0147527058926  150  612  611.746537837  1.78019967296  0.00747871966957
0.0147527058926  150  627  626.543820445  1.65229918211  0.0320086409743
0.0147527058926  150  641  641.491796034  1.62574622575  0.0874721747274
0.0147527058926  150  657  656.519286552  1.56730429218  0.0466743590481
0.0147527058926  150  672  671.626004632  1.61521658427  -0.0463267919592
0.0147527058926  150  687  686.952945353  1.85497905541  -0.0187844814955
0.0147527058926  149  702  702.47588157  1.60311670218  0.0266883882979
0.0147527058926  149  718  718.000864608  1.90832945687  -0.0290482165184
0.0147527058926  149  734  733.647274329  1.7674602216  -0.0646099851306
0.0147527058926  149  749  749.493581313  1.75145555006  0.0421249195151
0.0147527058926  149  765  765.397572457  1.81437217896  0.0293720782886
0.0147527058926  149  781  781.443869152  1.7760012736  0.0536800775736
0.0147527058926  149  798  797.593394216  1.74588536896  0.0343875503052
0.0147527058926  149  814  813.921585604  1.86824900596  0.0294234299347
0.0147527058926  149  830  830.425342163  1.68831417097  0.0705041891076
0.0147527058926  149  847  847.044868285  1.89042768484  0.055053113167
0.0147527058926  148  864  863.878851853  1.87166313402  -0.0185343174327
0.0147527058926  148  881  880.767914989  1.85215751602  -0.0803691634331
0.0147527058926  148  898  897.850531482  1.91646486229  -0.0275407118377
0.0147527058926  148  915  915.081126607  1.95753167517  0.0170947681125
0.0147527058926  148  932  932.422776094  1.84377329805  0.0211882846389
0.0147527058926  148  950  949.888129273  1.94352419535  0.0275704469449
0.0147527058926  147  968  967.625433799  1.85583383568  0.0331596085813
0.0147527058926  147  985  985.461389987  1.80046539084  0.0703186299193
0.0147527058926  147  1003  1003.44483374  1.80393125725  0.104917280876
0.194680705893  147  6  6.08961282466  1.52864633955  0.056922283473
0.194680705893  147  16  16.479883028  1.17832018835  0.0860058212981
0.194680705893  147  27  26.8982349202  1.53163870453  -0.0256089711586
0.194680705893  148  37  37.4733947694  1.27095829853  0.0519770691334
0.194680705893  148  48  48.0732492854  1.52807464398  0.0453752165552
0.194680705893  148  59  58.6643754471  1.3868204086  -0.103956992944
0.194680705893  148  69  69.4972770403  1.25201693304  0.0264072808565
0.194680705893  148  80  80.3612808834  1.41615012804  0.0901539237602
0.194680705893  148  91  91.2425458207  1.56205369205  0.0366600130801
0.194680705893  148  102  102.243009462  1.52798607736  0.0752396645456
0.194680705893  148  113  113.297893048  1.52133126659  0.121150464351
0.194680705893  149  124  124.393913062  1.41942717888  0.0797979696272
0.194680705893  149  136  135.539117351  1.23526161545  0.0246579266116
0.194680705893  149  147  146.793560548  1.54185026429  0.0201093252023
0.194680705893  149  158  158.212338374  1.53019234938  0.0295426403391
0.194680705893  149  170  169.579439323  1.2934860634  -0.0387832229209
0.194680705893  149  181  181.154232111  1.59475901326  0.0554631806299
0.194680705893  149  193  192.641494664  1.3811152095  -0.150698792462
0.194680705893  149  204  204.431126873  1.39083390546  0.0546573722696
0.194680705893  149  216  216.18716374  1.61736931387  0.0385007568055
0.194680705893  150  228  227.945367606  1.62175951628  -0.0566115263723
0.194680705893  150  240  239.875716555  1.61449575604  -0.0321844708136
0.194680705893  150  252  251.886409264  1.63180376416  -0.0121454874947
0.194680705893  150  264  263.990001349  1.65878398444  -0.00311149610317
0.194680705893  150  276  276.21835113  1.60660506756  0.0778569215503
0.194680705893  150  288  288.467126598  1.38548444067  0.108164092059
0.194680705893  150  301  300.750616464  1.58716732289  -0.0341910417679
0.194680705893  150  313  313.276813291  1.62218026328  0.10467279441
0.194680705893  150  326  325.717662136  1.54713307255  -0.0329614407522
0.194680705893  150  338  338.415023374  1.49014765772  0.069622019514
0.194680705893  150  351  351.103651585  1.70031899158  0.0262316775802
0.194680705893  150  364  363.870329234  1.66635431867  -0.0397096254902
0.194680705893  150  377  376.765556968  1.64541288518  -0.0828475435787
0.194680705893  150  390  389.775137991  1.66075143071  -0.0552195472029
0.194680705893  151  403  402.832151822  1.73494081351  -0.036411186943
0.194680705893  151  416  416.046307382  1.75404663631  -0.0134809946801
0.194680705893  151  429  429.377384271  1.69406644851  0.0458619319412
0.194680705893  151  443  442.720494127  1.70111384733  0.00130500459372
0.194680705893  151  456  456.255431654  1.72618717771  0.0645035064342
0.194680705893  151  470  469.793275337  1.68902715923  -0.00362043852587
0.194680705893  151  484  483.5193257  1.56721085468  0.0565075250053
0.194680705893  151  497  497.354465174  1.67660840055  0.0905492125669
0.194680705893  151  511  511.26019434  1.71148347354  0.045891559479
0.194680705893  151  525  525.293223199  1.69332700883  0.0761297740149
0.194680705893  151  539  539.420875886  1.66405132717  0.046089744533
0.194680705893  151  554  553.596683036  1.59556847438  -0.0594811026339
0.194680705893  151  568  567.965777684  1.81554122338  -0.00935407341078
0.194680705893  151  582  582.447417196  1.73842645198  0.018196925467
0.194680705893  151  597  597.011371531  1.83721226386  0.0124896454443
0.194680705893  151  612  611.677654947  1.75357755694  0.0167989002268
0.194680705893  151  626  626.492085247  1.67011128956  0.059275642781
0.194680705893  151  641  641.433028179  1.7026621336  0.0990255620877
0.194680705893  151  656  656.453170637  1.61842581389  0.0780957360919
0.194680705893  151  672  671.572359865  1.56771035343  -0.0234913188974
0.194680705893  150  687  686.95414776  1.8567756936  -0.011378795197
0.194680705893  150  702  702.413047097  1.69014805886  0.0465893233032
0.194680705893  150  718  717.904263735  1.86547551115  -0.0478073485705
0.194680705893  150  734  733.574473788  1.77521359189  -0.0358778188296
0.194680705893  150  749  749.410981819  1.80081925128  0.03840572417
0.194680705893  150  765  765.319842168  1.88267332868  0.0546685777085
0.194680705893  150  781  781.370907711  1.82082495361  0.0720892600819
0.194680705893  150  798  797.521255446  1.70971799387  0.0730895258607
0.194680705893  150  814  813.814579779  1.84639424286  0.0162304446993
0.194680705893  150  830  830.343338985  1.74354358022  0.0773699519138
0.194680705893  150  847  846.924980996  1.89070776145  0.0273601995202
0.194680705893  149  864  863.765366949  1.83218985306  -0.0430449176253
0.194680705893  149  881  880.663513355  1.80280147086  -0.0848114022148
0.194680705893  149  898  897.745293984  1.88794366639  -0.0294212756445
0.194680705893  149  915  914.962476007  1.96140994384  -0.00777736475187
0.194680705893  149  932  932.340350628  1.85983684139  0.0326234243064
0.194680705893  149  950  949.78340833  1.92693133893  0.0101511722508
0.194680705893  148  968  967.523841769  1.84008592769  0.0520287306622
0.194680705893  148  985  985.374702825  1.84084316151  0.0984541865975
0.194680705893  148  1003  1003.3428471  1.8507623225  0.120209266439
0.194680705893  148  1021  1021.4508661  1.58215360487  0.0
0.374608705893  148  6  6.07846697383  1.50584144836  0.0585427250809
0.374608705893  148  16  16.4695461862  1.1960076599  0.0893719714352
0.374608705893  148  27  26.8732299236  1.53928784318  -0.0290859993839
0.374608705893  149  37  37.4633784287  1.27627997008  0.0492491110401
0.374608705893  149  48  48.0511106302  1.55135362987  0.041598628108
0.374608705893  149  59  58.6494411335  1.37987779963  -0.0912007889851
0.374608705893  149  69  69.4777644906  1.2784819003  0.0423724211477
0.374608705893  149  80  80.3433928062  1.46335590196  0.0953966085689
0.374608705893  149  91  91.2254881115  1.56503533801  0.0398453374272
0.374608705893  149  102  102.206080112  1.55871235267  0.0675535989572
0.374608705893  149  113  113.269249802  1.52946399399  0.111146957752
0.374608705893  150  124  124.377535041  1.42892370962  0.0868189022515
0.374608705893  150  136  135.526775421  1.23452929086  0.036677297857
0.374608705893  150  147  146.766949923  1.53394573611  0.0160527995698
0.374608705893  150  158  158.188294813  1.53011910379  0.030892017036
0.374608705893  150  170  169.560740046  1.23662915841  -0.0224075111762
0.374608705893  150  181  181.120308791  1.60041746036  0.0477996931116
0.374608705893  150  193  192.620094204  1.36467241293  -0.140741595936
0.374608705893  150  204  204.404981651  1.37638418708  0.0524404091537
0.374608705893  150  216  216.140827706  1.62612966756  0.0281282343031
0.374608705893  151  228  227.916347085  1.60562868051  -0.0523494260825
0.374608705893  151  240  239.832009475  1.6183489662  -0.0318513022611
0.374608705893  151  252  251.842570018  1.62902235442  -0.0181086278964
0.374608705893  151  264  263.939820452  1.66328505609  -0.0238404565516
0.374608705893  151  276  276.171695106  1.65017600655  0.0686937392877
0.374608705893  151  288  288.432877854  1.49146494586  0.104182219571
0.374608705893  151  301  300.70591838  1.57273462306  -0.035337860036
0.374608705893  151  313  313.23060115  1.63831103421  0.0926208054751
0.374608705893  151  326  325.674164986  1.52253014419  -0.0319305217035
0.374608705893  151  338  338.368446107  1.58855680556  0.063053133402
0.374608705893  151  351  351.055452334  1.69773316444  0.018233669879
0.374608705893  151  364  363.815715053  1.63665651079  -0.0525747186377
0.374608705893  151  377  376.714767882  1.61388663288  -0.0904035286626
0.374608705893  151  390  389.727625117  1.64618772759  -0.0530223277592
0.374608705893  151  403  402.832151822  1.73494081351  -0.036411186943
0.374608705893  152  416  415.994777978  1.73160435357  -0.0130540675819
0.374608705893  152  429  429.339019203  1.68661471994  0.0731797192471
0.374608705893  152  443  442.655080289  1.65230000439  -0.012783636617
0.374608705893  152  456  456.191470006  1.71800495446  0.0593202397245
0.374608705893  152  470  469.734601402  1.67447504596  -0.0100281312257
0.374608705893  152  483  483.482405496  1.47959609984  0.105485668097
0.374608705893  152  497  497.310064248  1.67913991223  0.100295040284
0.374608705893  152  511  511.222075198  1.7396388079  0.0622123588785
0.374608705893  152  525  525.238797952  1.74226761563  0.0760950142728
0.374608705893  152  539  539.36459338  1.70845155714  0.0553871487578
0.374608705893  152  554  553.541335299  1.49878432062  -0.0410208784276
0.374608705893  152  568  567.899459067  1.80510205094  -0.0169470385726
0.374608705893  152  582  582.38614992  1.72742672832  0.0289232372582
0.374608705893  152  597  596.925281494  1.8435184217  -0.0110895826647
0.374608705893  152  612  611.605096215  1.71505974567  0.0142984781052
0.374608705893  152  626  626.432886417  1.64739285257  0.0812681792737
0.374608705893  152  641  641.370404722  1.71364574213  0.106846452779
0.374608705893  152  656  656.395304549  1.63721381996  0.10325298006
0.374608705893  151  672  671.573662919  1.59413350757  -0.0119957618914
0.374608705893  151  687  686.855700256  1.82103745479  -0.0348904625034
0.374608705893  151  702  702.339077679  1.77125298097  0.0400912086651
0.374608705893  151  718  717.814552461  1.83610006247  -0.0568243063058
0.374608705893  151  734  733.517904764  1.78414491511  -0.00290413888837
0.374608705893  151  749  749.327606121  1.84580849663  0.0411466520334
0.374608705893  151  765  765.22983283  1.90028367896  0.0419118563102
0.374608705893  151  781  781.284696765  1.87279744235  0.060728480298
0.374608705893  151  797  797.452282856  1.74449817657  0.0952180338835
0.374608705893  151  814  813.73119199  1.80653407171  0.0161653359954
0.374608705893  151  830  830.253866877  1.81240887629  0.0774674405774
0.374608705893  150  847  846.923374657  1.89079929644  0.0139357275496
0.374608705893  150  864  863.664111086  1.77122593394  -0.0433086287376
0.374608705893  150  881  880.578514109  1.72145326616  -0.0708119214547
0.374608705893  150  898  897.702896147  0.0241418051538  0.0984055642002
0.374608705893  150  915  914.8512951  1.93551815415  -0.0244506460248
0.374608705893  150  932  932.238371426  1.93179619578  0.0358232718953
0.374608705893  150  950  949.670693887  1.90847887199  0.0104838069078
0.374608705893  149  967  967.447368823  1.81262788879  0.0824945863107
0.374608705893  149  985  985.266977034  1.91469523108  0.101216250039
0.374608705893  149  1003  1003.2472477  1.88798009245  0.12132521893
0.374608705893  149  1021  1021.3242701  1.86630878281  0.0
0.554536705893  149  6  6.06636808034  1.52367599078  0.0436575901443
0.554536705893  149  16  16.4627749273  1.19761336353  0.103136273078
0.554536705893  149  27  26.8570244829  1.52968291022  -0.0366579195811
0.554536705893  149  37  37.46342303  1.27538447188  0.0483645445508
0.554536705893  150  48  48.0313377473  1.53333200595  0.0322071265794
0.554536705893  150  59  58.6409095367  1.3789664976  -0.096329158253
0.554536705893  150  69  69.4753163235  1.26087396279  0.0440747791401
0.554536705893  150  80  80.3259910768  1.42772202205  0.0903498239638
0.554536705893  150  91  91.2099443237  1.57728519372  0.0435610703698
0.554536705893  150  102  102.181003588  1.53888614329  0.0632937051667
0.554536705893  150  113  113.2523673  1.54136300062  0.114323561651
0.554536705893  150  124  124.36610214  1.42129282748  0.111181072512
0.554536705893  151  136  135.511666891  1.29094272293  0.0545989539933
0.554536705893  151  147  146.746684095  1.51545372644  0.0109329492099
0.554536705893  151  158  158.156062046  1.57872585494  0.0169508499452
0.554536705893  151  170  169.541291508  1.24524337751  -0.0198517850219
0.554536705893  151  181  181.08945706  1.61212417659  0.0441413098402
0.554536705893  151  193  192.605237296  1.33791777827  -0.135616388212
0.554536705893  151  204  204.372654645  1.4924408918  0.0577386517211
0.554536705893  151  216  216.106355026  1.62844619669  0.0172453455318
0.554536705893  151  228  227.886969733  1.62843283742  -0.079732798666
0.554536705893  152  240  239.789559221  1.5764953666  -0.0586549127229
0.554536705893  152  252  251.812035089  1.61618857865  -0.014260656005
0.554536705893  152  264  263.912180888  1.64207433354  -0.0196565282402
0.554536705893  152  276  276.134566253  1.64649700663  0.0740148908826
0.554536705893  152  288  288.414458908  1.45171946321  0.12564208097
0.554536705893  152  301  300.659985131  1.51559480628  -0.0504238768167
0.554536705893  152  313  313.185987146  1.67218920303  0.0898342715851
0.554536705893  152  326  325.640555095  1.43189687263  -0.0182296887391
0.554536705893  152  338  338.345036925  1.57485112122  0.0844440654946
0.554536705893  152  351  351.001828459  1.71742891195  0.0118790856708
0.554536705893  152  364  363.765608044  1.60165338713  -0.0602001519115
0.554536705893  152  377  376.658062899  1.55065698377  -0.104867542943
0.554536705893  152  390  389.679135321  1.59013329749  -0.0647923405643
0.554536705893  152  403  402.770435565  1.70909998535  -0.0536639670453
0.554536705893  152  416  415.994777978  1.73160435357  -0.0130540675819
0.554536705893  153  429  429.281624808  1.71488575226  0.0671317482121
0.554536705893  153  443  442.621576093  1.65663634071  0.00330154394338
0.554536705893  153  456  456.138629314  1.7439724591  0.0549766686753
0.554536705893  153  470  469.6878502  1.63065197947  0.000816274114334
0.554536705893  153  483  483.443765075  1.55549777407  0.123071204062
0.554536705893  153  497  497.238363644  1.71915124966  0.0792950358278
0.554536705893  153  511  511.136597921  1.7736826224  0.0333376069683
0.554536705893  153  525  525.17527127  1.76197160255  0.0688155517947
0.554536705893  153  539  539.301226866  1.7329881974  0.0524581177507
0.554536705893  153  554  553.510710295  1.58426680188  -0.00435815438104
0.554536705893  153  568  567.818721446  1.77096108527  -0.0360271224869
0.554536705893  153  582  582.332847625  1.75958648197  0.0437536104097
0.554536705893  153  597  596.848199313  1.8293346936  -0.0189768478731
0.554536705893  153  612  611.556877726  1.70191918119  0.0343966071593
0.554536705893  153  626  626.382612712  1.68984078665  0.107089253271
0.554536705893  153  641  641.305666261  1.75783397627  0.109584455606
0.554536705893  152  656  656.395183149  1.63949587813  0.100211402736
0.554536705893  152  672  671.519070716  1.49899726677  0.00892934809364
0.554536705893  152  687  686.774797799  1.76607732258  -0.0467595161059
0.554536705893  152  702  702.261588414  1.78867139264  0.0428789011529
0.554536705893  152  718  717.730307913  1.8147787287  -0.0650033470643
0.554536705893  152  733  733.445557771  1.77704416264  0.0101467414743
0.554536705893  152  749  749.252524942  1.88944621628  0.0461909083735
0.554536705893  152  765  765.143849998  1.91503658041  0.030494858069
0.554536705893  152  781  781.201046533  1.90191714543  0.0698071370823
0.554536705893  152  797  797.385336663  1.75914463746  0.113675020723
0.554536705893  152  814  813.637335605  1.73263778101  0.00436745695249
0.554536705893  152  830  830.160566706  1.87351680987  0.0680948453615
0.554536705893  151  847  846.82126119  1.85846426071  0.0175601356834
0.554536705893  151  864  863.588786011  1.72056090064  -0.0298121603517
0.554536705893  151  881  880.523949152  1.71719019341  -0.033031441797
0.554536705893  151  898  897.565530697  1.81645567049  -0.0145528559466
0.554536705893  151  915  914.750863536  1.91538819258  -0.030741687834
0.554536705893  151  932  932.131361502  1.94867574195  0.0199113578077
0.554536705893  150  950  949.677416804  1.96107805806  0.0497889420804
0.554536705893  150  967  967.359536369  1.88117609211  0.106766770573
0.554536705893  150  985  985.137008796  1.96027722284  0.0701712464907
0.554536705893  150  1003  1003.10848917  1.94869273556  0.0852149213904
0.554536705893  150  1021  1021.20524654  1.92262962163  0.0
0.734464705893  150  6  6.03622764798  1.53054212949  0.0381334200435
0.734464705893  150  16  16.4561958265  1.19155249642  0.103589570023
0.734464705893  150  27  26.8400507078  1.51680190985  -0.0289728419247
0.734464705893  150  37  37.4581357239  1.28297303087  0.0643835104968
0.734464705893  151  48  48.0202211487  1.55090952748  0.0363442558756
0.734464705893  151  59  58.6287828678  1.33315151962  -0.0990615712226
0.734464705893  151  69  69.4513215764  1.35148868696  0.0350059368113
0.734464705893  151  80  80.2960919444  1.49074829134  0.0723808506523
0.734464705893  151  91  91.1775723307  1.58948964207  0.0112446881923
0.734464705893  151  102  102.158057969  1.5849865709  0.0391301804966
0.734464705893  151  113  113.219941877  1.56286354939  0.0931370678068
0.734464705893  151  124  124.352740849  1.48452075992  0.0831995314675
0.734464705893  152  135  135.502284168  1.24847836923  0.0984743763744
0.734464705893  152  147  146.707619072  1.4869094544  -0.00492592115201
0.734464705893  152  158  158.130678273  1.56016612963  0.0104336080612
0.734464705893  152  170  169.527936417  1.24048298523  -0.00426736533665
0.734464705893  152  181  181.05793806  1.61987281907  0.022061052115
0.734464705893  152  193  192.581799135  1.26508289823  -0.125298892007
0.734464705893  152  204  204.349080409  1.47772983873  0.0455637057032
0.734464705893  152  216  216.070104878  1.62572903184  0.0163107916228
0.734464705893  152  228  227.86609244  1.60425823244  -0.0791533421153
0.734464705893  152  240  239.782483312  1.53608912633  -0.03281231541
0.734464705893  153  252  251.778888077  1.61539535492  -0.0217115539744
0.734464705893  153  264  263.856553093  1.63816480454  -0.0353696017423
0.734464705893  153  276  276.082673893  1.67589132166  0.0605150542934
0.734464705893  153  288  288.391942025  1.45157393589  0.189193189899
0.734464705893  153  301  300.628100099  1.47793671627  -0.0443747011191
0.734464705893  153  313  313.153874207  1.66660821431  0.0881300659636
0.734464705893  153  326  325.600461426  1.3990522785  -0.0124202757486
0.734464705893  153  338  338.292872332  1.60112914319  0.0711891438752
0.734464705893  153  351  350.940704725  1.69358768319  -0.0193720439253
0.734464705893  153  364  363.716852783  1.59345328824  -0.0599146080185
0.734464705893  153  377  376.627518366  1.52165073719  -0.0871356929306
0.734464705893  153  390  389.62833633  1.56038396025  -0.0592283939756
0.734464705893  153  403  402.726129695  1.66198591284  -0.0506987713151
0.734464705893  153  416  415.934143517  1.75052202303  -0.0250294581722
0.734464705893  153  429  429.273193837  1.72254882445  0.0591603802501
0.734464705893  153  443  442.608348763  1.56959863645  0.0309215494845
0.734464705893  154  456  456.08271839  1.74287863363  0.0369780919893
0.734464705893  154  470  469.646590935  1.63266351659  0.0106383678639
0.734464705893  154  483  483.398609  1.61462035423  0.118484876398
0.734464705893  154  497  497.17591215  1.73381339445  0.0612153342167
0.734464705893  154  511  511.059508501  1.76408983053  -0.00067120173725
0.734464705893  154  525  525.096642748  1.78921489724  0.040251555574
0.734464705893  154  539  539.224948953  1.77499569599  0.0307079958028
0.734464705893  154  553  553.458609948  1.67806209503  0.0160161730792
0.734464705893  154  568  567.758623217  1.76614942129  -0.0412193134695
0.734464705893  154  582  582.254721849  1.77843560853  0.0254284763876
0.734464705893  154  597  596.76789917  1.81256292568  -0.0418343899752
0.734464705893  154  611  611.491379289  1.70830965569  0.0511809848883
0.734464705893  154  626  626.30523311  1.73207598457  0.0898628404783
0.734464705893  153  641  641.305695627  1.7576465497  0.10998521379
0.734464705893  153  656  656.334877455  1.69834051565  0.113009058763
0.734464705893  153  671  671.479813883  1.57205607239  0.062383065283
0.734464705893  153  687  686.700601895  1.73567288211  -0.0523370978907
0.734464705893  153  702  702.174733763  1.87441084377  0.0391195635967
0.734464705893  153  718  717.65697509  1.73070306563  -0.0724543373332
0.734464705893  153  733  733.379646059  1.82060721184  0.0292824974676
0.734464705893  153  749  749.164728723  1.91958701886  0.0338416338994
0.734464705893  153  765  765.054100455  1.91840563312  0.019685875808
0.734464705893  153  781  781.102954976  1.92824186759  0.0439983959399
0.734464705893  153  797  797.307657938  1.81939293542  0.115926388398
0.734464705893  153  814  813.562925888  1.65634566942  0.0294414386979
0.734464705893  153  830  830.062258121  1.89022523962  0.0411023875227
0.734464705893  152  847  846.711208028  1.81680543053  -0.0186371674382
0.734464705893  152  864  863.522722158  1.65694671352  0.00166218145197
0.734464705893  152  880  880.434287014  1.75722741736  -0.00802661798774
0.734464705893  152  897  897.49043231  1.7687425308  0.0137862955925
0.734464705893  152  915  914.643162642  1.86062277095  -0.0362500838715
0.734464705893  152  932  932.021628049  1.95446520268  0.00475601567894
0.734464705893  151  950  949.587006773  1.87129788442  0.0296506417202
0.734464705893  151  967  967.253308533  1.91958382513  0.0961933175374
0.734464705893  151  985  985.026698122  1.9818405708  0.0462605199119
0.734464705893  151  1003  1002.99351228  1.96008135679  0.0501412689322
0.734464705893  151  1021  1021.30964373  1.78470632805  0.432115365454
0.914392705893  151  6  6.02253711021  1.5479837851  0.0113248836736
0.914392705893  151  16  16.4572449741  1.21197374694  0.122341736217
0.914392705893  151  27  26.8388108794  1.51854135407  -0.0270586646914
0.914392705893  151  37  37.4429091845  1.328817884  0.0639751358836
0.914392705893  152  48  47.994293494  1.55604015705  -0.022923025886
0.914392705893  152  59  58.6185103132  1.33701626374  -0.100048368447
0.914392705893  152  69  69.4547985094  1.30427372826  0.0497583128695
0.914392705893  152  80  80.2871392883  1.47884191782  0.0727584732348
0.914392705893  152  91  91.1672467492  1.58247960938  0.0215317422171
0.914392705893  152  102  102.137008771  1.56339768217  0.0373376485211
0.914392705893  152  113  113.210985298  1.56118168073  0.0954095416384
0.914392705893  152  124  124.327972934  1.48009525902  0.0714481736149
0.914392705893  153  135  135.485765224  1.25696905407  0.109772060353
0.914392705893  153  147  146.690081674  1.4766427048  -0.00844144351201
0.914392705893  153  158  158.10612832  1.60606227671  0.00617743929057
0.914392705893  153  170  169.515615121  1.25103470824  0.00926432763667
0.914392705893  153  181  181.025247181  1.60820169475  0.0236085527486
0.914392705893  153  193  192.564184387  1.24805372339  -0.110358524788
0.914392705893  153  204  204.323263116  1.53524964224  0.0611824561088
0.914392705893  153  216  216.04128984  1.65043720082  0.00780634810333
0.914392705893  153  228  227.832421912  1.61512708809  -0.0842102153611
0.914392705893  153  240  239.757413431  1.58070823093  -0.0534379297144
0.914392705893  154  252  251.747833655  1.57035526238  -0.0254998248057
0.914392705893  154  264  263.821653905  1.61515889558  -0.0420852676896
0.914392705893  154  276  276.051732179  1.6576955853  0.0502392612253
0.914392705893  154  288  288.382750776  1.3414688776  0.275370657563
0.914392705893  154  301  300.609671797  1.43400639275  -0.0304636341153
0.914392705893  154  313  313.098705234  1.69343189754  0.0639810107134
0.914392705893  154  326  325.572231011  1.36768827533  -0.0165366544759
0.914392705893  154  338  338.256518263  1.608420143  0.0677768175354
0.914392705893  154  351  350.895980843  1.68824100943  -0.0230066069106
0.914392705893  154  364  363.725722185  1.69335204839  0.0683943025621
0.914392705893  154  377  376.582310524  1.49045860176  -0.0922940843292
0.914392705893  154  390  389.596622275  1.51268038293  -0.0498853288515
0.914392705893  154  403  402.689552274  1.67498042148  -0.0441447714959
0.914392705893  154  416  415.873938442  1.73065141775  -0.0354826428233
0.914392705893  154  429  429.224084698  1.74914626988  0.051350674905
0.914392705893  154  443  442.56308278  1.62212452755  0.00523633948009
0.914392705893  154  456  456.08271839  1.74287863363  0.0369780919893
0.914392705893  155  470  469.597923558  1.62785495733  0.0285429064529
0.914392705893  155  483  483.348797754  1.66357231561  0.122194430347
0.914392705893  155  497  497.113543555  1.75108704399  0.0423906053072
0.914392705893  155  511  510.984745026  1.74802574915  -0.0237709179836
0.914392705893  155  525  525.026478867  1.77999367814  0.0161218901061
0.914392705893  155  539  539.157771625  1.79258511879  0.010526952458
0.914392705893  155  553  553.401271658  1.73574297654  0.0213880389652
0.914392705893  155  568  567.703715481  1.73719476909  -0.0302725485337
0.914392705893  155  582  582.185619743  1.8229910845  0.00854350205676
0.914392705893  155  597  596.713156942  1.78768156421  -0.0272220546214
0.914392705893  154  611  611.49141394  1.71479737827  0.0483315411894
0.914392705893  154  626  626.305021168  1.73270224161  0.09351089774
0.914392705893  154  641  641.216914439  1.80056455426  0.0846650367195
0.914392705893  154  656  656.264759031  1.74968061257  0.101840209369
0.914392705893  154  671  671.420659217  1.66721154876  0.0713193304527
0.914392705893  154  687  686.626834658  1.67108575302  -0.0520101207239
0.914392705893  154  702  702.091342335  1.85270532409  0.0129666478847
0.914392705893  154  718  717.590893236  1.72448897255  -0.0575923233583
0.914392705893  154  733  733.295174306  1.86132791507  0.0190001124603
0.914392705893  154  749  749.066520206  1.92987986485  0.0132229654624
0.914392705893  154  765  764.960281848  1.92396496813  -0.00267185376151
0.914392705893  154  781  781.000438692  1.92124907202  0.024581391312
0.914392705893  154  797  797.215765704  1.87361105648  0.101432947908
0.914392705893  154  813  813.501716191  1.64922461902  0.069618646617
0.914392705893  153  830  830.062788743  1.89041383686  0.0451669263388
0.914392705893  153  847  846.633008131  1.75675629314  -0.014528887862
0.914392705893  153  863  863.460553979  1.69818930518  0.0472673215182
0.914392705893  153  880  880.352057172  1.80796356268  0.00154257542116
0.914392705893  153  897  897.416556495  1.82732061719  0.0307261324678
0.914392705893  153  915  914.565441556  1.81862833111  -0.0299512944024
0.914392705893  153  932  931.916093068  1.94909239508  -0.009870875307
0.914392705893  152  949  949.490083013  1.84875486211  0.0478940648724
0.914392705893  152  967  967.128670803  1.96779787489  0.0692439091901
0.914392705893  152  985  984.898357649  1.95004192247  0.011098808044
0.914392705893  152  1003  1002.86605563  1.96341939922  0.0223133503913
0.914392705893  152  1021  1021.18836771  0.0236823802918  0.347420064186
1.09432070589  152  6  6.01640417346  1.54485193635  0.0229536377447
1.09432070589  152  16  16.4418796078  1.20438417099  0.101510193797
1.09432070589  152  27  26.8252545622  1.51539360702  -0.0280274800143
1.09432070589  152  37  37.440685401  1.29286688553  0.064862556738
1.09432070589  152  48  48.0172473756  1.55348731058  0.0410529937602
1.09432070589  153  59  58.6159080945  1.34648480459  -0.0939256179844
1.09432070589  153  69  69.434542008  1.32221728411  0.0373073818257
1.09432070589  153  80  80.283760522  1.50333607138  0.0812585653274
1.09432070589  153  91  91.1286798392  1.60333247888  -0.00449818374937
1.09432070589  153  102  102.118409649  1.58546447331  0.0316358476148
1.09432070589  153  113  113.183680882  1.56645375384  0.103136270501
1.09432070589  153  124  124.316831518  1.49675671415  0.0812909961843
1.09432070589  153  135  135.485562915  1.27618498045  0.0981486224474
1.09432070589  154  147  146.670709552  1.49152133798  -0.0160116373969
1.09432070589  154  158  158.074728431  1.58406305151  -0.00221852067065
1.09432070589  154  170  169.502035716  1.27812623896  0.017809704435
1.09432070589  154  181  180.981729584  1.61923120934  -0.00377109608468
1.09432070589  154  193  192.544593155  1.22291907876  -0.113452034458
1.09432070589  154  204  204.30038545  1.52298343923  0.051343682589
1.09432070589  154  216  215.999431269  1.61116555648  -0.00953387422856
1.09432070589  154  228  227.802973217  1.57254605066  -0.0828207936789
1.09432070589  154  240  239.734605043  1.55380953884  -0.047858993182
1.09432070589  154  252  251.747303295  1.55045771707  0.00880467169308
1.09432070589  155  264  263.793456352  1.62597420446  -0.0402670629625
1.09432070589  155  276  276.01147675  1.69350726914  0.034041058883
1.09432070589  155  288  288.34514364  1.45843548467  0.243733926911
1.09432070589  155  301  300.579935284  1.44299782927  -0.0160190405874
1.09432070589  155  313  313.056749852  1.69028875082  0.0544722337159
1.09432070589  155  326  325.554907017  1.37318704398  0.0125805200388
1.09432070589  155  338  338.204899091  1.64710907736  0.0496688366196
1.09432070589  155  351  350.85523046  1.66174116162  -0.0260902655923
1.09432070589  155  364  363.584581759  1.10361505676  -0.0350636249508
1.09432070589  155  377  376.565358723  1.46085273693  -0.0585017780414
1.09432070589  155  390  389.562775714  1.54084345328  -0.0335715909083
1.09432070589  155  403  402.64358052  1.6472959939  -0.0362955766041
1.09432070589  155  416  415.826761529  1.71512903914  -0.0449868024936
1.09432070589  155  429  429.165680226  1.75145642112  0.0370812651072
1.09432070589  155  443  442.532949831  1.67104341086  0.018939412158
1.09432070589  155  456  456.016091632  1.73830483486  0.01766953477
1.09432070589  155  470  469.598703963  1.63542171411  0.0254811023522
1.09432070589  155  483  483.348797754  1.66357231561  0.122194430347
1.09432070589  155  497  497.092927456  1.75555030953  -0.0125691830504
1.09432070589  156  511  510.926425114  1.77478442119  -0.0120136516732
1.09432070589  156  525  524.944480663  1.77823496006  -0.00239017898112
1.09432070589  156  539  539.085432525  1.809327815  -0.00408657381219
1.09432070589  156  553  553.361779353  1.74392478505  0.0336200984167
1.09432070589  156  568  567.639709233  1.69022499872  -0.0340280794803
1.09432070589  155  582  582.185619743  1.8229910845  0.00854350205676
1.09432070589  155  597  596.713156942  1.78768156421  -0.0272220546214
1.09432070589  155  611  611.445198648  1.72980254435  0.0691957182786
1.09432070589  155  626  626.233327262  1.79211865696  0.0725178050403
1.09432070589  155  641  641.151091647  1.82783966199  0.0846265542528
1.09432070589  155  656  656.183459899  1.78723031362  0.0837241057076
1.09432070589  155  671  671.350029044  1.75989950484  0.0710743788569
1.09432070589  155  687  686.564140619  1.66447744655  -0.0350631167945
1.09432070589  155  702  701.998655984  1.85831880581  -0.00806889032152
1.09432070589  155  718  717.536261391  1.75692475959  -0.0286966356745
1.09432070589  155  733  733.220992431  1.87834020417  0.00414568228425
1.09432070589  155  749  748.978279801  1.93697510612  0.00355070553801
1.09432070589  155  765  764.867791041  1.9213680929  -0.0166157379296
1.09432070589  155  781  780.908082998  1.90925002967  0.00766727020837
1.09432070589  155  797  797.121540666  1.90183168544  0.0845505503239
1.09432070589  155  813  813.43324367  1.7464883444  0.0728269702996
1.09432070589  154  830  829.945068191  1.86132144708  0.00926714453783
1.09432070589  154  847  846.557520236  1.65719345875  0.0121772685341
1.09432070589  154  863  863.374653881  1.79252219975  0.0491204923092
1.09432070589  154  880  880.266360467  1.87728161086  0.00263070547243
1.09432070589  154  897  897.327574299  1.87406606246  0.0344788293806
1.09432070589  154  914  914.475132977  1.80133638671  -0.00636319811822
1.09432070589  154  932  931.797825342  1.93771921514  -0.0263223487463
1.09432070589  153  949  949.423029057  1.85891978724  0.0679823003269
1.09432070589  153  967  967.015062551  1.97804052462  0.0419834946467
1.09432070589  153  985  984.777055011  1.90443524114  -0.00581653651679
1.09432070589  153  1003  1002.75760198  1.88644980286  0.0115833819844
1.09432070589  153  1021  1021.06471797  2.01682923907  0.269845975069
1.27424870589  153  6  6.01784837254  1.54080504049  0.0239913302144
1.27424870589  153  16  16.4464403125  1.19885542032  0.112939661535
1.27424870589  153  27  26.8235318996  1.49424312695  -0.0367939813575
1.27424870589  153  37  37.4290923041  1.31145464346  0.0578384852173
1.27424870589  153  48  47.9848790142  1.56638356048  0.0146502498877
1.27424870589  154  59  58.6009600133  1.31819598249  -0.100682710694
1.27424870589  154  69  69.4335380514  1.34107922146  0.037403933805
1.27424870589  154  80  80.2609056694  1.49874733668  0.0714764970708
1.27424870589  154  91  91.1150576479  1.6038431327  -0.0124824996853
1.27424870589  154  102  102.104443055  1.5745495188  0.0292215827511
1.27424870589  154  113  113.168319839  1.5907932118  0.0819143461491
1.27424870589  154  124  124.293373666  1.50217546825  0.0711323667425
1.27424870589  154  135  135.479518684  1.28809178029  0.10054310878
1.27424870589  155  147  146.658303505  1.4718495766  -0.00889149559789
1.27424870589  155  158  158.041484955  1.61253186791  -0.0179676415709
1.27424870589  155  169  169.491407788  1.28465442069  0.061019928009
1.27424870589  155  181  180.977859899  1.61910441391  0.00306166042229
1.27424870589  155  193  192.536383001  1.16318206277  -0.103602117835
1.27424870589  155  204  204.265895174  1.56646419192  0.0440905802505
1.27424870589  155  216  215.977645878  1.64337289092  -0.00540532369516
1.27424870589  155  228  227.768325167  1.57716095253  -0.101033673736
1.27424870589  155  240  239.705457058  1.55458323016  -0.0580346540179
1.27424870589  155  252  251.721357457  1.5972039341  -0.017102645633
1.27424870589  156  264  263.747239314  1.58953438198  -0.0735953577961
1.27424870589  156  276  275.967578442  1.65429247161  0.0193049889118
1.27424870589  156  288  288.265055348  1.5878863984  0.10089578072
1.27424870589  156  301  300.542912226  1.35960671857  -0.0212108748107
1.27424870589  156  313  312.996768515  1.70660980489  0.0276709169079
1.27424870589  156  326  325.524922166  1.35504759972  0.0355675560338
1.27424870589  156  338  338.151722409  1.66482530254  0.0306944647579
1.27424870589  156  351  350.796721101  1.63627404717  -0.0393743774464
1.27424870589  156  364  363.602224925  1.42791383588  -0.0615949977377
1.27424870589  156  377  376.529757782  1.24703860183  -0.0659487907757
1.27424870589  156  390  389.530678506  1.45160229326  -0.0171643453134
1.27424870589  156  403  402.597698237  1.58181373623  -0.0495114077121
1.27424870589  156  416  415.781138608  1.68162914342  -0.0474508550107
1.27424870589  156  429  429.108659838  1.7685080082  0.021880469861
1.27424870589  156  442  442.492500065  1.6007859418  0.0444525849992
1.27424870589  156  456  455.961374682  1.74440157185  0.00244951416082
1.27424870589  156  470  469.559296557  1.55352124929  0.0444175925878
1.27424870589  156  483  483.299426032  1.69192689147  0.115256446731
1.27424870589  156  497  497.049905155  1.77693138663  0.025614350195
1.27424870589  156  511  510.926425114  1.77478442119  -0.0120136516732
1.27424870589  156  525  524.944480663  1.77823496006  -0.00239017898112
1.27424870589  156  539  539.085432525  1.809327815  -0.00408657381219
1.27424870589  156  553  553.361779353  1.74392478505  0.0336200984167
1.27424870589  156  568  567.639147472  1.68484380073  -0.0377527573736
1.27424870589  156  582  582.12980713  1.82801959346  0.0302700326594
1.27424870589  156  597  596.634675896  1.74347821754  -0.0352699535153
1.27424870589  156  611  611.389143483  1.77771351727  0.0713649785241
1.27424870589  156  626  626.169316606  1.7991704552  0.0634329679902
1.27424870589  156  641  641.068680244  1.86063305124  0.0586069235789
1.27424870589  156  656  656.109719405  1.81793251561  0.0675886121579
1.27424870589  156  671  671.276637248  1.79895226218  0.063491999049
1.27424870589  156  687  686.51426378  1.5602826769  -0.0222368672064
1.27424870589  156  702  701.921711837  1.87154257369  -0.0156718834974
1.27424870589  156  717  717.483136607  1.73832852712  0.0105863019442
1.27424870589  156  733  733.141148056  1.91738505541  0.00224534961616
1.27424870589  156  749  748.883460262  1.91790921538  -0.0154033231705
1.27424870589  156  765  764.768782253  1.89442748833  -0.0307245270205
1.27424870589  156  781  780.81873053  1.88827624957  -0.000903704001854
1.27424870589  156  797  797.016975447  1.9213757023  0.0565695394455
1.27424870589  156  813  813.37664808  1.82360626847  0.0943111017975
1.27424870589  155  830  829.857688656  1.84759473388  0.0048921082259
1.27424870589  155  846  846.497542246  1.70932644027  0.0498590001827
1.27424870589  155  863  863.278122538  1.87090191465  0.0474762228681
1.27424870589  155  880  880.156165274  1.89482889705  -0.00682674377261
1.27424870589  155  897  897.23978057  1.91481813889  0.0327317291629
1.27424870589  155  914  914.412559214  1.85909131054  0.0163619952256
1.27424870589  154  932  931.798469412  1.95722718304  -0.00606532605916
1.27424870589  154  949  949.325827652  1.9185074242  0.0808031222153
1.27424870589  154  967  966.891266337  1.97640080104  0.018624603162
1.27424870589  154  985  984.677331177  1.86571421362  -0.00882726653546
1.27424870589  154  1003  1002.66202198  1.84536966442  0.00845535669752
1.27424870589  153  1021  1021.08476818  2.03994675792  0.313613373864
