# Band 1C   Etalon 1A   Slice 12
# Distortion map version 06.04.00 - date 2018-10-04
# Trace (isoalpha): Take pixel trace along specified slice, specified alpha position trace is built by taking the pixel in every detector row with alpha value closest to the one specified 
# xpos[i] = np.argmin(alpha_img[i,:])+funcs.find_nearest(alpha_img[i,:][(slice_img[i,:]!=0)],alpha_pos)
#    alpha       x  y      center         FWHM          skewness
0.0  464  2  1.62097611739  1.48483169023  0.0
0.0  464  12  11.5276010853  1.197614184  0.0926247743518
0.0  464  22  21.5196672433  1.20377800503  0.0672241162818
0.0  465  32  31.6962380948  1.27293330124  0.0434718251902
0.0  465  42  41.814502616  1.3591558841  0.0182976521303
0.0  465  52  52.0460505347  1.4591954288  0.0484640414378
0.0  465  62  62.3513122596  1.23699911588  0.198959714365
0.0  465  73  72.5593971378  1.17139586522  -0.0308338273597
0.0  465  83  82.9571884838  1.49774116311  0.0364511685269
0.0  466  94  93.5210216524  1.26288785072  0.062627916436
0.0  466  104  104.16893697  1.48885807487  0.0726256847974
0.0  466  115  114.703424879  1.41993715228  0.039469259421
0.0  466  125  125.455530335  1.30906207622  0.161279439232
0.0  466  136  136.209794294  1.46710442506  0.120801047666
0.0  466  147  146.999122232  1.52408840575  0.13077846766
0.0  466  158  157.833735252  1.45294630244  -0.0153757571457
0.0  466  169  168.81502545  1.46965803517  0.0216268732099
0.0  467  180  180.094112767  1.53012077465  0.100529929131
0.0  467  191  191.21679089  1.50900999645  0.0425517492933
0.0  467  202  202.422793366  1.30337726329  0.10113404594
0.0  467  214  213.612636617  1.36912910827  -0.0321452597441
0.0  467  225  224.998102719  1.57712843186  -0.0200128063226
0.0  467  236  236.473256063  1.33403437122  0.11943981252
0.0  467  248  247.945336244  1.61788610241  0.0196462247823
0.0  467  260  259.554450415  1.43059625706  0.0347175552212
0.0  468  271  271.467750761  1.69156495973  0.198515968767
0.0  468  283  283.260267962  1.56229393552  0.132619573727
0.0  468  295  295.087274873  1.59560341293  0.0946325047835
0.0  468  307  307.050089665  1.60001038464  0.149417804359
0.0  468  319  319.046948489  1.61597422579  0.040726836681
0.0  468  331  331.190885175  1.57393240268  0.103659777649
0.0  468  343  343.396183666  1.46739967629  0.10376001561
0.0  468  356  355.602069997  1.43846220988  -0.0579563903077
0.0  468  368  368.006994724  1.6733363066  0.028584858159
0.0  468  380  380.495749851  1.51472589289  0.0458908765868
0.0  468  393  393.0389631  1.72404568957  0.0291610109842
0.0  468  406  405.67645946  1.64288231013  0.0155606196672
0.0  468  418  418.46867951  1.57701412951  0.0922857423326
0.0  468  431  431.361138719  1.63943759102  0.123084042717
0.0  468  444  444.330506789  1.57456416656  0.159110058117
0.0  469  457  457.504623839  1.39148691575  0.0874871680179
0.0  469  471  470.619333132  1.49754424078  -0.0314747395129
0.0  469  484  483.910545029  1.68887559805  0.00747006084465
0.0  469  497  497.325299276  1.61404086666  0.041810178285
0.0  469  511  510.718398412  1.59216546342  -0.0812328516616
0.0  469  524  524.38581924  1.59269437283  0.0771737133938
0.0  469  538  538.034481979  1.74283699986  0.0199874081746
0.0  469  552  551.78375696  1.70530982657  -0.0161232824905
0.0  469  566  565.686849889  1.65012653299  0.00801575189891
0.0  469  580  579.691876228  1.64850792701  0.015479039571
0.0  469  594  593.815566103  1.71478371342  0.0221503930028
0.0  469  608  608.096509716  1.74441082849  0.0812011529203
0.0  469  622  622.439088764  1.55190637577  0.0586295350995
0.0  468  637  636.678766349  1.69293647165  -0.0635685045832
0.0  468  651  651.318086025  1.74545415988  0.0447132393889
0.0  468  666  665.932538403  1.83250997901  -0.0450532459062
0.0  468  681  680.717770355  1.79746617081  -0.041918632864
0.0  468  696  695.658375154  1.75469986068  -0.0142670046572
0.0  468  711  710.754134071  2.13576127439  -0.0650070394422
0.0  468  726  725.858522679  1.84955950889  0.0354087096458
0.0  468  741  741.197185547  1.8377148143  0.100620330989
0.0  468  757  756.569829283  1.65771977568  0.0249510289488
0.0  468  772  772.20896535  1.80180583783  0.11744289618
0.0  468  788  787.848083675  1.81924281968  -0.0194077859915
0.0  468  804  803.706981271  1.77367883677  0.00952637459093
0.0  467  820  819.545374388  1.67705323681  0.0164674898734
0.0  467  836  835.625336724  1.73713815083  -0.0527305004949
0.0  467  852  851.871366052  1.87657194423  -0.0385049141641
0.0  467  868  868.310112115  1.82378858275  0.0547314465083
0.0  467  885  884.76693761  1.8758354815  -0.0398739829849
0.0  467  901  901.491021964  1.82683270789  0.0470693301846
0.0  466  918  918.188357997  1.90952194594  0.103382256161
0.0  466  935  935.107513223  1.98820116351  -0.0168635853403
0.0  466  952  952.284260861  1.87047488092  0.123227204434
0.0  466  970  969.528073039  1.79250947276  0.0928775720847
0.0  465  987  986.795577822  1.91545813194  -0.00864653891475
0.0  465  1004  1004.48441934  1.76202970321  0.0781138226589
-1.47831635323  457  10  10.2676996206  1.36680260174  0.197668250827
-1.47831635323  457  20  20.2417738866  1.35007996936  0.159451822201
-1.47831635323  457  30  30.3211128098  1.24984377775  0.221648039149
-1.47831635323  457  40  40.4092292122  1.19165418807  0.133414857253
-1.47831635323  458  51  50.6663562598  1.22126484822  0.0455595874618
-1.47831635323  458  61  60.971918941  1.46210540165  0.0708506177992
-1.47831635323  458  71  71.3337202599  1.37244775523  0.0864783385462
-1.47831635323  458  82  81.6223527123  1.25625781212  -0.00199647346604
-1.47831635323  458  92  92.1736529758  1.49631379094  0.0972207824903
-1.47831635323  458  103  102.61723047  1.27695499805  -0.0342643671395
-1.47831635323  458  113  113.336928275  1.41671679114  0.194925788896
-1.47831635323  459  124  124.14589823  1.54469816482  0.0787702084421
-1.47831635323  459  135  134.847070789  1.49452147596  0.0301727777283
-1.47831635323  459  146  145.666359329  1.3776861235  0.0575676023985
-1.47831635323  459  157  156.574095826  1.16709516912  -0.0123174391468
-1.47831635323  459  168  167.55686794  1.2095027567  0.0399395223265
-1.47831635323  459  179  178.596891264  1.24152816527  0.016963118804
-1.47831635323  459  190  189.683912489  1.37294219216  -0.130410751499
-1.47831635323  459  201  200.911562075  1.51557046729  -0.0680499092542
-1.47831635323  460  212  212.440307115  1.30175380128  0.0889425246555
-1.47831635323  460  224  223.723744566  1.47928084693  -0.0775283664286
-1.47831635323  460  235  235.260429112  1.52313028718  0.115806930253
-1.47831635323  460  247  246.69253361  1.48878299141  -0.0254641720694
-1.47831635323  460  258  258.3907248  1.46138862481  0.134374730759
-1.47831635323  460  270  270.054457297  1.61718399122  0.104369597357
-1.47831635323  460  282  281.785860924  1.54565732411  0.00758637124314
-1.47831635323  460  294  293.651853815  1.42918260573  0.0184100508315
-1.47831635323  460  306  305.563271743  1.29488426435  0.0136192755581
-1.47831635323  461  318  317.687795968  1.60395694792  -0.0415365034225
-1.47831635323  461  330  329.941064413  1.62363548606  0.0276557027771
-1.47831635323  461  342  342.186746351  1.62458038841  0.064239329647
-1.47831635323  461  354  354.4636497  1.36750993113  0.0367575771618
-1.47831635323  461  367  366.727593344  1.51216195851  -0.202884076765
-1.47831635323  461  379  379.313934547  1.64935562082  0.0321612598438
-1.47831635323  461  392  391.833367601  1.68580046506  -0.020337011617
-1.47831635323  461  405  404.526835923  1.59340697531  0.0336138614971
-1.47831635323  461  417  417.325630645  1.6560134835  0.0891924509156
-1.47831635323  461  430  430.179727577  1.69872419663  0.0862620810212
-1.47831635323  461  443  443.153043804  1.69542303808  0.113626429505
-1.47831635323  461  456  456.217233823  1.67215477404  0.0724008060153
-1.47831635323  461  469  469.39542837  1.51388638102  0.0882639549649
-1.47831635323  461  483  482.599231216  1.52175024367  -0.0182272223556
-1.47831635323  461  496  495.980266136  1.69340303285  -0.0414359149858
-1.47831635323  461  509  509.481605072  1.44761298203  -0.0108895121109
-1.47831635323  461  523  523.065521258  1.71378345846  0.00990265689897
-1.47831635323  461  537  536.712108004  1.6477897351  -0.0632093606922
-1.47831635323  461  551  550.53897707  1.58686409781  -0.00372083271325
-1.47831635323  461  564  564.467114068  1.55698513351  0.0814991869286
-1.47831635323  461  578  578.472306168  1.53012305878  0.0777063896403
-1.47831635323  461  593  592.565466679  1.51543942882  0.0266425290692
-1.47831635323  461  607  606.790907301  1.71291877222  0.00381320397616
-1.47831635323  461  621  621.213898174  1.73059683322  0.0629338506963
-1.47831635323  461  636  635.597591714  1.56054133766  -0.0556634800381
-1.47831635323  461  650  650.222063812  1.76948677461  0.021913705478
-1.47831635323  461  665  664.835146858  1.8242919204  -0.078083574285
-1.47831635323  461  680  679.642453898  1.74269868775  -0.0437099751228
-1.47831635323  461  695  694.569725029  1.72031182224  -0.0359301298125
-1.47831635323  461  710  709.616812249  1.73733841705  -0.00626540408788
-1.47831635323  461  725  724.775925851  1.8124277673  0.0159894904284
-1.47831635323  461  740  740.126450914  1.86649325576  0.0595564788179
-1.47831635323  461  756  755.542755865  1.63260270714  0.0581905403016
-1.47831635323  460  771  770.977635228  1.88061074438  0.0568437806991
-1.47831635323  460  787  786.639668633  1.70405885834  -0.0433763195881
-1.47831635323  460  803  802.519665282  1.53815257499  -0.0460307905346
-1.47831635323  460  819  818.516317921  1.62242656903  0.0078225500907
-1.47831635323  460  835  834.59043291  1.69045474772  -0.0885034083037
-1.47831635323  460  851  850.851230788  1.88009618695  -0.0583100471018
-1.47831635323  460  867  867.353736989  1.72560733865  0.19640162919
-1.47831635323  459  884  883.650031477  1.83055557344  -0.0246884869934
-1.47831635323  459  900  900.355302184  1.86028971449  0.0549884661307
-1.47831635323  459  917  917.181404943  1.94406890177  0.0873751199623
-1.47831635323  459  934  934.143750892  1.95023435333  0.0756513521785
-1.47831635323  459  951  951.282159916  1.91025480727  0.100253222045
-1.47831635323  458  968  968.436038313  1.78499811046  0.129960275263
-1.47831635323  458  986  985.837916969  1.93426244789  0.00247994860841
-1.47831635323  458  1004  1003.51207796  1.80399614379  0.0446764538938
-1.47831635323  458  1021  1021.2947736  1.91005651838  0.0
-1.28780435323  458  20  20.4187132586  1.19147942901  0.164620333634
-1.28780435323  458  30  30.4607128939  1.13484881626  0.193945848955
-1.28780435323  458  41  40.5287498789  1.2166387296  0.0270605912814
-1.28780435323  458  51  50.6694819022  1.27334266165  -0.0121384967496
-1.28780435323  459  61  61.207319047  1.41120629192  0.145337863586
-1.28780435323  459  71  71.482498923  1.21922384345  0.0551259129313
-1.28780435323  459  82  81.8118181675  1.45529215099  0.0064968829048
-1.28780435323  459  92  92.3689293309  1.39436194194  0.147823211425
-1.28780435323  459  103  102.802320852  1.46224833576  -0.0272475882451
-1.28780435323  459  113  113.472572013  1.21595208232  0.181859994941
-1.28780435323  460  124  124.347734276  1.42714604779  0.120355096328
-1.28780435323  460  135  135.089614968  1.52503014281  0.113694995344
-1.28780435323  460  146  145.876372618  1.51017110938  0.0950894570162
-1.28780435323  460  157  156.722934611  1.38852522588  -0.0535116589248
-1.28780435323  460  168  167.715141351  1.37646038128  0.0225111781388
-1.28780435323  460  179  178.760294346  1.42709890214  0.0233206878813
-1.28780435323  460  190  189.889425032  1.49145825208  -0.0564742486758
-1.28780435323  460  201  201.178460704  1.51120361932  0.10546191637
-1.28780435323  461  213  212.557643506  1.27116257471  -0.011875407558
-1.28780435323  461  224  223.92105214  1.58789400951  -0.0243523679663
-1.28780435323  461  235  235.415968305  1.37582145239  0.123042034944
-1.28780435323  461  247  246.881483324  1.58848381559  0.00183017150646
-1.28780435323  461  259  258.521309788  1.37822615864  0.0546977612775
-1.28780435323  461  270  270.265356094  1.55456988527  0.166752975963
-1.28780435323  461  282  281.979083036  1.64047932972  0.0526145614761
-1.28780435323  461  294  293.821538758  1.59261953104  0.0344092240235
-1.28780435323  461  306  305.771743691  1.57939588926  0.0149238096165
-1.28780435323  461  318  317.790318941  1.53530643012  -0.0258355584703
-1.28780435323  462  330  330.154556471  1.56806682314  0.0894908071513
-1.28780435323  462  342  342.371489636  1.46017662364  0.0949649239354
-1.28780435323  462  355  354.581067373  1.41832936619  -0.0542152732925
-1.28780435323  462  367  366.978367697  1.68700396144  -0.0047853663592
-1.28780435323  462  379  379.476871553  1.5789934202  0.0194095349509
-1.28780435323  462  392  392.027424595  1.6969924203  0.0112077958849
-1.28780435323  462  405  404.671485179  1.6483879346  0.0202437852026
-1.28780435323  462  417  417.482310075  1.61762389703  0.0753707822454
-1.28780435323  462  430  430.360452731  1.61600938481  0.10800809674
-1.28780435323  462  443  443.33321224  1.61389681954  0.146500881756
-1.28780435323  462  456  456.37981622  1.54283693361  0.0837771865931
-1.28780435323  462  470  469.518331322  1.4571403774  0.0287651958217
-1.28780435323  462  483  482.75553902  1.65332319535  -0.0204932244306
-1.28780435323  462  496  496.1763468  1.65636571812  0.00537522326169
-1.28780435323  462  510  509.596827861  1.49395712567  -0.0943789863014
-1.28780435323  462  523  523.24679273  1.68224268939  0.0505700844718
-1.28780435323  462  537  536.87403689  1.72572759164  -0.0401044733059
-1.28780435323  462  551  550.678404558  1.63852508206  -0.0258105104552
-1.28780435323  462  565  564.58392653  1.61064719321  0.0269916023307
-1.28780435323  462  579  578.58626288  1.58864286025  0.011823232255
-1.28780435323  462  593  592.70693558  1.6567898315  0.00123065158413
-1.28780435323  462  607  606.976094957  1.77677161598  0.0419635103478
-1.28780435323  462  621  621.37165618  1.65150001215  0.0775689626999
-1.28780435323  462  636  635.744263339  1.691645783  -0.0449504538688
-1.28780435323  462  650  650.375264984  1.68987005293  0.0189810247439
-1.28780435323  462  665  665.015731302  1.86691568054  -0.0468043335241
-1.28780435323  462  680  679.80152486  1.80676058731  -0.0323261434578
-1.28780435323  462  695  694.707530706  1.79457553392  -0.0478667647027
-1.28780435323  462  710  709.764649189  1.8030052719  -0.0135849216568
-1.28780435323  462  725  724.93958117  1.87700517618  0.0313218439979
-1.28780435323  462  740  740.291221712  1.79263508245  0.094953796655
-1.28780435323  461  756  755.542711697  1.62508260798  0.0543075167337
-1.28780435323  461  771  771.153281735  1.82968858247  0.104164376549
-1.28780435323  461  787  786.797365103  1.81623937318  -0.0311953101046
-1.28780435323  461  803  802.642832988  1.687157692  -0.0559179981401
-1.28780435323  461  819  818.639471871  1.71642566578  -0.0299865556991
-1.28780435323  461  835  834.726951371  1.81605905407  -0.0936004517759
-1.28780435323  461  851  851.017254107  1.91414326009  -0.0224070232797
-1.28780435323  461  867  867.440533575  1.78148808591  0.0585346106066
-1.28780435323  460  884  883.777375934  1.8814731194  -0.0386506124184
-1.28780435323  460  900  900.484598881  1.80355911878  0.0448517663382
-1.28780435323  460  917  917.326941149  1.88408287128  0.106157703617
-1.28780435323  460  934  934.288395374  1.8723837406  0.0896193798164
-1.28780435323  460  951  951.421054833  1.82811993954  0.123695459802
-1.28780435323  459  969  968.534698254  1.75251457656  0.0805432305892
-1.28780435323  459  986  986.001607593  1.93055544422  0.0324671247738
-1.28780435323  459  1004  1003.62556954  1.85028629013  0.0188530167518
-1.28780435323  459  1021  1021.40489266  1.7549632001  0.0
-1.09729235323  459  11  10.5559299846  1.17951934236  0.112455301218
-1.09729235323  459  21  20.5484874846  1.18230600597  0.0725048377559
-1.09729235323  459  31  30.5906879625  1.1987931145  0.0898699062292
-1.09729235323  459  41  40.6704228099  1.28825605584  -0.00121063085488
-1.09729235323  459  51  50.8729765627  1.4095696268  0.0132617556486
-1.09729235323  460  61  61.4007435014  1.21904390982  0.167609239153
-1.09729235323  460  72  71.6031364825  1.21316686736  -0.0591431943778
-1.09729235323  460  82  82.0585981652  1.49843695465  0.0837369531314
-1.09729235323  460  92  92.5086455976  1.21774145674  0.12176948875
-1.09729235323  460  103  103.025007234  1.53780712682  0.0286769803633
-1.09729235323  460  114  113.602945506  1.29804436088  0.0546963771873
-1.09729235323  460  124  124.348869486  1.42046912076  0.124214877401
-1.09729235323  461  135  135.290627031  1.43820337811  0.15631426734
-1.09729235323  461  146  146.106343196  1.52276005873  0.173901157544
-1.09729235323  461  157  156.939979831  1.52059934468  0.00832076854286
-1.09729235323  461  168  167.924463213  1.52246047426  0.0611471150894
-1.09729235323  461  179  178.984013497  1.53485889211  0.0741675380705
-1.09729235323  461  190  190.12309976  1.54053996994  0.0319811788542
-1.09729235323  461  201  201.354633945  1.34441019576  0.131506490212
-1.09729235323  462  213  212.72834051  1.47325388492  0.0550468040064
-1.09729235323  462  224  224.13981056  1.56810407455  0.0292958586832
-1.09729235323  462  236  235.543835769  1.32921822942  0.030424565495
-1.09729235323  462  247  247.104125978  1.62552380486  0.0572031332159
-1.09729235323  462  259  258.666562363  1.49221171489  0.00925859543852
-1.09729235323  462  270  270.433100734  1.36828644999  0.193329158734
-1.09729235323  462  282  282.201781653  1.56772240066  0.116210484987
-1.09729235323  462  294  294.051681124  1.60380317813  0.111372216901
-1.09729235323  462  306  305.968064333  1.60838036996  0.0678197523012
-1.09729235323  462  318  318.002298279  1.58365432701  0.0252951394164
-1.09729235323  462  330  330.146250138  1.56832362199  0.0561043601993
-1.09729235323  463  342  342.503272596  1.3333468779  0.0665406073482
-1.09729235323  463  355  354.740353794  1.58228377606  -0.0573376127752
-1.09729235323  463  367  367.176746594  1.66574605102  0.0386469771423
-1.09729235323  463  380  379.615291729  1.61617045771  -0.0195892504391
-1.09729235323  463  392  392.222376995  1.70641966109  0.0502561681629
-1.09729235323  463  405  404.83745628  1.72474438075  0.0223834696755
-1.09729235323  463  418  417.604661454  1.65220860318  0.0311648055083
-1.09729235323  463  430  430.497224399  1.60307956111  0.0788932182
-1.09729235323  463  443  443.467073465  1.548225846  0.128678007221
-1.09729235323  463  457  456.510784481  1.5199054562  0.0386319965839
-1.09729235323  463  470  469.643531991  1.59533932686  -0.0162127988074
-1.09729235323  463  483  482.942593283  1.70269771503  0.0082784350413
-1.09729235323  463  496  496.343204441  1.60982250756  0.0194196648945
-1.09729235323  463  510  509.754503346  1.62804533103  -0.0816511199077
-1.09729235323  463  523  523.392630221  1.61820989134  0.0343859484781
-1.09729235323  463  537  537.059635929  1.73427415216  -0.0107993624676
-1.09729235323  463  551  550.835218812  1.70426431639  -0.0124620400128
-1.09729235323  463  565  564.732078979  1.69807127139  0.00789091762438
-1.09729235323  463  579  578.735281457  1.69868996915  -2.0540971099e-05
-1.09729235323  463  593  592.869987086  1.74928876068  0.0144904195123
-1.09729235323  463  607  607.154579652  1.74503236664  0.0802111456583
-1.09729235323  463  621  621.495406674  1.55439140256  0.0518499360306
-1.09729235323  463  636  635.905742825  1.76499671084  -0.0336387461385
-1.09729235323  463  650  650.496375998  1.69591635123  -0.0145213936285
-1.09729235323  463  665  665.198867281  1.83835816529  -0.00494775434194
-1.09729235323  463  680  679.952949259  1.82980981165  -0.033543646889
-1.09729235323  463  695  694.861025761  1.8456943923  -0.0401051491327
-1.09729235323  463  710  709.914813362  1.84257902309  -0.00866991965761
-1.09729235323  463  725  725.120504973  1.88884314909  0.06973336774
-1.09729235323  463  740  740.42266573  1.7303232177  0.0738963527096
-1.09729235323  462  756  755.667332462  1.71341115387  0.0133954960862
-1.09729235323  462  771  771.329478231  1.73847902565  0.134181387101
-1.09729235323  462  787  786.969674229  1.87947539632  -0.00296897376302
-1.09729235323  462  803  802.794567318  1.79259222321  -0.0433369704358
-1.09729235323  462  819  818.785564125  1.85161607741  -0.0272100775847
-1.09729235323  462  835  834.880902095  1.89820034135  -0.0683637436823
-1.09729235323  462  851  851.193182052  1.89301943255  0.0183840922628
-1.09729235323  461  867  867.441192098  1.78023597586  0.0505778100699
-1.09729235323  461  884  883.936651889  1.93666127205  -0.0194051666958
-1.09729235323  461  901  900.588980899  1.82992516691  -0.00659510371084
-1.09729235323  461  917  917.460848414  1.81717289285  0.0964971031692
-1.09729235323  461  934  934.423849507  1.83212669571  0.0962656784094
-1.09729235323  460  951  951.434395894  1.60835795182  0.069313808923
-1.09729235323  460  969  968.651120867  1.83484528211  0.0405131783614
-1.09729235323  460  986  986.17212542  1.9491725061  0.0765970866444
-1.09729235323  460  1004  1003.75633146  1.90528795326  0.00568887159294
-0.906780353229  460  11  10.7087090443  1.32565552842  0.0570754514603
-0.906780353229  460  21  20.6895284866  1.25907720408  0.0159179355805
-0.906780353229  460  31  30.7578108395  1.34636521331  0.0581972173222
-0.906780353229  460  41  40.8758184112  1.40392567593  0.0176594054795
-0.906780353229  460  51  51.1266907195  1.42629826806  0.0978077960845
-0.906780353229  461  62  61.5239619753  1.22320483052  0.0661741446471
-0.906780353229  461  72  71.7804914761  1.39698808636  -0.0639472228595
-0.906780353229  461  82  82.2831982195  1.40728737319  0.154104797912
-0.906780353229  461  93  92.6350012314  1.28102939902  0.00998719443187
-0.906780353229  461  103  103.245913853  1.5080773998  0.0863798392467
-0.906780353229  461  114  113.785184221  1.49032855876  0.0485987278853
-0.906780353229  461  124  124.502843625  1.23709622779  0.119988510595
-0.906780353229  462  135  135.466380381  1.29578891763  0.165886652083
-0.906780353229  462  146  146.320079583  1.39920419648  0.220885194517
-0.906780353229  462  157  157.169782959  1.51052682329  0.0754660364012
-0.906780353229  462  168  168.158485946  1.48165218351  0.122275470102
-0.906780353229  462  179  179.217793631  1.47752490799  0.142914367726
-0.906780353229  462  190  190.606775259  0.0108137040334  2.01369556421
-0.906780353229  462  201  201.497971934  1.21172710188  0.0957330081373
-0.906780353229  462  213  212.720550572  1.4776979861  -0.0242107872799
-0.906780353229  463  224  224.336778843  1.48924223021  0.0729341778918
-0.906780353229  463  236  235.703268771  1.53770172762  0.000708091570071
-0.906780353229  463  247  247.292373071  1.54882202846  0.0795948875316
-0.906780353229  463  259  258.845497977  1.56916040026  0.0211426528808
-0.906780353229  463  271  270.551600233  1.41779256727  0.0887104754725
-0.906780353229  463  282  282.376089509  1.47499877784  0.144712073067
-0.906780353229  463  294  294.246869995  1.55613403295  0.159516995646
-0.906780353229  463  306  306.184281097  1.59184791106  0.130404519854
-0.906780353229  463  318  318.213119278  1.55801158681  0.0771957666995
-0.906780353229  463  330  330.343706528  1.48867454477  0.126823248727
-0.906780353229  464  343  342.624069364  1.45857149078  -0.0631530340257
-0.906780353229  464  355  354.936056482  1.67320384674  -0.0174557269257
-0.906780353229  464  367  367.362845181  1.55323997974  0.0679285203805
-0.906780353229  464  380  379.773316689  1.66415941953  -0.0345543400295
-0.906780353229  464  392  392.393262938  1.61133860889  0.0590990804223
-0.906780353229  464  405  405.038227143  1.72796273302  0.0476146852356
-0.906780353229  464  418  417.763446482  1.68471939607  0.0173366590877
-0.906780353229  464  431  430.618107455  1.55349194191  0.011251916772
-0.906780353229  464  444  443.596829653  1.52889865999  0.0631652197154
-0.906780353229  464  457  456.628238894  1.53184332095  -0.0108277510374
-0.906780353229  464  470  469.803784388  1.6166891399  -0.0141935911061
-0.906780353229  464  483  483.157608849  1.70155314577  0.0766250113259
-0.906780353229  464  496  496.490147835  1.39181346851  0.00873843516245
-0.906780353229  464  510  509.926566753  1.69112374866  -0.0630096107682
-0.906780353229  464  524  523.542283955  1.53172312225  0.00139023481929
-0.906780353229  464  537  537.26585434  1.70605633415  0.0466432723341
-0.906780353229  464  551  551.022458979  1.75589692248  0.00719355154754
-0.906780353229  464  565  564.899953171  1.76782202883  0.0169893001717
-0.906780353229  464  579  578.910536676  1.75815716919  0.012230950141
-0.906780353229  464  593  593.066662644  1.76937143269  0.0632928346588
-0.906780353229  464  607  607.341170054  1.63017301093  0.122939843763
-0.906780353229  464  622  621.609230724  1.57267371366  -0.0259125482988
-0.906780353229  464  636  636.1086957  1.7681245721  0.027800675256
-0.906780353229  464  651  650.629219335  1.67825549636  -0.0565861130496
-0.906780353229  464  665  665.372806895  1.76042961781  0.0170971400535
-0.906780353229  464  680  680.153677218  1.83951819351  0.0150171220633
-0.906780353229  464  695  695.046879406  1.88862802979  0.00171343226421
-0.906780353229  464  710  710.107342594  1.87682016484  0.0264210862949
-0.906780353229  464  725  725.302722  1.80803506872  0.10580631542
-0.906780353229  463  740  740.424012243  1.70119299656  0.0944724080416
-0.906780353229  463  756  755.816082153  1.82261076841  0.0161244084181
-0.906780353229  463  771  771.453043862  1.66585261519  0.122302074645
-0.906780353229  463  787  787.147875084  1.85612763124  0.034113965416
-0.906780353229  463  803  802.964438366  1.8509621566  -0.0152048201924
-0.906780353229  463  819  818.943086928  1.88709702056  -0.000629223883213
-0.906780353229  463  835  835.065809437  1.91586597492  -0.0254717446203
-0.906780353229  463  851  851.350302295  1.83562471335  0.0298501019669
-0.906780353229  462  868  867.561646681  1.77505482114  0.0033535179457
-0.906780353229  462  884  884.10189777  1.94190989641  0.0101940926709
-0.906780353229  462  901  900.727027349  1.89969677735  -0.0157150594068
-0.906780353229  462  918  917.572088825  1.83402862799  0.039648242728
-0.906780353229  462  935  934.537166277  1.79098498507  0.0530835914661
-0.906780353229  461  952  951.532371193  1.78956939557  0.0681255309903
-0.906780353229  461  969  968.796957774  1.9301896123  0.0401336303878
-0.906780353229  461  986  986.305213171  1.86471702769  0.0787792910891
-0.906780353229  461  1004  1003.9048488  1.96678816928  0.0260422701675
-0.716268353229  461  11  10.9425457715  1.46647346745  0.104999694169
-0.716268353229  461  21  20.9181602106  1.43030688511  0.0541993314293
-0.716268353229  461  31  31.0026993666  1.43867496277  0.131792301738
-0.716268353229  461  41  41.1284487201  1.41981245312  0.102408851665
-0.716268353229  461  51  51.3385705952  1.29304657251  0.150991165959
-0.716268353229  461  62  61.520264833  1.42358114548  -0.0720509620608
-0.716268353229  462  72  72.0366973811  1.47882971981  0.0140517363495
-0.716268353229  462  82  82.4517927665  1.18685870875  0.144066783807
-0.716268353229  462  93  92.8267539322  1.4924204757  0.0144344690752
-0.716268353229  462  103  103.434004631  1.36731024238  0.109114181778
-0.716268353229  462  114  114.023343216  1.54644287193  0.112461883272
-0.716268353229  462  125  124.621601483  1.27329043277  -0.00152320990462
-0.716268353229  463  136  135.605303783  1.44138883047  0.17665079011
-0.716268353229  463  146  146.477403834  1.25478818185  0.22778408709
-0.716268353229  463  157  157.365014133  1.40374375222  0.108687439643
-0.716268353229  463  168  168.358528277  1.40845495724  0.168196059487
-0.716268353229  463  179  179.401170738  1.29216689417  0.1784532252
-0.716268353229  463  190  190.477149085  1.24681928811  0.0471676272096
-0.716268353229  463  202  201.614238482  1.3538264461  -0.0321694555294
-0.716268353229  463  213  212.923249362  1.57077760698  0.011823361125
-0.716268353229  464  224  224.489077081  1.28596846174  0.0289774926378
-0.716268353229  464  236  235.901877926  1.61052873571  0.0275505235986
-0.716268353229  464  247  247.469888725  1.3971259499  0.0979712525184
-0.716268353229  464  259  259.053308106  1.62382654347  0.0585185405359
-0.716268353229  464  271  270.706019139  1.52977156949  0.046301324385
-0.716268353229  464  283  282.513089055  1.31121533638  0.0900153437464
-0.716268353229  464  294  294.421901403  1.37797586074  0.177067757827
-0.716268353229  464  306  306.38636085  1.37063077475  0.180053994481
-0.716268353229  464  318  318.396977544  1.39405622125  0.125414815944
-0.716268353229  464  330  330.476450089  1.22796986663  0.0920257164692
-0.716268353229  464  343  342.625361442  1.47285502399  -0.0423000405767
-0.716268353229  465  355  355.123919896  1.67505579249  0.0126025327913
-0.716268353229  465  367  367.491217173  1.47367737528  0.0307591821351
-0.716268353229  465  380  379.961983436  1.70776542991  -0.00284633618229
-0.716268353229  465  393  392.533000086  1.5799254023  0.00932237415285
-0.716268353229  465  405  405.225378073  1.70867552681  0.084175442966
-0.716268353229  465  418  417.946642607  1.74519873552  0.03988548428
-0.716268353229  465  431  430.786328789  1.67818559632  0.0199757589779
-0.716268353229  465  444  443.745798761  1.6538985603  0.034081822452
-0.716268353229  465  457  456.792000931  1.66206940457  -0.00646018915087
-0.716268353229  465  470  470.000670776  1.70496327761  0.0202171775038
-0.716268353229  465  483  483.321306807  1.58859271753  0.100844572292
-0.716268353229  465  497  496.604741752  1.51238630414  -0.0709685051049
-0.716268353229  465  510  510.130098922  1.70836355912  -0.0058374107117
-0.716268353229  465  524  523.669639855  1.62621351068  -0.0345181423321
-0.716268353229  465  537  537.415341418  1.60440018728  0.039756870118
-0.716268353229  465  551  551.199009917  1.74645055074  0.037016877336
-0.716268353229  465  565  565.095353309  1.76036328269  0.0627246608386
-0.716268353229  465  579  579.107529057  1.76018856606  0.0659665043306
-0.716268353229  465  593  593.258428981  1.7084083716  0.114829890284
-0.716268353229  465  607  607.475340796  1.50496380793  0.101280054259
-0.716268353229  465  622  621.760059994  1.69165604882  -0.0339831849606
-0.716268353229  465  636  636.287922746  1.6977136177  0.0475424774132
-0.716268353229  465  651  650.785884226  1.78027090208  -0.0528361729941
-0.716268353229  465  666  665.500511664  1.67050310494  -0.0192772165095
-0.716268353229  465  680  680.313954605  1.77622121381  0.0298000038272
-0.716268353229  465  695  695.251312499  1.86108349447  0.156798563138
-0.716268353229  465  710  710.2590211  1.80424748988  -0.0147227500923
-0.716268353229  465  725  725.449177005  1.72958640894  0.0992384515208
-0.716268353229  464  741  740.550026319  1.67325304654  0.0368346467657
-0.716268353229  464  756  756.004783835  1.86090024813  0.0554537643957
-0.716268353229  464  772  771.561986853  1.60673592082  0.0463622166949
-0.716268353229  464  787  787.33227623  1.7577919807  0.0773414842473
-0.716268353229  464  803  803.15214567  1.85700111842  0.0310496648205
-0.716268353229  464  819  819.13473701  1.88917894372  0.045547113194
-0.716268353229  464  835  835.251739856  1.8915379682  0.0142219321442
-0.716268353229  464  851  851.476052269  1.77163331556  0.0195586822586
-0.716268353229  463  868  867.685590456  1.84337406898  -0.0136199284884
-0.716268353229  463  884  884.259479785  1.8903722215  0.0279937710395
-0.716268353229  463  901  900.884638356  1.94192221183  -0.00208906008364
-0.716268353229  463  918  917.70895953  1.89889052789  0.0339740150342
-0.716268353229  463  935  934.663934572  1.87159007793  0.0103051065568
-0.716268353229  462  952  951.659210031  1.88561961704  0.0362429775489
-0.716268353229  462  969  968.962512109  1.98802988573  0.0719627568085
-0.716268353229  462  986  986.397292724  1.80779112139  0.0317215947291
-0.716268353229  462  1004  1004.08501723  1.95902414092  0.0680713013655
-0.525756353229  462  11  11.200871673  1.42221525969  0.189022645561
-0.525756353229  462  21  21.1769795808  1.41940048222  0.123913890038
-0.525756353229  462  31  31.2529914908  1.33891162985  0.192327565776
-0.525756353229  462  41  41.364039674  1.21722079876  0.157007526251
-0.525756353229  462  51  51.4931762642  1.1818326643  0.107255976166
-0.525756353229  462  62  61.6720698338  1.28728174681  0.0206550943333
-0.525756353229  463  72  72.2617463093  1.42053554299  0.0798860582445
-0.525756353229  463  83  82.5739225994  1.19214671948  0.000693749172997
-0.525756353229  463  93  93.0572866124  1.52724373165  0.0656686433251
-0.525756353229  463  104  103.546655212  1.13265047782  -0.0196568664909
-0.525756353229  463  114  114.238700766  1.50581997668  0.177897844239
-0.525756353229  463  125  124.822711839  1.48424246806  0.0224804935872
-0.525756353229  463  136  135.565213396  1.14359125031  -0.0115022701384
-0.525756353229  464  147  146.58338172  1.22963713083  0.0796930170359
-0.525756353229  464  158  157.513382889  1.23059872525  0.0212748095742
-0.525756353229  464  168  168.501490817  1.22116236032  0.126485390423
-0.525756353229  464  180  179.530908072  1.24323366333  0.0627241952471
-0.525756353229  464  191  190.596563027  1.24362893753  -0.0992591866377
-0.525756353229  464  202  201.808655892  1.49848144364  -0.00326492950004
-0.525756353229  464  213  213.151063538  1.58485675018  0.0671620474637
-0.525756353229  464  224  224.488910457  1.27750959454  0.0436956824633
-0.525756353229  465  236  236.118603147  1.61271425293  0.0821155956811
-0.525756353229  465  248  247.581191803  1.40405412318  -0.00601881743942
-0.525756353229  465  259  259.248814352  1.5724847889  0.104008744748
-0.525756353229  465  271  270.894906604  1.61247648307  0.0701915157965
-0.525756353229  465  283  282.642268302  1.39737406824  0.0165945451563
-0.525756353229  465  295  294.536155208  1.26940851213  0.072476812279
-0.525756353229  465  307  306.509414468  1.29318629605  0.103937319614
-0.525756353229  465  319  318.516882329  1.26636676173  0.0196991989281
-0.525756353229  465  331  330.598033031  1.40779036055  -0.0195583356319
-0.525756353229  465  343  342.801192165  1.58474765085  -0.0283644911627
-0.525756353229  465  355  355.104291433  1.68941224175  -0.0677004295658
-0.525756353229  466  368  367.64665222  1.57791184952  -0.0294229100626
-0.525756353229  466  380  380.168811011  1.68624313519  0.0422884414941
-0.525756353229  466  393  392.678706724  1.61688228779  -0.018916337075
-0.525756353229  466  405  405.399924386  1.61744478911  0.0881402270825
-0.525756353229  466  418  418.14979862  1.72236819585  0.0781654839414
-0.525756353229  466  431  430.985094998  1.74139232492  0.0487184463483
-0.525756353229  466  444  443.948148274  1.7141497325  0.0700253266785
-0.525756353229  466  457  457.007821171  1.72263162104  0.0377428316748
-0.525756353229  466  470  470.207179069  1.65493970731  0.0710347667578
-0.525756353229  466  483  483.473905185  1.47875052868  0.0878049602165
-0.525756353229  466  497  496.764337134  1.65211267076  -0.0731229047019
-0.525756353229  466  510  510.313099829  1.62779396529  0.0102420333021
-0.525756353229  466  524  523.842921509  1.67962029433  -0.0164315280936
-0.525756353229  466  538  537.544843001  1.58206166456  -0.00731523299353
-0.525756353229  466  551  551.369861871  1.67604729317  0.0627372592788
-0.525756353229  466  565  565.288368602  1.71690870437  0.104724928129
-0.525756353229  466  579  579.295425187  1.72107822334  0.110115645544
-0.525756353229  466  593  593.420615684  1.60812642284  0.11693802471
-0.525756353229  466  608  607.596405396  1.55607621326  0.0223169890215
-0.525756353229  466  622  621.941024019  1.77257895525  -0.00123792354651
-0.525756353229  466  636  636.437457327  1.62165108212  0.0432002747689
-0.525756353229  466  651  650.954951979  1.83971129926  -0.0322891413533
-0.525756353229  466  666  665.627463245  1.68242933108  -0.0655012980098
-0.525756353229  466  680  680.458789092  1.71070872378  0.00933945699791
-0.525756353229  466  695  695.388941008  1.78610380841  0.0485675104795
-0.525756353229  466  710  710.417165055  1.76220341451  0.0304407733807
-0.525756353229  465  725  725.44294026  1.72076245139  0.0972883985049
-0.525756353229  465  741  740.681689254  1.76053312043  0.0103317270388
-0.525756353229  465  756  756.179970423  1.82293543544  0.0917019188505
-0.525756353229  465  772  771.695836574  1.74256658749  0.021515274402
-0.525756353229  465  787  787.468836011  1.62939485165  0.0770487894044
-0.525756353229  465  803  803.328644981  1.79347520666  0.0648808052742
-0.525756353229  465  819  819.302146452  1.81054640213  0.0719092410712
-0.525756353229  465  835  835.402970397  1.79045732457  0.0313643319303
-0.525756353229  464  851  851.476902436  1.7588484905  0.00832786480721
-0.525756353229  464  868  867.843567583  1.91172308966  -0.00614415688388
-0.525756353229  464  884  884.410226084  1.8204843357  0.03439360515
-0.525756353229  464  901  901.065916462  1.96139156572  0.0343056152203
-0.525756353229  464  918  917.862008468  1.95110050948  0.04608243428
-0.525756353229  464  935  934.809490002  1.95565360376  0.0186425620141
-0.525756353229  463  952  951.805595061  1.92230076192  0.0365503560865
-0.525756353229  463  969  969.129734965  1.96110597841  0.101666682526
-0.525756353229  463  987  986.522851338  1.82331839043  -0.00554715187612
-0.525756353229  463  1004  1004.23350387  1.92295776767  0.0742841847015
-0.335244353229  463  11  11.405407844  1.23227477425  0.235883083857
-0.335244353229  463  21  21.3825547929  1.26107705579  0.169749931472
-0.335244353229  463  31  31.4277392906  1.16457996843  0.195207616233
-0.335244353229  463  41  41.495258793  1.16382722078  0.113152518323
-0.335244353229  463  52  51.612812019  1.20903130939  -0.0353679158742
-0.335244353229  463  62  61.8873913724  1.46914618747  0.0440180298764
-0.335244353229  464  72  72.4414313536  1.2199434196  0.0853203488321
-0.335244353229  464  83  82.739288101  1.40836151997  -0.0174086586653
-0.335244353229  464  93  93.2990472725  1.42754588957  0.139090064635
-0.335244353229  464  104  103.714602284  1.37200419461  -0.0551064505119
-0.335244353229  464  114  114.426029215  1.30696214593  0.205219155402
-0.335244353229  464  125  125.065533639  1.563825809  0.0814749254515
-0.335244353229  464  136  135.748605517  1.4167454502  -0.00186419211026
-0.335244353229  465  147  146.758311073  1.41464816157  0.0709627938086
-0.335244353229  465  158  157.635386244  1.26866783862  -0.0442049770755
-0.335244353229  465  169  168.62228926  1.24069109826  8.20498512907e-05
-0.335244353229  465  180  179.655287244  1.37607403645  -0.00512889037296
-0.335244353229  465  191  190.766144365  1.42481332463  -0.0906365639139
-0.335244353229  465  202  202.025976213  1.57703368486  0.0403686119599
-0.335244353229  465  213  213.345679641  1.43395427302  0.0977213902264
-0.335244353229  465  225  224.610057366  1.35834548215  -0.0782056038998
-0.335244353229  466  236  236.333476309  1.48879415228  0.142083861577
-0.335244353229  466  248  247.759240057  1.55244777914  -0.00215917363516
-0.335244353229  466  259  259.443025534  1.45260503526  0.126363983592
-0.335244353229  466  271  271.121984325  1.61435036242  0.119647914835
-0.335244353229  466  283  282.836808578  1.58700208798  0.0268606887906
-0.335244353229  466  295  294.683277146  1.46333107182  0.0124702312187
-0.335244353229  466  307  306.615219908  1.37519021733  0.0361295438309
-0.335244353229  466  319  318.651709584  1.41867302506  -0.027813014293
-0.335244353229  466  331  330.772220133  1.56888923611  -0.0195856980877
-0.335244353229  466  343  343.014932541  1.6509956077  0.0226930964262
-0.335244353229  466  355  355.336568387  1.58401894114  0.0506867682881
-0.335244353229  467  368  367.840598197  1.69355207495  0.0733794379537
-0.335244353229  467  380  380.341421639  1.64257293639  0.0619817552566
-0.335244353229  467  393  392.850197607  1.70030649352  -0.000629211502586
-0.335244353229  467  406  405.530554542  1.64657964711  0.0406905769175
-0.335244353229  467  418  418.335140989  1.67734495072  0.100317661948
-0.335244353229  467  431  431.174682559  1.72453816649  0.0804320979053
-0.335244353229  467  444  444.138561698  1.69915163185  0.107432235771
-0.335244353229  467  457  457.1957933  1.7011440847  0.0779556443989
-0.335244353229  467  470  470.381696606  1.59255352711  0.0860932813168
-0.335244353229  467  484  483.592153207  1.57863586271  0.00346841857351
-0.335244353229  467  497  496.948003374  1.70183933762  -0.0401030693563
-0.335244353229  467  510  510.46678155  1.56436097569  0.00608406279274
-0.335244353229  467  524  524.027799255  1.73249629218  0.0129033751038
-0.335244353229  467  538  537.672081554  1.64861951176  -0.0377401745748
-0.335244353229  467  552  551.504741249  1.64585436581  0.0224172044507
-0.335244353229  467  565  565.428547518  1.65617246543  0.0903819762211
-0.335244353229  467  579  579.434376712  1.65273461444  0.0937895994594
-0.335244353229  467  594  593.535907001  1.59422572655  0.0568889294862
-0.335244353229  467  608  607.744128341  1.68155197841  0.00717205862074
-0.335244353229  467  622  622.129792773  1.75400561256  0.0448839512521
-0.335244353229  467  637  636.54283294  1.62909770352  -0.0373637713388
-0.335244353229  467  651  651.143423446  1.82125769031  0.0107032617392
-0.335244353229  467  666  665.766748744  1.76662505248  -0.066814650767
-0.335244353229  467  681  680.593910474  1.77472803405  -0.013592688922
-0.335244353229  467  696  695.522774835  1.76585370576  0.0155186158331
-0.335244353229  466  710  710.42833947  1.59196681991  -0.0641422838921
-0.335244353229  466  726  725.569414987  1.7465814438  0.0453153021148
-0.335244353229  466  741  740.837201992  1.85897666963  0.011925565309
-0.335244353229  466  756  756.347320155  1.75952915745  0.107389160136
-0.335244353229  466  772  771.872750332  1.82515259299  0.046931180224
-0.335244353229  466  788  787.567451879  1.63700487665  -0.00272215639155
-0.335244353229  466  803  803.456304667  1.67755378109  0.0459813293349
-0.335244353229  466  819  819.448612115  1.71279021817  0.0781094764971
-0.335244353229  466  836  835.524434238  1.71718064154  -0.0218218413628
-0.335244353229  465  852  851.59461665  1.75680316887  -0.0343069962678
-0.335244353229  465  868  868.020209488  1.93214348688  0.0262696131775
-0.335244353229  465  885  884.519772195  1.77423549345  -0.00672994568634
-0.335244353229  465  901  901.210321159  1.92986977464  0.0536050811662
-0.335244353229  465  918  918.043638051  1.95277705056  0.0847712104587
-0.335244353229  464  935  934.791052672  1.91825442087  -0.0491094862831
-0.335244353229  464  952  951.975337625  1.96438272267  0.0660817041533
-0.335244353229  464  969  969.298520811  1.88572725482  0.135651629188
-0.335244353229  464  987  986.673083232  1.83762376014  -0.0046537801673
-0.335244353229  464  1004  1004.37940732  1.8618718048  0.107071992669
-0.144732353229  463  11  11.4821300661  1.27230259431  0.172976492324
-0.144732353229  464  22  21.5196672433  1.20377800503  0.0672241162818
-0.144732353229  464  32  31.5549149005  1.19553758176  0.0724182263443
-0.144732353229  464  42  41.6281651221  1.22770803966  0.0114072942224
-0.144732353229  464  52  51.8047034639  1.38197323896  -0.019313714346
-0.144732353229  464  62  62.1564146869  1.40127814352  0.150171571663
-0.144732353229  464  72  72.4413033018  1.22372943487  0.0836444248324
-0.144732353229  465  83  82.9571884838  1.49774116311  0.0364511685269
-0.144732353229  465  93  93.4581294503  1.23400762035  0.143773220777
-0.144732353229  465  104  103.935718151  1.52242204051  0.00370718395651
-0.144732353229  465  115  114.539953019  1.20953021894  0.0795268467647
-0.144732353229  465  125  125.277499636  1.47203192208  0.148040996064
-0.144732353229  465  136  135.969664898  1.53938342644  0.0448254996856
-0.144732353229  465  147  146.860893604  1.71948428375  0.0522008430545
-0.144732353229  466  158  157.833735252  1.45294630244  -0.0153757571457
-0.144732353229  466  169  168.812181789  1.46141141883  0.0102047323018
-0.144732353229  466  180  179.862223146  1.5020380732  0.0318218132067
-0.144732353229  466  191  190.992644952  1.56001445933  -0.0269582971209
-0.144732353229  466  202  202.25110213  1.47912272149  0.107083879169
-0.144732353229  466  213  213.49620817  1.27049943146  0.0710193530236
-0.144732353229  466  225  224.791629362  1.5418855056  -0.0651986063288
-0.144732353229  466  236  236.333013296  1.49178044467  0.143291964611
-0.144732353229  467  248  247.945336244  1.61788610241  0.0196462247823
-0.144732353229  467  260  259.554450415  1.43059625706  0.0347175552212
-0.144732353229  467  271  271.311936331  1.51356539661  0.167189565413
-0.144732353229  467  283  283.047043809  1.6094586359  0.0771749933164
-0.144732353229  467  295  294.879667118  1.58890710663  0.0444335520167
-0.144732353229  467  307  306.823586772  1.56232628737  0.0990982157413
-0.144732353229  467  319  318.834582867  1.56127271978  -0.0117551151203
-0.144732353229  467  331  330.97096159  1.61195093753  0.0232814765204
-0.144732353229  467  343  343.21190501  1.6134861931  0.0570981900269
-0.144732353229  467  355  355.475852491  1.50006245274  0.0286463530732
-0.144732353229  467  368  367.813990648  1.66624279663  -0.0137946868541
-0.144732353229  468  380  380.48968133  1.55513245284  0.0334894881254
-0.144732353229  468  393  393.0389631  1.72404568957  0.0291610109842
-0.144732353229  468  406  405.67645946  1.64288231013  0.0155606196672
-0.144732353229  468  418  418.46867951  1.57701412951  0.0922857423326
-0.144732353229  468  431  431.361138719  1.63943759102  0.123084042717
-0.144732353229  468  444  444.330506789  1.57456416656  0.159110058117
-0.144732353229  468  457  457.386417014  1.56172200373  0.123730117623
-0.144732353229  468  471  470.506628608  1.40268468222  0.0231537660268
-0.144732353229  468  484  483.744997356  1.61701769425  -0.0115044522892
-0.144732353229  468  497  497.163717163  1.71046948379  0.0272026869801
-0.144732353229  468  511  510.58649367  1.47098858439  -0.0635196846195
-0.144732353229  468  524  524.225059573  1.65458008609  0.0605057096147
-0.144732353229  468  538  537.853492908  1.68730687398  -0.0234621727068
-0.144732353229  468  552  551.640500671  1.61802374398  -0.0190894690724
-0.144732353229  468  566  565.556424404  1.60339031996  0.0292090399381
-0.144732353229  468  580  579.56403808  1.5769250612  0.0394157703744
-0.144732353229  468  594  593.66448988  1.62302475782  0.0127441655142
-0.144732353229  468  608  607.923759352  1.7623769613  0.0340759381969
-0.144732353229  468  622  622.302014743  1.66690547578  0.0675934164126
-0.144732353229  468  637  636.678766349  1.69293647165  -0.0635685045832
-0.144732353229  468  651  651.318086025  1.74545415988  0.0447132393889
-0.144732353229  468  666  665.932538403  1.83250997901  -0.0450532459062
-0.144732353229  468  681  680.717770355  1.79746617081  -0.041918632864
-0.144732353229  468  696  695.668903828  1.78289136361  0.00424026502663
-0.144732353229  467  711  710.554491168  2.0622867995  -0.102324434941
-0.144732353229  467  726  725.698271857  1.79109150239  0.0227884115866
-0.144732353229  467  741  741.023933667  1.88389124014  0.0579341847191
-0.144732353229  467  756  756.469059625  1.69710183574  0.0854918218533
-0.144732353229  467  772  772.037627111  1.84793018819  0.073990199371
-0.144732353229  467  788  787.69857265  1.73029698713  -0.0279090733687
-0.144732353229  467  804  803.564074273  1.65906549739  -0.000377783383695
-0.144732353229  467  820  819.545374388  1.67705323681  0.0164674898734
-0.144732353229  467  836  835.623493472  1.71617553936  -0.0653250301327
-0.144732353229  466  852  851.736125288  1.82308006669  -0.0484016008513
-0.144732353229  466  868  868.178470049  1.89048334919  0.0569797666993
-0.144732353229  466  885  884.634105378  1.82379842816  -0.039571877107
-0.144732353229  466  901  901.369813742  1.87749312688  0.0743243028909
-0.144732353229  466  918  918.188357997  1.90952194594  0.103382256161
-0.144732353229  465  935  934.981026241  1.99818664547  0.0380605755726
-0.144732353229  465  952  952.134720231  1.93741282785  0.101081944822
-0.144732353229  465  969  969.419552921  1.81995905378  0.134073467068
-0.144732353229  465  987  986.795598343  1.91547763387  -0.00762123089358
-0.144732353229  464  1004  1004.40144538  1.62944279655  0.0574476534017
0.0457796467713  464  2  1.62097611739  1.48483169023  0.0
0.0457796467713  464  12  11.527557288  1.19656312068  0.0948469813366
0.0457796467713  465  22  21.6526775124  1.21661701916  0.0114197665476
0.0457796467713  465  32  31.6952271421  1.26771098016  0.0359144423426
0.0457796467713  465  42  41.814502616  1.3591558841  0.0182976521303
0.0457796467713  465  52  52.0460505347  1.4591954288  0.0484640414378
0.0457796467713  465  62  62.3513122596  1.23699911588  0.198959714365
0.0457796467713  465  73  72.5593971378  1.17139586522  -0.0308338273597
0.0457796467713  466  83  83.214873282  1.45655427563  0.125656333504
0.0457796467713  466  94  93.5813010976  1.22408483871  0.017845029506
0.0457796467713  466  104  104.16893697  1.48885807487  0.0726256847974
0.0457796467713  466  115  114.703424879  1.41993715228  0.039469259421
0.0457796467713  466  125  125.455530335  1.30906207622  0.161279439232
0.0457796467713  466  136  136.209794294  1.46710442506  0.120801047666
0.0457796467713  466  147  146.999122232  1.52408840575  0.13077846766
0.0457796467713  467  158  158.059521005  1.51794916434  0.0447704381065
0.0457796467713  467  169  169.048053853  1.49160695951  0.077835093555
0.0457796467713  467  180  180.094112767  1.53012077465  0.100529929131
0.0457796467713  467  191  191.21679089  1.50900999645  0.0425517492933
0.0457796467713  467  202  202.422793366  1.30337726329  0.10113404594
0.0457796467713  467  214  213.612636617  1.36912910827  -0.0321452597441
0.0457796467713  467  225  224.998102719  1.57712843186  -0.0200128063226
0.0457796467713  467  236  236.473256063  1.33403437122  0.11943981252
0.0457796467713  468  248  248.177962398  1.58642154069  0.0818872515206
0.0457796467713  468  260  259.708737787  1.51436597588  -0.000277009593407
0.0457796467713  468  271  271.475213934  1.36048432003  0.172596020092
0.0457796467713  468  283  283.260267962  1.56229393552  0.132619573727
0.0457796467713  468  295  295.087274873  1.59560341293  0.0946325047835
0.0457796467713  468  307  307.050089665  1.60001038464  0.149417804359
0.0457796467713  468  319  319.046948489  1.61597422579  0.040726836681
0.0457796467713  468  331  331.190885175  1.57393240268  0.103659777649
0.0457796467713  468  343  343.396183666  1.46739967629  0.10376001561
0.0457796467713  468  356  355.602069997  1.43846220988  -0.0579563903077
0.0457796467713  468  368  368.006994724  1.6733363066  0.028584858159
0.0457796467713  468  380  380.495749851  1.51472589289  0.0458908765868
0.0457796467713  469  393  393.229107324  1.68475324105  0.0603083183868
0.0457796467713  469  406  405.842712452  1.72674766958  0.029941573089
0.0457796467713  469  419  418.606536396  1.58135185088  0.0428917786974
0.0457796467713  469  431  431.483470299  1.57256393878  0.0894397141409
0.0457796467713  469  444  444.463662179  1.42506621427  0.160144060247
0.0457796467713  469  457  457.504623839  1.39148691575  0.0874871680179
0.0457796467713  469  471  470.619333132  1.49754424078  -0.0314747395129
0.0457796467713  469  484  483.910545029  1.68887559805  0.00747006084465
0.0457796467713  469  497  497.325299276  1.61404086666  0.041810178285
0.0457796467713  469  511  510.718398412  1.59216546342  -0.0812328516616
0.0457796467713  469  524  524.38581924  1.59269437283  0.0771737133938
0.0457796467713  469  538  538.034481979  1.74283699986  0.0199874081746
0.0457796467713  469  552  551.78375696  1.70530982657  -0.0161232824905
0.0457796467713  469  566  565.686849889  1.65012653299  0.00801575189891
0.0457796467713  469  580  579.691876228  1.64850792701  0.015479039571
0.0457796467713  469  594  593.815566103  1.71478371342  0.0221503930028
0.0457796467713  469  608  608.096509716  1.74441082849  0.0812011529203
0.0457796467713  469  622  622.43892508  1.55263188249  0.0612163649174
0.0457796467713  469  637  636.851419338  1.75994613766  -0.0296361561842
0.0457796467713  469  651  651.442547536  1.6668666918  0.0257182182766
0.0457796467713  469  666  666.109291491  1.82810041562  -0.0172833602308
0.0457796467713  469  681  680.885549886  1.84107866925  -0.0181254629449
0.0457796467713  468  696  695.658375154  1.75469986068  -0.0142670046572
0.0457796467713  468  711  710.754134071  2.13576127439  -0.0650070394422
0.0457796467713  468  726  725.858522679  1.84955950889  0.0354087096458
0.0457796467713  468  741  741.197185547  1.8377148143  0.100620330989
0.0457796467713  468  757  756.569829283  1.65771977568  0.0249510289488
0.0457796467713  468  772  772.20896535  1.80180583783  0.11744289618
0.0457796467713  468  788  787.848083675  1.81924281968  -0.0194077859915
0.0457796467713  468  804  803.684149956  1.71179165937  -0.0416931347119
0.0457796467713  468  820  819.667991422  1.75884357063  -0.0179457304364
0.0457796467713  467  836  835.625355816  1.73941161941  -0.0457828086672
0.0457796467713  467  852  851.871366052  1.87657194423  -0.0385049141641
0.0457796467713  467  868  868.310112115  1.82378858275  0.0547314465083
0.0457796467713  467  885  884.76693761  1.8758354815  -0.0398739829849
0.0457796467713  467  901  901.490916789  1.83155590347  0.0494664355802
0.0457796467713  467  918  918.320861386  1.84924261761  0.104785474325
0.0457796467713  466  935  935.107513223  1.98820116351  -0.0168635853403
0.0457796467713  466  952  952.284260861  1.87047488092  0.123227204434
0.0457796467713  466  970  969.528073039  1.79250947276  0.0928775720847
0.0457796467713  466  987  986.95606655  1.97452823949  0.0244026152945
0.0457796467713  465  1004  1004.48442303  1.76347533539  0.0773821948145
0.236291646771  465  2  1.80221191655  1.53552430755  0.0
0.236291646771  465  12  11.664509428  1.24036079887  0.0481876291833
0.236291646771  466  22  21.8583540712  1.35230467513  0.0206034306083
0.236291646771  466  32  31.933939495  1.40719876267  0.0792971288464
0.236291646771  466  42  42.0873227365  1.40495202247  0.1070821891
0.236291646771  466  52  52.2893429863  1.30272776627  0.124439723488
0.236291646771  466  62  62.4897786804  1.13864695905  0.145585067535
0.236291646771  466  73  72.7160242676  1.32614917342  -0.0697946907831
0.236291646771  467  83  83.3589189554  1.60401081323  0.190403719525
0.236291646771  467  94  93.757413484  1.427720894  0.00810407264828
0.236291646771  467  104  104.374440978  1.39964991518  0.106281987209
0.236291646771  467  115  114.928701658  1.52405503139  0.0864779060338
0.236291646771  467  126  125.569218525  1.19434887243  0.0385309605197
0.236291646771  467  136  136.384731694  1.39775036075  0.141011098595
0.236291646771  467  147  147.230427707  1.44255571822  0.21794191957
0.236291646771  468  158  158.207089603  1.74030456283  0.0841326360698
0.236291646771  468  169  169.269824205  1.42460481282  0.131464933215
0.236291646771  468  180  180.316625982  1.36106958576  0.16722842959
0.236291646771  468  191  191.410037028  1.33813729146  0.0639604584548
0.236291646771  468  203  202.539214822  1.21162532048  -0.0650476920468
0.236291646771  468  214  213.796138122  1.50033201307  -0.0189285631892
0.236291646771  468  225  225.231149697  1.53675367475  0.048047672992
0.236291646771  468  237  236.594659211  1.34493958516  0.00696497573627
0.236291646771  468  248  248.182835557  1.57389912207  0.106624105693
0.236291646771  469  260  259.902898013  1.60763068614  0.0142876231958
0.236291646771  469  272  271.595819074  1.41156872248  0.0568184911952
0.236291646771  469  283  283.425488269  1.40882038015  0.139551246069
0.236291646771  469  295  295.284950936  1.50246525107  0.128339957922
0.236291646771  469  307  307.242633885  1.52947988404  0.167310937847
0.236291646771  469  319  319.248226335  1.55827756703  0.0838790870588
0.236291646771  469  331  331.361081279  1.43410490384  0.120865533189
0.236291646771  469  344  343.514007727  1.27930537333  0.0222548789121
0.236291646771  469  356  355.765105357  1.59809682439  -0.053808519032
0.236291646771  469  368  368.211408687  1.63042915141  0.0736312857204
0.236291646771  469  381  380.618917114  1.56758148103  -0.0204840484906
0.236291646771  469  393  393.227943484  1.68902165392  0.0546855213303
0.236291646771  470  406  406.050821592  1.71039861989  0.0802948466469
0.236291646771  470  419  418.766871251  1.66635036699  0.02831486422
0.236291646771  470  432  431.630932727  1.57956866707  0.0355617157536
0.236291646771  470  445  444.589228999  1.53375545755  0.0574853992367
0.236291646771  470  458  457.638729605  1.53321904598  0.0197597887119
0.236291646771  470  471  470.792482471  1.61746370299  -0.0270084401108
0.236291646771  470  484  484.116044507  1.66071823874  0.0573840442477
0.236291646771  470  497  497.479947124  1.51529505746  0.0375204928364
0.236291646771  470  511  510.897665348  1.67958724891  -0.0731480169724
0.236291646771  470  525  524.509522394  1.52084276888  0.020208661793
0.236291646771  470  538  538.221114491  1.68122377813  0.0593473945879
0.236291646771  470  552  551.976693638  1.72274525295  0.0245333616749
0.236291646771  470  566  565.873198145  1.72282559506  0.039928448432
0.236291646771  470  580  579.871024348  1.73053427752  0.024584372473
0.236291646771  470  594  594.011111049  1.74985122213  0.0611578610307
0.236291646771  470  608  608.281335656  1.65097114171  0.120449897055
0.236291646771  470  623  622.564028339  1.53913998742  -0.00546021925039
0.236291646771  470  637  637.039312886  1.78500097523  0.00716193448392
0.236291646771  470  652  651.574902705  1.64248331866  -0.0275230751953
0.236291646771  470  666  666.284488607  1.76223322284  0.00808848010043
0.236291646771  469  681  680.886389027  1.84197818574  -0.012718854134
0.236291646771  469  696  695.790087553  1.79859442339  -0.0289045873966
0.236291646771  469  711  710.832070782  1.84922944245  -0.0120476770748
0.236291646771  469  726  726.026484924  1.86061132942  0.0594447730681
0.236291646771  469  741  741.350539034  1.75932037576  0.117186018989
0.236291646771  469  757  756.713098381  1.75717398135  0.00364822127264
0.236291646771  469  772  772.359541118  1.69892350804  0.134724813735
0.236291646771  469  788  788.032571156  1.84447013616  0.032045231796
0.236291646771  469  804  803.828774041  1.79000832058  -0.0369364350522
0.236291646771  469  820  819.817794878  1.82791386305  -0.0145857368779
0.236291646771  468  836  835.767131088  1.832066278  -0.0659155332605
0.236291646771  468  852  852.055889216  1.87528355147  0.000711015638391
0.236291646771  468  868  868.451746948  1.72817509886  0.0509992657111
0.236291646771  468  885  884.941058072  1.92444851948  -0.0105634052005
0.236291646771  468  902  901.609280845  1.82451150918  0.00632599449156
0.236291646771  468  918  918.463614142  1.69425879341  0.194723570027
0.236291646771  467  935  935.283697863  1.93526607464  0.0492755244656
0.236291646771  467  952  952.409584823  1.8167371326  0.112896237821
0.236291646771  467  970  969.64404619  1.85143227707  0.0540713765237
0.236291646771  467  987  987.142652283  1.95801783235  0.0672953037905
0.236291646771  466  1005  1004.58838407  1.78496882435  0.0162584945088
0.426803646771  466  2  1.09571988027  0.0137979589157  -21.9295759782
0.426803646771  466  12  11.89646851  1.40643610215  0.0883298709794
0.426803646771  466  22  21.9920514107  1.61445911265  0.0711436913228
0.426803646771  467  32  32.199165964  1.3598173028  0.168922536142
0.426803646771  467  42  42.3210909678  1.26262721588  0.182939384262
0.426803646771  467  52  52.4578118807  1.14950159045  0.114398611808
0.426803646771  467  63  62.6194411948  1.22143298991  0.0165174200007
0.426803646771  467  73  72.9403321437  1.46591943697  -0.0147522230974
0.426803646771  467  83  83.394069555  1.30598567282  0.128894056745
0.426803646771  468  94  94.0003763694  1.52138059972  0.0865877257443
0.426803646771  468  105  104.514025401  1.19153188123  0.0261363381813
0.426803646771  468  115  115.162926958  1.49081020621  0.153966027597
0.426803646771  468  126  125.743840455  1.41539110963  0.0170306504131
0.426803646771  468  137  136.526012573  1.18711079842  0.0464558075734
0.426803646771  468  147  147.422548668  1.22856552653  0.254449344491
0.426803646771  468  158  158.296047494  1.40974610587  0.124222065511
0.426803646771  469  169  169.442810122  1.22498996063  0.154340478412
0.426803646771  469  180  180.467252156  1.21577796601  0.14135003547
0.426803646771  469  192  191.531690767  1.1676502755  -0.0502678940447
0.426803646771  469  203  202.699240157  1.41189287549  -0.048028837139
0.426803646771  469  214  214.022155692  1.58694852415  0.0379449159011
0.426803646771  469  225  225.403229309  1.39440040539  0.0493719179505
0.426803646771  469  237  236.776898823  1.52019336922  0.00699555994557
0.426803646771  469  248  248.371491612  1.48503114788  0.131033678785
0.426803646771  470  260  260.153994177  1.56564872174  0.136162888765
0.426803646771  470  272  271.773519701  1.53827058672  0.0463757251453
0.426803646771  470  284  283.555779021  1.26681560345  0.0484346693029
0.426803646771  470  295  295.462933209  1.34343080446  0.154157794058
0.426803646771  470  307  307.418821015  1.37585165399  0.173422563542
0.426803646771  470  319  319.432148768  1.38353789264  0.114937967151
0.426803646771  470  332  331.505258151  1.28100665706  0.0264807825641
0.426803646771  470  344  343.657942206  1.46645818349  -0.0388979208577
0.426803646771  470  356  355.96196419  1.62827247676  -0.0279830903088
0.426803646771  470  368  368.390240687  1.53401886499  0.0791298208382
0.426803646771  470  381  380.795709542  1.65008178012  -0.0145617474646
0.426803646771  470  393  393.403122357  1.62899714798  0.0667395759202
0.426803646771  470  406  406.050268334  1.71099383274  0.0774958288339
0.426803646771  471  419  418.964524736  1.70893200838  0.0753713093944
0.426803646771  471  432  431.789372767  1.67423262139  0.025121970573
0.426803646771  471  445  444.75609466  1.64181443025  0.0606483011758
0.426803646771  471  458  457.801885489  1.63776340647  0.0250533952982
0.426803646771  471  471  470.983244961  1.65848434063  0.0141451737968
0.426803646771  471  484  484.301604293  1.58765185113  0.0826132453166
0.426803646771  471  498  497.608400899  1.5463637062  -0.0246653169182
0.426803646771  471  511  511.094795214  1.71599297304  -0.0208729318346
0.426803646771  471  525  524.654301721  1.60296414807  -0.0166363779959
0.426803646771  471  538  538.383855471  1.63680537523  0.0633702440056
0.426803646771  471  552  552.163010922  1.71876438403  0.0507951376931
0.426803646771  471  566  566.061208244  1.74555803169  0.0836379424048
0.426803646771  471  580  580.072848511  1.7523881264  0.0798313427922
0.426803646771  471  594  594.199116691  1.70689974607  0.0948799044482
0.426803646771  471  608  608.438683642  1.55479337427  0.113830969442
0.426803646771  471  623  622.710432978  1.65954930824  -0.0181104344963
0.426803646771  471  637  637.218717013  1.7498658677  0.0405547991764
0.426803646771  471  652  651.71142961  1.72476123637  -0.0467243059402
0.426803646771  470  666  666.284289407  1.76330799848  0.00699776876076
0.426803646771  470  681  681.083017885  1.83875172713  0.054012674788
0.426803646771  470  696  695.958457355  1.84948480694  -0.00121761718408
0.426803646771  470  711  711.011798883  1.86731020474  0.0164455362199
0.426803646771  470  726  726.216731228  1.81335681959  0.101377487769
0.426803646771  470  741  741.500830588  1.70156085235  0.10292166442
0.426803646771  470  757  756.88510216  1.83396034217  0.0252135727436
0.426803646771  470  772  772.491004386  1.56942155084  0.112124422176
0.426803646771  470  788  788.213027283  1.81861425544  0.0752440325796
0.426803646771  470  804  804.032348037  1.8368879956  0.00580412088723
0.426803646771  469  820  819.818228367  1.82951708243  -0.0162417092501
0.426803646771  469  836  835.93388109  1.89380295524  -0.0352481231118
0.426803646771  469  852  852.229590507  1.85555471034  0.0353374922442
0.426803646771  469  869  868.561945604  1.75601548359  -0.00637146429011
0.426803646771  469  885  885.112340169  1.93639061553  0.0218055475621
0.426803646771  469  902  901.744713281  1.89794454141  -0.00696619251834
0.426803646771  468  918  918.457457022  1.79773750664  0.0979637385947
0.426803646771  468  935  935.442599923  1.83703555048  0.0931264347175
0.426803646771  468  953  952.509422299  1.77899998799  0.0627133198457
0.426803646771  468  970  969.782508986  1.91357669485  0.0423676005591
0.426803646771  468  987  987.313791879  1.88940192844  0.112430261887
0.426803646771  467  1005  1004.72463536  1.86759258654  0.00274479227046
0.617315646771  467  2  2.06684377968  1.65695667564  -0.235855725384
0.617315646771  467  12  12.1703126608  1.39511812731  0.176615866703
0.617315646771  467  22  22.1233453306  1.38766591979  0.10675516401
0.617315646771  468  32  32.398693159  1.126752738  0.186761249846
0.617315646771  468  42  42.4698167655  1.13561241167  0.146139369771
0.617315646771  468  53  52.572695967  1.18735405181  -0.0166164817511
0.617315646771  468  63  62.8146432151  1.40618141538  0.0274514715159
0.617315646771  468  73  73.2016574502  1.44488158634  0.0820111917185
0.617315646771  468  84  83.5366201887  1.18230129018  0.0183436422504
0.617315646771  469  94  94.2507150242  1.43196158347  0.176877349159
0.617315646771  469  105  104.653853188  1.28316303217  -0.0423489861574
0.617315646771  469  115  115.368139615  1.32611611624  0.192770170125
0.617315646771  469  126  125.982639027  1.54187127551  0.0757836078267
0.617315646771  469  137  136.665025059  1.2956179661  -0.0194495829226
0.617315646771  469  148  147.528096875  1.18604437025  0.113396127861
0.617315646771  469  158  158.460407375  1.27944593528  0.105323282097
0.617315646771  470  170  169.564734169  1.18791941669  0.0268704812022
0.617315646771  470  181  180.59265909  1.24973890779  0.0298748844214
0.617315646771  470  192  191.673835953  1.33557346368  -0.101654221362
0.617315646771  470  203  202.912872839  1.52066991357  -2.87134749791e-05
0.617315646771  470  214  214.254787109  1.48665733858  0.112004928664
0.617315646771  470  226  225.53089428  1.1714198791  -0.0528657280608
0.617315646771  470  237  236.989466831  1.589809649  0.0460245907218
0.617315646771  470  249  248.511263689  1.33038367009  0.0676592757862
0.617315646771  470  260  260.138408356  1.58683649924  0.0813897614457
0.617315646771  471  272  271.987428086  1.60539417132  0.102304230968
0.617315646771  471  284  283.707938674  1.48887081333  0.0181792823262
0.617315646771  471  296  295.568665353  1.26634244627  0.0300637481774
0.617315646771  471  308  307.530472123  1.24301435819  0.074711360374
0.617315646771  471  320  319.54419316  1.25457132369  -0.00134618085386
0.617315646771  471  332  331.633247411  1.44386477043  -0.0256265136797
0.617315646771  471  344  343.836746681  1.58679145076  -0.00438238910471
0.617315646771  471  356  356.168266388  1.63468845356  0.0310120941823
0.617315646771  471  369  368.527036821  1.49176620318  0.0136667088736
0.617315646771  471  381  380.985774771  1.69230789573  0.0156515532434
0.617315646771  471  394  393.545296583  1.59747463203  0.0209938306286
0.617315646771  471  406  406.240035462  1.68148977458  0.105738153488
0.617315646771  471  419  418.955177729  1.71061368695  0.0587576395558
0.617315646771  471  432  431.859588507  1.90858291638  -0.0291066207644
0.617315646771  472  445  444.950009882  1.7094334806  0.0717756085157
0.617315646771  472  458  458.057668005  1.6514244432  0.216077165918
0.617315646771  472  471  471.201788468  1.67021719777  0.0691857787401
0.617315646771  472  484  484.458610192  1.357874102  0.0847270525169
0.617315646771  472  498  497.758887927  1.61262334414  -0.0487379481174
0.617315646771  472  511  511.30078186  1.6475085236  0.0339445683564
0.617315646771  472  525  524.820423743  1.67052030576  -0.017889494753
0.617315646771  472  539  538.524442801  1.53622481728  0.0139888924356
0.617315646771  472  552  552.347775403  1.63338878203  0.0754549615564
0.617315646771  472  566  566.248266263  1.67440863007  0.112074449348
0.617315646771  472  580  580.267101445  1.66293992457  0.118792930299
0.617315646771  472  594  594.377013353  1.60033506186  0.115624833464
0.617315646771  472  609  608.548640423  1.46831051448  0.0376422725462
0.617315646771  472  623  622.886236333  1.74992734448  -0.0045738336399
0.617315646771  472  637  637.404267251  1.65143924501  0.0729238330831
0.617315646771  471  652  651.71142961  1.72476123637  -0.0467243059402
0.617315646771  471  666  666.433600354  1.72508085015  0.00284386494687
0.617315646771  471  681  681.262356623  1.77280038248  0.0770600828004
0.617315646771  471  696  696.132846163  1.83522356667  0.0169452085277
0.617315646771  471  711  711.180758985  1.84329318141  0.0421860577355
0.617315646771  471  726  726.364583177  1.7543392394  0.0989313779755
0.617315646771  471  742  741.611338103  1.72745849399  0.0396084687958
0.617315646771  471  757  757.083863537  1.8571211283  0.0693533438222
0.617315646771  471  773  772.616756088  1.68134689897  0.0447031296811
0.617315646771  471  788  788.36845432  1.71965013848  0.0803099697867
0.617315646771  471  804  804.203660358  1.81633975091  0.03434479419
0.617315646771  470  820  819.9931033  1.85369645486  0.0190671846491
0.617315646771  470  836  836.11584632  1.88115090039  0.00326481495003
0.617315646771  470  852  852.380083457  1.78528940085  0.0363879767495
0.617315646771  470  869  868.711654269  1.85344453298  -0.0160188471276
0.617315646771  470  885  885.292626452  1.88355285801  0.0552189130763
0.617315646771  470  902  901.909235511  1.9342082052  0.0163692464888
0.617315646771  469  919  918.574610539  1.79605275326  0.0455091022226
0.617315646771  469  936  935.55136565  1.81715630322  0.0554657947199
0.617315646771  469  953  952.649060212  1.83984939754  0.032381980111
0.617315646771  469  970  969.963070597  1.94074770655  0.0731082381092
0.617315646771  468  987  987.304146144  1.90775740011  0.0812880137947
0.617315646771  468  1005  1004.8805204  1.92775694872  0.0140171707282
0.807827646771  468  2  2.36607110008  1.63595173692  -0.0386447701044
0.807827646771  468  12  12.3801231254  1.18431706862  0.222871782559
0.807827646771  468  22  22.3571670399  1.20268112282  0.159265507619
0.807827646771  469  33  32.5246505427  1.17569012237  0.0819889598157
0.807827646771  469  43  42.6013695045  1.21240629041  0.0371246027455
0.807827646771  469  53  52.7407817642  1.32157201782  -0.0509357682345
0.807827646771  469  63  63.0662233893  1.42928354689  0.105913329212
0.807827646771  469  73  73.4009130747  1.26770033091  0.103563855714
0.807827646771  469  84  83.678445533  1.34471398424  -0.0416715135029
0.807827646771  469  94  94.248874068  1.43795474857  0.165353814493
0.807827646771  470  105  104.8635797  1.47899781399  -0.0189280420299
0.807827646771  470  116  115.513861243  1.20142161879  0.109499724374
0.807827646771  470  126  126.22332014  1.46500957614  0.159901621875
0.807827646771  470  137  136.887901044  1.48430221913  0.0143351671345
0.807827646771  470  148  147.68929611  1.35973984774  0.0661814375194
0.807827646771  470  159  158.586084869  1.19094632237  0.00427863409369
0.807827646771  470  170  169.564454981  1.18149250255  0.0134028478942
0.807827646771  471  181  180.774733038  1.42743242407  0.0346988668082
0.807827646771  471  192  191.887274716  1.51524576046  -0.0665962240573
0.807827646771  471  203  203.151323786  1.50944705077  0.0695601380807
0.807827646771  471  214  214.435451831  1.31343523693  0.121964201008
0.807827646771  471  226  225.681819513  1.41427959975  -0.0905839400389
0.807827646771  471  237  237.203220706  1.55463903626  0.0878662184188
0.807827646771  471  249  248.651878488  1.46802335018  0.0134108634537
0.807827646771  471  260  260.340574759  1.51539240967  0.126915525568
0.807827646771  471  272  272.112882956  1.7823144406  0.0941195745684
0.807827646771  472  284  283.915807522  1.56486189705  0.0436404334057
0.807827646771  472  296  295.748655196  1.48892558014  0.0129506035734
0.807827646771  472  308  307.685270958  1.42024591073  0.0300212856601
0.807827646771  472  320  319.703725992  1.43611265678  -0.0239559386074
0.807827646771  472  332  331.825056562  1.55316264557  -0.0012183617121
0.807827646771  472  344  344.075010138  1.60386941202  0.0605105237577
0.807827646771  472  356  356.365950831  1.48686867566  0.072516408393
0.807827646771  472  369  368.668452494  1.53986459239  -0.023671472834
0.807827646771  472  381  381.198374472  1.65757727702  0.0569274225518
0.807827646771  472  394  393.701666167  1.61489221386  -0.01449286679
0.807827646771  472  406  406.41580577  1.56146723882  0.121051589509
0.807827646771  472  419  419.169843586  1.70861863575  0.0988925786906
0.807827646771  472  432  431.994795296  1.69666107543  0.0674961990071
0.807827646771  472  445  444.950009882  1.7094334806  0.0717756085157
0.807827646771  473  458  458.226358974  1.63206228488  0.15284096113
0.807827646771  473  471  471.373153045  1.53193026675  0.0845246458016
0.807827646771  473  485  484.580698614  1.45752175393  0.000293760089542
0.807827646771  473  498  497.951007517  1.68486378228  -0.0104151197544
0.807827646771  473  511  511.455145731  1.52418286073  0.0246327304106
0.807827646771  473  525  525.014837372  1.71012719657  0.0242414681362
0.807827646771  473  539  538.672132873  1.63127426021  -0.0116953140563
0.807827646771  473  552  552.487665644  1.55182154665  0.0560803953661
0.807827646771  473  566  566.408820614  1.59226929083  0.127953334
0.807827646771  473  580  580.415219862  1.58387235719  0.118846995376
0.807827646771  473  594  594.507337537  1.48690454093  0.0833809349265
0.807827646771  473  609  608.695164939  1.64104961052  0.0131549875077
0.807827646771  472  623  622.995976696  1.60065546222  0.0190329170495
0.807827646771  472  637  637.404272138  1.6526387513  0.0696690348837
0.807827646771  472  652  651.894571073  1.77031223742  -0.0210097519647
0.807827646771  472  667  666.566063453  1.6607093494  -0.0496247596904
0.807827646771  472  681  681.409658027  1.74640882478  0.0457623602853
0.807827646771  472  696  696.314080909  1.77681686418  0.0512950960364
0.807827646771  472  711  711.358441855  1.7772597063  0.0587712440564
0.807827646771  472  726  726.49891983  1.65450333053  0.070534083585
0.807827646771  472  742  741.771382754  1.80635371659  0.0273678753947
0.807827646771  472  757  757.265826061  1.80203439489  0.111546964811
0.807827646771  472  773  772.759963154  1.79975619687  0.0217145689523
0.807827646771  472  788  788.501952975  1.54940828357  0.0501281419243
0.807827646771  471  804  804.268486688  1.60988495147  0.0763432684636
0.807827646771  471  820  820.176862544  1.83374293238  0.053016197373
0.807827646771  471  836  836.283297182  1.81823821615  0.0261173960181
0.807827646771  471  852  852.497100736  1.75651547546  -0.00539029069886
0.807827646771  471  869  868.871958817  1.90607164575  0.00121969364707
0.807827646771  471  885  885.437249188  1.83978146312  0.049023328804
0.807827646771  471  902  902.093929474  1.91129261322  0.0742210446616
0.807827646771  470  919  918.705162586  1.90370178282  0.018446716235
0.807827646771  470  936  935.677913567  1.8509937772  0.0254950069344
0.807827646771  470  953  952.806197985  1.94525081017  0.0314930155667
0.807827646771  470  970  970.151239304  1.94192115876  0.123026583365
0.807827646771  469  987  987.448542464  1.80750859305  0.0905952050586
0.807827646771  469  1005  1005.06082938  1.96810316053  0.0539406151266
0.998339646771  469  3  2.52827046505  0.855840618254  -0.228030116265
0.998339646771  469  13  12.5141626005  1.3542686785  0.135115909327
0.998339646771  469  33  32.524992585  1.1784956645  0.0573324241404
0.998339646771  470  43  42.7852066254  1.34332649262  0.0326738142461
0.998339646771  470  53  52.9988616775  1.44025133592  0.036064559999
0.998339646771  470  63  63.3147490231  1.27634244684  0.177972112429
0.998339646771  470  74  73.5435698248  1.17931881114  0.00194756431695
0.998339646771  470  84  83.9106339272  1.46632253415  0.0160239253915
0.998339646771  470  94  94.435516391  1.18616843204  0.187343694678
0.998339646771  471  105  105.102966536  1.50468503448  0.0543585821199
0.998339646771  471  116  115.645310965  1.341940363  0.0279238077654
0.998339646771  471  126  126.418012591  1.31077981871  0.190606639728
0.998339646771  471  137  137.12819799  1.49713047405  0.0785948565479
0.998339646771  471  148  147.921342917  1.51636021943  0.108131902401
0.998339646771  471  159  158.761361781  1.41561459171  -0.0124233368075
0.998339646771  471  170  169.710298294  1.37153920326  -0.0454549444622
0.998339646771  472  181  181.020290518  1.5105297507  0.11196644272
0.998339646771  472  192  192.137008605  1.51691047605  0.027515479176
0.998339646771  472  203  203.362108754  1.35541117482  0.107381452122
0.998339646771  472  215  214.550700018  1.24928677326  -0.00813597608091
0.998339646771  472  226  225.905445458  1.55184977805  -0.0365296228573
0.998339646771  472  237  237.407233642  1.39928798732  0.122690891195
0.998339646771  472  249  248.843182502  1.57790882691  0.0100065997306
0.998339646771  472  260  260.494734809  1.26355548255  0.108145631923
0.998339646771  472  272  272.219278555  1.52803574178  0.166286631606
0.998339646771  473  284  284.152096619  1.58012239849  0.123714536497
0.998339646771  473  296  295.962276835  1.59056184209  0.0619547751941
0.998339646771  473  308  307.892993421  1.5558068684  0.0704943726893
0.998339646771  473  320  319.912584849  1.56729366847  0.0151585665129
0.998339646771  473  332  332.047752715  1.60424886208  0.0595409155434
0.998339646771  473  344  344.279229267  1.52332170159  0.110055848051
0.998339646771  473  357  356.50211154  1.28323047292  -0.0030334047454
0.998339646771  473  369  368.844895645  1.63221771464  -0.00762465623007
0.998339646771  473  381  381.377906836  1.5553141871  0.0737196194915
0.998339646771  473  394  393.888898823  1.68965658403  0.00675558757621
0.998339646771  473  407  406.558099336  1.56971885951  0.0577560695173
0.998339646771  473  419  419.34467538  1.62202242261  0.122361950722
0.998339646771  473  432  432.196164816  1.682822834  0.103551779166
0.998339646771  473  445  445.196807999  1.68623156977  0.152696098695
0.998339646771  473  458  458.241493123  1.60014483395  0.201943376364
0.998339646771  473  471  471.373153045  1.53193026675  0.0845246458016
0.998339646771  474  485  484.745065843  1.60144452791  -0.00365350487688
0.998339646771  474  498  498.174602105  1.65413232597  0.0441536877748
0.998339646771  474  512  511.579063791  1.42041954959  -0.0712743953447
0.998339646771  474  525  525.227637665  1.68331868033  0.0714300574152
0.998339646771  474  539  538.843518013  1.68959800934  -0.00602480876713
0.998339646771  474  553  552.621084496  1.60831918176  -0.0097243349903
0.998339646771  474  567  566.539540967  1.56825857768  0.0478976657956
0.998339646771  474  581  580.544332787  1.54349127474  0.0447369844889
0.998339646771  473  595  594.550529022  1.33193625731  0.0234211118082
0.998339646771  473  609  608.695164939  1.64104961052  0.0131549875077
0.998339646771  473  623  623.092990137  1.74464213302  0.0490230341949
0.998339646771  473  638  637.516188008  1.5623731285  0.00520763623182
0.998339646771  473  652  652.081527331  1.79648957362  0.011884336275
0.998339646771  473  667  666.716069359  1.73277804548  -0.0562344892025
0.998339646771  473  682  681.538326664  1.68595846426  0.00997603220933
0.998339646771  473  696  696.460314631  1.72167539912  0.0407990130777
0.998339646771  473  711  711.497928948  1.71518484964  0.0503765016349
0.998339646771  473  727  726.624870366  1.750055393  0.0254880548056
0.998339646771  473  742  741.947190169  1.84078623254  0.0543899628797
0.998339646771  473  757  757.419890507  1.69956802981  0.11895382861
0.998339646771  473  773  772.949001435  1.84491372017  0.0606564321913
0.998339646771  473  789  788.621308773  1.66994707642  -0.0134026769497
0.998339646771  472  804  804.369378084  1.72638790816  0.0619261605766
0.998339646771  472  820  820.345263156  1.71091387709  0.0703235908338
0.998339646771  472  836  836.438350264  1.72553580167  0.0283688344192
0.998339646771  472  853  852.627511095  1.77484097793  -0.0557318723604
0.998339646771  472  869  869.060303297  1.94614622485  0.0370450220677
0.998339646771  472  886  885.565469845  1.78891914592  0.00592151756865
0.998339646771  471  902  902.08429989  1.91823820181  0.0450976092095
0.998339646771  471  919  918.876763853  1.92130726757  0.0525214343009
0.998339646771  471  936  935.846296656  1.92627884992  0.0429648161505
0.998339646771  471  953  952.974051867  1.96818918881  0.0572935555499
0.998339646771  471  970  970.307581437  1.82517763769  0.136470391195
0.998339646771  470  988  987.568028791  1.77531068627  0.0346037800965
0.998339646771  470  1005  1005.23245245  1.92458967826  0.0857977304426
1.18885164677  470  3  2.63238345306  0.97546340925  -0.346844503892
1.18885164677  470  13  12.6525480983  1.22949398496  0.0532699718097
1.18885164677  470  23  22.6269993714  1.21343454881  -0.00447924986903
1.18885164677  470  33  32.66811717  1.2259405161  0.014032185129
1.18885164677  471  43  43.0555983539  1.40915673433  0.138200383382
1.18885164677  471  53  53.2411036537  1.35978139201  0.106139406357
1.18885164677  471  63  63.4646613296  1.10295230232  0.162803471598
1.18885164677  471  74  73.6796006694  1.32901185278  -0.0471039259099
1.18885164677  471  84  84.1586369081  1.47198639836  0.088501981381
1.18885164677  471  95  94.5508030256  1.17372648706  0.0644872599604
1.18885164677  471  105  105.072082559  1.50609116294  -0.0400670552383
1.18885164677  472  116  115.868085956  1.48141714103  0.0637984589308
1.18885164677  472  127  126.53783267  1.17869368275  0.07627114993
1.18885164677  472  137  137.351998499  1.36470379491  0.136370666929
1.18885164677  472  148  148.178311975  1.44972638892  0.207285974589
1.18885164677  472  159  159.006905723  1.50170243893  0.0672934809577
1.18885164677  472  170  169.951682929  1.48707335913  0.0208105120739
1.18885164677  472  181  181.019961096  1.51420430086  0.0969104724904
1.18885164677  473  192  192.354047034  1.37572582596  0.0957026380624
1.18885164677  473  203  203.498051093  1.20315168418  0.0722708786779
1.18885164677  473  215  214.718548587  1.43718022546  -0.0109760196298
1.18885164677  473  226  226.125170959  1.56561596269  0.0180598102727
1.18885164677  473  238  237.529317457  1.2570089714  0.0175409204123
1.18885164677  473  249  249.074735377  1.58695751943  0.0762653232879
1.18885164677  473  261  260.61607679  1.38045342745  -0.00469435769225
1.18885164677  473  272  272.405518873  1.40509337559  0.195373819169
1.18885164677  473  284  284.151286992  1.58271143826  0.120274175051
1.18885164677  474  296  296.197917303  1.53582691093  0.13901073565
1.18885164677  474  308  308.137737965  1.54488131398  0.140706826427
1.18885164677  474  320  320.151097575  1.54856859301  0.0814619934931
1.18885164677  474  332  332.275868964  1.50465189119  0.122412413476
1.18885164677  474  344  344.445612251  1.34076606945  0.107146861294
1.18885164677  474  357  356.655001845  1.48364241039  -0.0493227257701
1.18885164677  474  369  369.076131057  1.6595026634  0.0439234386677
1.18885164677  474  382  381.522848476  1.50370560027  0.0316414912105
1.18885164677  474  394  394.102306629  1.68243233576  0.0544733195637
1.18885164677  474  407  406.727705579  1.63464959664  0.0400337813831
1.18885164677  474  419  419.501138054  1.54698854233  0.102984359442
1.18885164677  474  432  432.369930113  1.58723129205  0.116115529709
1.18885164677  474  445  445.348570913  1.57876922421  0.165198715532
1.18885164677  474  458  458.399887941  1.46906601955  0.147866343999
1.18885164677  474  472  471.520326914  1.43531469144  0.0325036747835
1.18885164677  474  485  484.744677852  1.60003416321  -0.00887197080129
1.18885164677  474  498  498.174602105  1.65413232597  0.0441536877748
1.18885164677  474  512  511.579063791  1.42041954959  -0.0712743953447
1.18885164677  474  525  525.227637665  1.68331868033  0.0714300574152
1.18885164677  474  539  538.843518013  1.68959800934  -0.00602480876713
1.18885164677  474  553  552.621084496  1.60831918176  -0.0097243349903
1.18885164677  474  567  566.539540967  1.56825857768  0.0478976657956
1.18885164677  474  581  580.544332787  1.54349127474  0.0447369844889
1.18885164677  474  595  594.63405945  1.60951295268  0.0119489921798
1.18885164677  474  609  608.888166743  1.74013661874  0.036041221968
1.18885164677  474  623  623.280816545  1.68242353451  0.0913521832249
1.18885164677  474  638  637.643948679  1.63392336485  -0.0363792884961
1.18885164677  474  652  652.270659888  1.73902988073  0.0483414670657
1.18885164677  474  667  666.884230745  1.79396115467  -0.0438398259397
1.18885164677  474  682  681.683264091  1.72857379924  -0.0132979464098
1.18885164677  474  697  696.590137935  1.73647101352  -0.000327838751541
1.18885164677  474  712  711.644470805  1.73890425843  0.0147020717921
1.18885164677  474  727  726.790875597  1.83787462327  0.0274096428981
1.18885164677  474  742  742.140182055  1.82277221395  0.0983769689616
1.18885164677  474  758  757.544089255  1.66486863011  0.0586785856889
1.18885164677  474  773  773.144893389  1.842568133  0.107738480344
1.18885164677  473  789  788.612343069  1.63500599099  -0.0922172298388
1.18885164677  473  804  804.496992767  1.63198042742  0.0198408049285
1.18885164677  473  820  820.472896385  1.6408383742  0.047381179635
1.18885164677  473  837  836.558382457  1.68132463849  -0.0260897790568
1.18885164677  473  853  852.779025533  1.8560195373  -0.0418759723377
1.18885164677  473  869  869.231179659  1.87190657317  0.0711897658668
1.18885164677  473  886  885.704425928  1.84792074182  -0.00568767800964
1.18885164677  472  902  902.265854547  1.87661106345  0.0791570484064
1.18885164677  472  919  919.051899234  1.95926034338  0.0744162761965
1.18885164677  472  936  936.021612387  1.93809217523  0.0675656570304
1.18885164677  472  953  953.146218827  1.9543596175  0.0901589254675
1.18885164677  472  970  970.445926865  1.66712102471  0.212422069188
1.18885164677  471  988  987.701758915  1.86788099195  0.0111039289321
1.18885164677  471  1005  1005.39041361  1.85395976833  0.093642109589
1.37936364677  471  3  2.85763645756  1.41227298014  -0.243764852552
1.37936364677  471  13  12.8531834659  1.38948821053  0.077609733898
1.37936364677  471  23  22.8083766617  1.35002994211  -0.0100456079587
1.37936364677  471  33  32.8854967969  1.38387191154  0.0440855192655
1.37936364677  471  43  43.0564860463  1.41982260082  0.140137881263
1.37936364677  472  53  53.4273139412  1.17649594486  0.109090255211
1.37936364677  472  64  63.5867076962  1.18766274494  0.0434212996828
1.37936364677  472  74  73.9047424701  1.42136467295  0.00750654352802
1.37936364677  472  84  84.3754066262  1.26699737503  0.17078046924
1.37936364677  472  95  94.7079907127  1.377863253  0.0198644027429
1.37936364677  472  105  105.32758603  1.39687528977  0.111022383747
1.37936364677  473  116  116.091208784  1.5020689852  0.144236396026
1.37936364677  473  127  126.678729945  1.35185280504  0.037850844842
1.37936364677  473  137  137.492260723  1.18321439879  0.119770433664
1.37936364677  473  148  148.370105564  1.29021215966  0.271362174903
1.37936364677  473  159  159.2374391  1.43636314779  0.147786652865
1.37936364677  473  170  170.186925628  1.47113649757  0.0896581355153
1.37936364677  473  181  181.259328004  1.38566102547  0.191387749554
1.37936364677  474  192  192.487156885  1.60750345571  0.223405832404
1.37936364677  474  204  203.618054595  1.26793525455  -0.0497300936167
1.37936364677  474  215  214.936626178  1.53686103865  0.0484458872382
1.37936364677  474  226  226.334850887  1.43529090897  0.0711639918843
1.37936364677  474  238  237.690957869  1.4572316403  -0.0076704637491
1.37936364677  474  249  249.295109358  1.48401405388  0.13531072994
1.37936364677  474  261  260.809187938  1.54041055677  0.00475864071154
1.37936364677  474  273  272.529499083  1.25551774966  0.103500564472
1.37936364677  474  284  284.341078635  1.471147956  0.155123369302
1.37936364677  474  296  296.209454532  1.52520843527  0.171908162574
1.37936364677  475  308  308.321917785  1.4503242232  0.192240179562
1.37936364677  475  320  320.33639216  1.45638515095  0.139424520149
1.37936364677  475  332  332.432430543  1.38677548222  0.133911678082
1.37936364677  475  345  344.563320058  1.32049196828  0.0168815921585
1.37936364677  475  357  356.839572024  1.5830709473  -0.0242393057784
1.37936364677  475  369  369.266150922  1.587768054  0.0735775909901
1.37936364677  475  382  381.666932766  1.58004370159  -0.00767392923086
1.37936364677  475  394  394.281869309  1.65051478465  0.0740477339968
1.37936364677  475  407  406.903257108  1.69057681401  0.0638269739081
1.37936364677  475  420  419.641426863  1.64124485594  0.0399657213565
1.37936364677  475  433  432.511675142  1.57289457272  0.0673145518113
1.37936364677  475  445  445.484999388  1.5404939704  0.118045840084
1.37936364677  475  459  458.525127217  1.51980060971  0.0698428278709
1.37936364677  475  472  471.654703766  1.54980014587  -0.00197974175306
1.37936364677  475  485  484.949318413  1.66923970885  0.0344734995742
1.37936364677  475  498  498.335380195  1.59848613866  0.0634364246013
1.37936364677  475  512  511.735129008  1.61546143057  -0.0542059059901
1.37936364677  475  525  525.382502108  1.59793668131  0.0759583744029
1.37936364677  475  539  539.045158734  1.72515231207  0.0341931707089
1.37936364677  475  553  552.803679562  1.70137274357  0.00942293496515
1.37936364677  475  567  566.686855949  1.6908430178  0.024282019483
1.37936364677  475  581  580.698760449  1.6916578689  0.0346873059886
1.37936364677  475  595  594.810573409  1.71413526587  0.0242439729871
1.37936364677  475  609  609.081884582  1.74242769321  0.0883261133635
1.37936364677  475  623  623.42880622  1.60494987433  0.0851193102507
1.37936364677  475  638  637.817190981  1.72766867446  -0.0151934357906
1.37936364677  475  652  652.419315573  1.69949254228  0.0377667406997
1.37936364677  475  667  667.068971285  1.82026492319  -0.000255222406137
1.37936364677  475  682  681.849157673  1.80342808663  0.000382265154843
1.37936364677  475  697  696.751426022  1.80161405295  -0.00174040099101
1.37936364677  475  712  711.791071945  1.80017219443  0.00930759731934
1.37936364677  475  727  726.988756214  1.8641686186  0.0610134629803
1.37936364677  475  742  742.300831784  1.76807986198  0.108901767919
1.37936364677  475  758  757.668019451  1.76311197436  0.0206493938875
1.37936364677  475  773  773.304962619  1.75906525844  0.125755789237
1.37936364677  474  789  788.774710588  1.7908379758  -0.0176957637264
1.37936364677  474  805  804.607134832  1.66569042381  -0.0408116747815
1.37936364677  474  821  820.601026773  1.68626082037  0.00445228961313
1.37936364677  474  837  836.684753441  1.77183839758  -0.051469036451
1.37936364677  474  853  852.956435844  1.89941559579  -0.0106625253394
1.37936364677  474  869  869.380024475  1.80600742929  0.0817953437147
1.37936364677  473  886  885.870053228  1.64762834505  -0.0152682531093
1.37936364677  473  902  902.407576464  1.79877985023  0.0739721362366
1.37936364677  473  919  919.218715334  1.91664721971  0.101930650299
1.37936364677  473  936  936.1871766  1.88823294311  0.0928574766512
1.37936364677  473  953  953.301097723  1.89967204945  0.110328602851
1.37936364677  472  970  970.428856426  1.77642866873  0.11158793875
1.37936364677  472  988  987.836537148  1.95096399177  0.0237234000187
1.37936364677  472  1005  1005.48304773  1.80963694355  0.0578571311199
