# Band 1C   Etalon 1A   Slice 14
# Distortion map version 06.04.00 - date 2018-10-04
# Trace (isoalpha): Take pixel trace along specified slice, specified alpha position trace is built by taking the pixel in every detector row with alpha value closest to the one specified 
# xpos[i] = np.argmin(alpha_img[i,:])+funcs.find_nearest(alpha_img[i,:][(slice_img[i,:]!=0)],alpha_pos)
#    alpha       x  y      center         FWHM          skewness
0.0  375  9  8.68546023477  1.25262784047  -0.0122314782587
0.0  376  19  19.0094779447  1.43961653177  0.0620429274325
0.0  376  29  29.2475804424  1.34480994541  0.167682503214
0.0  376  39  39.4654517533  1.22540332579  0.0905488387823
0.0  376  50  49.7046356581  1.29806495378  -0.031678182463
0.0  376  60  60.1956919826  1.39567726218  0.0975048513056
0.0  376  71  70.5593797571  1.18692578044  -0.0726799578463
0.0  377  81  81.199407344  1.65305520784  -0.216429132639
0.0  377  92  91.821090662  1.46674207544  -0.018390856817
0.0  377  103  102.531751507  1.17254263979  0.0129019437186
0.0  377  113  113.331182695  1.41054680047  0.16474220539
0.0  377  124  124.123831406  1.54685866355  0.0645778539917
0.0  377  135  135.000455164  1.53144482591  0.0534713401188
0.0  377  146  145.971535629  1.53134057115  0.0854699870906
0.0  377  157  156.991035744  1.53615879556  -0.00581348175032
0.0  378  168  168.317243022  1.38530899174  0.146723128001
0.0  378  179  179.469250019  1.27804789742  0.0961967161364
0.0  378  191  190.650870057  1.34240351799  -0.134253018002
0.0  378  202  202.104622772  1.53022070965  0.0667434473946
0.0  378  214  213.508446479  1.23955563991  -0.0042307649475
0.0  378  225  225.006256903  1.61336440662  -0.0368266758936
0.0  378  237  236.58816523  1.4120409173  -0.0161122477979
0.0  378  248  248.344062076  1.50923482986  0.102502243332
0.0  378  260  260.073688932  1.63331415828  0.0539482126695
0.0  379  272  272.036501058  1.64562919583  0.0859697935119
0.0  379  284  283.933434722  1.61376886019  0.0235329739511
0.0  379  296  295.981635195  1.62091524911  0.0474033456702
0.0  379  308  308.124926002  1.61437405783  0.110774333115
0.0  379  320  320.325383181  1.52656196802  0.0854682730238
0.0  379  333  332.542291263  1.30044467674  -0.0272234429712
0.0  379  345  344.911108497  1.65364620625  -0.0216429193617
0.0  379  357  357.418171704  1.53019754376  0.0231754134897
0.0  379  370  369.938213824  1.69176950032  -0.025729924137
0.0  379  383  382.581927369  1.55881941797  -0.0239492050948
0.0  379  395  395.364709421  1.67966239188  0.0423946963143
0.0  379  408  408.196679663  1.71655034332  0.0640917169807
0.0  379  421  421.137401333  1.73319954557  0.0666506149194
0.0  379  434  434.167043251  1.70240738501  0.0701554338193
0.0  380  447  447.404685809  1.73110458006  0.106632123842
0.0  380  461  460.586671469  1.45399883783  0.0161098529313
0.0  380  474  473.946195515  1.694949534  0.00823407147031
0.0  380  487  487.443687217  1.49610551271  0.0878045520887
0.0  380  501  500.927782158  1.72611052868  -0.025652607381
0.0  380  515  514.564491535  1.48235125283  -0.0901788015902
0.0  380  528  528.390143691  1.62204102255  0.0363866528164
0.0  380  542  542.24147752  1.73547951106  0.0336159482585
0.0  380  556  556.192405697  1.78571355297  0.0292794640304
0.0  380  570  570.284196313  1.74703585931  0.0643573457735
0.0  380  584  584.450262116  1.6173158155  0.0781247694839
0.0  380  599  598.687566357  1.710483429  -0.0145499078999
0.0  380  613  613.190798869  1.7929461329  0.0852965608392
0.0  380  628  627.634947794  1.46256241596  0.0412944029537
0.0  379  642  642.288568087  1.75003943807  0.0328128977287
0.0  379  657  657.032027153  1.85132759351  -0.0220670016095
0.0  379  672  671.887229399  1.83644924127  -0.0740429532921
0.0  379  687  686.890475225  1.8615738792  -0.0645630460628
0.0  379  702  702.045690088  1.88974821311  -0.00685914325086
0.0  379  717  717.30358934  1.81680886434  0.0102120331783
0.0  379  733  732.678636135  1.78292955473  0.0162274254041
0.0  379  748  748.185631954  1.84129591877  0.0730284613587
0.0  379  764  763.769315273  1.78729381549  -0.0068367856101
0.0  379  780  779.563668392  1.69498348534  0.0235239954567
0.0  379  796  795.504648146  1.6714807575  0.0591210593928
0.0  379  812  811.537724225  1.474082015  -0.0525189049804
0.0  378  828  827.636404814  1.74619511475  -0.068173641018
0.0  378  844  843.99671589  1.92057136594  -0.0032798453043
0.0  378  860  860.481267184  1.78544155244  -0.00428093557347
0.0  378  877  877.068409292  1.98058336987  -0.0171054890556
0.0  378  894  893.794416785  1.93449257607  -0.000509181486576
0.0  378  911  910.671964227  1.89687729075  -0.0192402214306
0.0  377  928  927.650445069  1.87934321541  0.0203775874295
0.0  377  945  944.830913135  1.96371607724  0.0333270764284
0.0  377  962  962.239434242  1.90407382906  0.0845087802711
0.0  377  980  979.715250469  1.84902714903  0.00821100440768
0.0  376  997  997.425905283  1.68837516879  0.0764168711418
0.0  376  1015  1015.28619772  1.93214289697  0.0581607165515
-1.33594818586  369  8  7.97110581113  1.43382246071  0.0735357731482
-1.33594818586  369  18  18.1347015274  1.42070226669  0.110385678596
-1.33594818586  369  28  28.3594508214  1.22010115446  0.195027659316
-1.33594818586  369  39  38.5329897128  1.20791421695  -0.00174753636086
-1.33594818586  369  49  48.8322256897  1.40039095281  0.00412349370524
-1.33594818586  369  59  59.3232530167  1.3465736732  0.113774389312
-1.33594818586  370  70  69.7870439086  1.3991341685  -0.0582413501047
-1.33594818586  370  80  80.4320769877  1.196239248  0.148291645919
-1.33594818586  370  91  90.9935527395  1.52864330249  0.0115402490585
-1.33594818586  370  102  101.63544185  1.3411570883  -0.0304213677082
-1.33594818586  370  112  112.471363786  1.19290329194  0.168444653365
-1.33594818586  370  123  123.313154612  1.48209557472  0.11225204626
-1.33594818586  370  134  134.225833892  1.47400926329  0.159450103532
-1.33594818586  371  145  145.328095924  1.39506128666  0.224289192639
-1.33594818586  371  156  156.346980605  1.42831259165  0.08819818836
-1.33594818586  371  167  167.462607426  1.23036196435  0.139856369421
-1.33594818586  371  179  178.588301179  1.27869524604  -0.0255014455445
-1.33594818586  371  190  189.877635916  1.53598473481  -0.0660862286663
-1.33594818586  371  201  201.322106178  1.44448814343  0.112802365977
-1.33594818586  371  213  212.671166548  1.47514507618  -0.0486823901235
-1.33594818586  371  224  224.258001462  1.55896693242  0.0366181657887
-1.33594818586  371  236  235.814619026  1.60374539067  0.000769348819397
-1.33594818586  372  248  247.606746561  1.42781631104  -0.0289857231337
-1.33594818586  372  259  259.433935478  1.44415819056  0.0992627528361
-1.33594818586  372  271  271.307408763  1.53839485636  0.143336563403
-1.33594818586  372  283  283.233518642  1.61130052196  0.102501762516
-1.33594818586  372  295  295.27967467  1.55052045249  0.125913197981
-1.33594818586  372  307  307.393098212  1.42392408827  0.150284841333
-1.33594818586  372  320  319.523840906  1.31083907198  -0.00919883376225
-1.33594818586  372  332  331.794936896  1.60275198401  -0.019619853709
-1.33594818586  372  344  344.241324537  1.57664390454  0.0630134952444
-1.33594818586  372  357  356.623812932  1.52120708694  -0.0924014907847
-1.33594818586  372  369  369.269941327  1.63556160727  0.0395747863326
-1.33594818586  372  382  381.869393627  1.70377052809  -0.0288545900354
-1.33594818586  372  395  394.601101376  1.60435070779  -0.0655248174825
-1.33594818586  373  408  407.560582919  1.60937686105  0.00924486271104
-1.33594818586  373  421  420.521379231  1.56247711321  0.0531941792598
-1.33594818586  373  434  433.540944869  1.59396810171  0.0195526506853
-1.33594818586  373  447  446.669655906  1.62589380485  0.00939863063716
-1.33594818586  373  460  459.926160736  1.72211409645  0.0412835387842
-1.33594818586  373  473  473.330020197  1.64165953266  0.0840348415537
-1.33594818586  373  487  486.705638772  1.63001094168  -0.0338391357029
-1.33594818586  373  500  500.323975941  1.62088101195  0.0550185575249
-1.33594818586  373  514  513.901156276  1.72182163866  -0.0861952454354
-1.33594818586  373  528  527.66562487  1.66343769557  -0.0656986627027
-1.33594818586  373  542  541.546627673  1.56244646226  -0.0459537717321
-1.33594818586  373  556  555.531637026  1.65276914055  -0.0221278436143
-1.33594818586  373  570  569.590134409  1.69118664634  -0.017225846895
-1.33594818586  373  584  583.788936723  1.76155918856  0.00303227377658
-1.33594818586  373  598  598.158798729  1.77475499989  0.161943105887
-1.33594818586  373  613  612.518667226  1.55426979538  0.0228024611614
-1.33594818586  373  627  627.089564697  1.8297623759  0.0377166853381
-1.33594818586  373  642  641.695446792  1.68873235491  -0.0724187268686
-1.33594818586  373  657  656.509515283  1.62474301231  -0.0424604528843
-1.33594818586  373  671  671.442521701  1.67317390456  0.00300938344307
-1.33594818586  372  686  686.371616924  1.73886897  -0.00205297172573
-1.33594818586  372  701  701.485713313  1.7599214392  -0.000619472444323
-1.33594818586  372  717  716.702171067  1.84691671701  -0.0472774809557
-1.33594818586  372  732  732.131219884  1.88621938669  0.0328279143792
-1.33594818586  372  748  747.608661678  1.77180807324  0.0286907146275
-1.33594818586  372  763  763.292878786  1.85729289192  0.0801234148513
-1.33594818586  372  779  779.041299388  1.88745887356  0.0332772370353
-1.33594818586  372  795  794.95030722  1.91101706261  0.0204569242767
-1.33594818586  372  811  811.022480857  1.93532947703  -0.0217672771331
-1.33594818586  372  827  827.257097893  1.861312017  0.0197867629493
-1.33594818586  371  844  843.502675343  1.7615629443  -0.01202722084
-1.33594818586  371  860  859.961768285  1.93605083968  -0.0536195267011
-1.33594818586  371  877  876.560895007  1.84466000312  -0.0449565094711
-1.33594818586  371  893  893.351055184  1.91357796979  0.038469633124
-1.33594818586  371  910  910.244395794  1.93365905938  0.0366890667714
-1.33594818586  371  927  927.294188344  1.96708271219  0.0704475309689
-1.33594818586  370  944  944.404730178  1.80596929641  0.0932061706643
-1.33594818586  370  962  961.730777785  1.88067487621  0.0106847711132
-1.33594818586  370  979  979.338275522  1.88459882109  0.110683320831
-1.33594818586  370  997  996.989243211  1.97500655637  0.0382946589465
-1.33594818586  369  1015  1014.76617704  1.89992311498  -0.0653052320366
-1.14543618586  370  8  8.14945903612  1.39748011602  0.135484098424
-1.14543618586  370  18  18.2898856309  1.29089190193  0.150032326118
-1.14543618586  370  28  28.4561516812  1.15070739806  0.178634199588
-1.14543618586  370  39  38.6165564287  1.21537937045  -0.0384915127931
-1.14543618586  370  49  48.9963090159  1.4736797185  0.0545489110774
-1.14543618586  370  59  59.4336078373  1.22802737403  0.122152478298
-1.14543618586  371  70  69.9628882447  1.46954303313  0.0302207873439
-1.14543618586  371  81  80.5118860916  1.20796731761  0.0620481312809
-1.14543618586  371  91  91.1410739537  1.53104409784  0.0582027802447
-1.14543618586  371  102  101.762424581  1.47686803554  -0.0314171568842
-1.14543618586  371  113  112.540471004  1.20511461947  0.0787606060078
-1.14543618586  371  123  123.42176354  1.38431955342  0.114883955383
-1.14543618586  371  134  134.343870791  1.39594966109  0.178721663828
-1.14543618586  371  145  145.374824809  1.49244821994  0.150167842545
-1.14543618586  372  156  156.449663647  1.28842360057  0.0761251309903
-1.14543618586  372  168  167.53420995  1.2370695952  0.0325965167773
-1.14543618586  372  179  178.694993954  1.4234497225  -0.0278585388103
-1.14543618586  372  190  190.012552999  1.53945335154  -0.0307634279252
-1.14543618586  372  201  201.426986553  1.29704355775  0.103317071435
-1.14543618586  372  213  212.774852828  1.55300930292  -0.0483596485859
-1.14543618586  372  224  224.379292953  1.42657010025  0.060289071054
-1.14543618586  372  236  235.935235482  1.61323976766  0.0267792653359
-1.14543618586  373  248  247.697188507  1.53523600201  -0.031629831087
-1.14543618586  373  260  259.50154116  1.41672020302  0.0326150271322
-1.14543618586  373  271  271.404923482  1.45836596645  0.150164055134
-1.14543618586  373  283  283.344299949  1.51636503665  0.114127173731
-1.14543618586  373  295  295.379288959  1.47890565514  0.146775077114
-1.14543618586  373  307  307.465130087  1.34804839  0.128262353123
-1.14543618586  373  320  319.587946266  1.38329733631  -0.0492808796667
-1.14543618586  373  332  331.921978101  1.66348197863  0.0104079533172
-1.14543618586  373  344  344.34181897  1.53919130579  0.0740474325599
-1.14543618586  373  357  356.717215529  1.58162241371  -0.0898965299846
-1.14543618586  373  369  369.368223667  1.57899096677  0.0481091181865
-1.14543618586  373  382  381.969705456  1.72703342969  -0.0149957542411
-1.14543618586  373  395  394.694998097  1.6346907909  -0.0589044074262
-1.14543618586  374  408  407.658382644  1.63692192975  0.0117483436477
-1.14543618586  374  421  420.598501732  1.60164980612  0.0165273596823
-1.14543618586  374  434  433.635640247  1.60523077723  0.0243003497576
-1.14543618586  374  447  446.76975864  1.70376436315  0.0194243618965
-1.14543618586  374  460  460.047287562  1.71941530025  0.0684607372331
-1.14543618586  374  473  473.41230194  1.57015775121  0.0838802666631
-1.14543618586  374  487  486.802449632  1.68363214248  -0.0276032009713
-1.14543618586  374  500  500.403116566  1.56694694496  0.0455832507221
-1.14543618586  374  514  514.022954053  1.75996493563  -0.0552768891562
-1.14543618586  374  528  527.759555936  1.69179988634  -0.0647023231557
-1.14543618586  374  542  541.631205035  1.63761055453  -0.043878667021
-1.14543618586  374  556  555.612178434  1.64775335654  -0.0338370851774
-1.14543618586  374  570  569.682283395  1.72460630339  -0.0134822972908
-1.14543618586  374  584  583.876838678  1.7849322074  0.0125965977641
-1.14543618586  374  598  598.257518927  1.71503156746  0.185292822499
-1.14543618586  374  613  612.593600584  1.62498787967  0.00591335941302
-1.14543618586  374  627  627.190248141  1.79995897088  0.059898567737
-1.14543618586  374  642  641.789584069  1.76272388951  -0.054916596555
-1.14543618586  374  657  656.58359928  1.66423000297  -0.0630887327337
-1.14543618586  374  671  671.457129568  1.61666384719  -0.00957836330486
-1.14543618586  373  686  686.444876261  1.72527424027  -0.00814259313336
-1.14543618586  373  702  701.551282473  1.74328334715  -0.028003199658
-1.14543618586  373  717  716.793717438  1.86707954874  -0.0231278983024
-1.14543618586  373  732  732.203799155  1.85205221853  0.0380688561245
-1.14543618586  373  748  747.668821745  1.785160386  0.00755042452712
-1.14543618586  373  763  763.358374589  1.81249193325  0.0819794626702
-1.14543618586  373  779  779.121658684  1.89422101736  0.0563087214176
-1.14543618586  373  795  795.051987015  1.9192179298  0.0436937880849
-1.14543618586  373  811  811.105939853  1.93720077723  -0.000236146794845
-1.14543618586  373  827  827.3343826  1.84813387184  0.0281854259094
-1.14543618586  372  844  843.556834944  1.76809079004  -0.0208081375137
-1.14543618586  372  860  860.026187627  1.96497161432  -0.037344720996
-1.14543618586  372  877  876.615866275  1.84760480529  -0.0576675194514
-1.14543618586  372  893  893.425886983  1.88531122301  0.0510502670308
-1.14543618586  372  910  910.310333132  1.91123220767  0.0390476959514
-1.14543618586  372  927  927.353221442  1.91169996882  0.0772911842315
-1.14543618586  371  944  944.457472187  1.82072188583  0.076372530873
-1.14543618586  371  962  961.794005338  1.91980544335  0.0188831760168
-1.14543618586  371  979  979.390700875  1.87508069278  0.0920021756579
-1.14543618586  371  997  997.069711489  1.97834515379  0.0488785728197
-1.14543618586  370  1015  1014.83299829  1.93612408047  -0.0462776494246
-0.954924185862  371  8  8.29390746614  1.315141004  0.152754512141
-0.954924185862  371  18  18.4028119076  1.18332533575  0.150302014231
-0.954924185862  371  29  28.5315884336  1.18867451889  0.0690687974418
-0.954924185862  371  39  38.7278894706  1.29959872087  -0.0526411100267
-0.954924185862  371  49  49.1610741103  1.42912453638  0.103348894101
-0.954924185862  371  60  59.5102990779  1.20882479602  0.00812519285973
-0.954924185862  371  70  70.038545466  1.63151827944  -0.0170363121993
-0.954924185862  372  81  80.5921110234  1.25238237966  -0.00775060507029
-0.954924185862  372  91  91.2865313213  1.47066947034  0.0906997040222
-0.954924185862  372  102  101.9068405  1.50442102451  0.0236110939401
-0.954924185862  372  113  112.633632524  1.34473574075  0.0198115007369
-0.954924185862  372  124  123.508754094  1.23658192786  0.0406060268084
-0.954924185862  372  134  134.443888385  1.22932056051  0.171250255441
-0.954924185862  372  145  145.422387739  1.29622385619  0.176935795306
-0.954924185862  373  157  156.52929836  1.20255008138  -0.0177811259059
-0.954924185862  373  168  167.617304415  1.30444776292  -0.00838327340887
-0.954924185862  373  179  178.816812266  1.51849081248  -0.00594460832919
-0.954924185862  373  190  190.1627434  1.55543021125  0.0169833771565
-0.954924185862  373  201  201.502634536  1.25108312623  0.0606340381608
-0.954924185862  373  213  212.915930096  1.58904503245  -0.0207842767243
-0.954924185862  373  224  224.469726299  1.31890145509  0.039745734578
-0.954924185862  373  236  236.064918315  1.63099802732  0.0609753196961
-0.954924185862  374  248  247.754833699  1.64819288997  -0.0285948367514
-0.954924185862  374  260  259.58504446  1.41643711183  -0.0218261566561
-0.954924185862  374  271  271.494683529  1.35880387201  0.117461922805
-0.954924185862  374  283  283.448453743  1.42310339944  0.113382174093
-0.954924185862  374  295  295.468837297  1.3402987365  0.119562016115
-0.954924185862  374  308  307.537688486  1.29203864594  0.0459786471549
-0.954924185862  374  320  319.697462443  1.49176772497  -0.0416023188843
-0.954924185862  374  332  332.039749215  1.63713895972  0.0324784886584
-0.954924185862  374  344  344.441396752  1.36825080108  0.0679269969168
-0.954924185862  374  357  356.836810183  1.65537830933  -0.0716217285067
-0.954924185862  374  369  369.458229286  1.51813440882  0.0399716825961
-0.954924185862  374  382  382.084996668  1.71832864676  0.010237219304
-0.954924185862  374  395  394.784597972  1.68458045946  -0.0703663928336
-0.954924185862  374  408  407.659886182  1.64830626105  0.0180467159786
-0.954924185862  375  421  420.700399005  1.66914779323  0.017706492657
-0.954924185862  375  434  433.730651391  1.68533006408  0.00534482482032
-0.954924185862  375  447  446.876656833  1.70437173879  0.0349657160962
-0.954924185862  375  460  460.155110249  1.7117478034  0.0786838058939
-0.954924185862  375  473  473.489106994  1.54545803179  0.0520295313039
-0.954924185862  375  487  486.89881558  1.70594945009  -0.0116633969881
-0.954924185862  375  500  500.478829465  1.54507609706  0.0294731025346
-0.954924185862  375  514  514.122125731  1.7344804092  -0.0343239724263
-0.954924185862  375  528  527.849185575  1.73271368762  -0.0582435666638
-0.954924185862  375  542  541.712477492  1.70554054057  -0.0568811123055
-0.954924185862  375  556  555.681894561  1.7330024871  -0.0550541861807
-0.954924185862  375  570  569.761097974  1.75758043395  -0.0171176567841
-0.954924185862  375  584  583.975518769  1.81067551782  0.0269746819788
-0.954924185862  375  598  598.312928062  1.72078205274  0.08360417947
-0.954924185862  375  613  612.671334114  1.69792365626  -0.00186651481937
-0.954924185862  375  627  627.290059722  1.75199905362  0.0746376633884
-0.954924185862  375  642  641.876908264  1.77842289578  -0.0475912384683
-0.954924185862  375  657  656.644925198  1.74009525204  -0.0730328693272
-0.954924185862  374  672  671.495953573  1.64932994588  -0.0403925245227
-0.954924185862  374  687  686.496532926  1.72210733414  -0.0509360345478
-0.954924185862  374  702  701.62968348  1.78958931554  -0.02139485488
-0.954924185862  374  717  716.877252827  1.90444307842  -0.0158062840131
-0.954924185862  374  732  732.288103418  1.83693070354  0.0536125609058
-0.954924185862  374  748  747.742601973  1.82428684122  0.0118012363652
-0.954924185862  374  763  763.432237729  1.77867742604  0.0812612016524
-0.954924185862  374  779  779.217448186  1.86275007358  0.0867484185494
-0.954924185862  374  795  795.138093941  1.87881419935  0.0687644890412
-0.954924185862  374  811  811.200287279  1.90007698659  0.0188671196079
-0.954924185862  374  827  827.407477133  1.77651200075  0.0635321511183
-0.954924185862  373  844  843.618702586  1.77156113249  -0.0320692420255
-0.954924185862  373  860  860.115928452  1.94432700433  -0.0212865052221
-0.954924185862  373  877  876.669779279  1.852237139  -0.063841799937
-0.954924185862  373  893  893.465120763  1.85180348257  0.0288379586911
-0.954924185862  373  910  910.37706388  1.86589868428  0.0419938319276
-0.954924185862  373  927  927.392940298  1.84125263921  0.0679863652935
-0.954924185862  372  945  944.514402009  1.81167467689  0.0652925812366
-0.954924185862  372  962  961.864352258  1.94687126877  0.0218226812898
-0.954924185862  372  979  979.444047699  1.81960438595  0.0871595286164
-0.954924185862  372  997  997.14223299  1.97648306345  0.0704928752652
-0.954924185862  371  1015  1014.89306027  1.96961757361  -0.0401174374564
-0.764412185862  372  8  8.40216357087  1.21797849804  0.149900879886
-0.764412185862  372  18  18.4961253522  1.16635689212  0.122528094623
-0.764412185862  372  29  28.6225488703  1.21673592716  0.0334072776724
-0.764412185862  372  39  38.878905485  1.42635912609  -0.0209824124556
-0.764412185862  372  49  49.3204165742  1.32023833968  0.157496160016
-0.764412185862  372  60  59.5960293015  1.23027336983  -0.0351208089234
-0.764412185862  372  70  70.1170467916  1.46538264156  0.033927608233
-0.764412185862  373  81  80.7049089785  1.35639441484  -0.0151207573956
-0.764412185862  373  91  91.4031896306  1.37568615077  0.114430904912
-0.764412185862  373  102  102.038430203  1.5681710519  0.0436037513375
-0.764412185862  373  113  112.750849073  1.45831482463  0.0276883319309
-0.764412185862  373  124  123.583372568  1.21727338291  -0.019308809092
-0.764412185862  373  135  134.523011927  1.22484699488  0.084613491289
-0.764412185862  373  145  145.506160581  1.23353623509  0.147806443696
-0.764412185862  374  157  156.603165458  1.24233248005  -0.065964656641
-0.764412185862  374  168  167.74419398  1.43483928588  0.0109180762803
-0.764412185862  374  179  178.96853689  1.56671782218  0.0277651084463
-0.764412185862  374  190  190.288770535  1.46307680567  0.0333703495425
-0.764412185862  374  202  201.584011513  1.30659426812  -0.037022047406
-0.764412185862  374  213  213.051415433  1.60589869945  0.00515912618026
-0.764412185862  374  225  224.537310503  1.28401205651  -0.0647038728739
-0.764412185862  374  236  236.207744499  1.55237902019  0.0968171368939
-0.764412185862  374  248  247.824917749  1.58785457504  -0.00185416294824
-0.764412185862  375  260  259.683473713  1.53643211392  -0.031482135574
-0.764412185862  375  272  271.561473141  1.40658458063  0.0365148731101
-0.764412185862  375  284  283.510243432  1.35382775721  0.0438511535005
-0.764412185862  375  296  295.532069881  1.30110198788  0.0418841530741
-0.764412185862  375  308  307.62291885  1.42834967244  0.00454259243032
-0.764412185862  375  320  319.819336107  1.59240846962  -0.0177397044192
-0.764412185862  375  332  332.173489399  1.61304665501  0.0680961170452
-0.764412185862  375  345  344.511780437  1.35434658088  -0.00249182688903
-0.764412185862  375  357  356.949953319  1.69106404212  -0.0561242535317
-0.764412185862  375  370  369.529892078  1.52660340891  -0.0240398794784
-0.764412185862  375  382  382.202745685  1.69228543227  0.0233802386722
-0.764412185862  375  395  394.907362664  1.69919875117  -0.0239928923735
-0.764412185862  375  408  407.752029474  1.69619718201  0.0117722769934
-0.764412185862  376  421  420.781897387  1.69999011998  -0.00950951885021
-0.764412185862  376  434  433.816024742  1.68955702102  -0.00390074653045
-0.764412185862  376  447  446.982782824  1.72130563098  0.0557473483929
-0.764412185862  376  460  460.272110424  1.63628258078  0.117087792342
-0.764412185862  376  474  473.550371766  1.35800566494  -0.0204985327097
-0.764412185862  376  487  487.019912344  1.73674306521  0.0276652392609
-0.764412185862  376  501  500.543542582  1.45138657281  -0.0332250724033
-0.764412185862  376  514  514.233840464  1.68340459411  -0.00122343455829
-0.764412185862  376  528  527.953952617  1.75867662331  -0.0344130501982
-0.764412185862  376  542  541.802708232  1.7236361912  -0.0515748140877
-0.764412185862  376  556  555.770837195  1.72833931836  -0.0508253731527
-0.764412185862  376  570  569.863475092  1.77908846976  -0.0111770416348
-0.764412185862  376  584  584.085954993  1.79810163791  0.0534747096575
-0.764412185862  376  598  598.397830686  1.64738607386  0.0813908654793
-0.764412185862  376  613  612.751435864  1.73843786134  -0.0199281533663
-0.764412185862  376  627  627.3823097  1.66410651249  0.0922603069254
-0.764412185862  376  642  641.989352919  1.79765720648  -0.0152119231145
-0.764412185862  376  657  656.749766788  1.81549729079  -0.0181029731383
-0.764412185862  375  672  671.565167656  1.6844104965  -0.0617660103167
-0.764412185862  375  687  686.563852141  1.75581265915  -0.0652359865974
-0.764412185862  375  702  701.697334494  1.80045725024  -0.0392481290578
-0.764412185862  375  717  716.960004293  1.91413865474  -0.00307751871976
-0.764412185862  375  732  732.357744976  1.80432332369  0.0373367154027
-0.764412185862  375  748  747.825590647  1.85111182127  0.0201914415329
-0.764412185862  375  763  763.489328663  1.73036209453  0.0480740452823
-0.764412185862  375  779  779.293850507  1.82011341176  0.0778630464292
-0.764412185862  375  795  795.224700569  1.84100661262  0.0832615297497
-0.764412185862  375  811  811.281022436  1.85730925959  0.0253268690279
-0.764412185862  374  827  827.402227501  1.84282934973  0.0024518478192
-0.764412185862  374  844  843.683028105  1.81917145968  -0.043019542435
-0.764412185862  374  860  860.192253324  1.92909507081  -0.00962141565809
-0.764412185862  374  877  876.757521539  1.90322166775  -0.0517448781665
-0.764412185862  374  894  893.531343618  1.85228176619  0.0137786663408
-0.764412185862  374  910  910.4346193  1.86695454461  0.0296895844496
-0.764412185862  373  927  927.424258856  1.87513167446  0.0600309790755
-0.764412185862  373  945  944.567806301  1.81089294691  0.0469608741395
-0.764412185862  373  962  961.951928037  1.93655195281  0.0368134606762
-0.764412185862  373  979  979.502073245  1.78094816246  0.0729217582322
-0.764412185862  373  997  997.214162842  1.95658606991  0.0844447088239
-0.764412185862  372  1015  1014.97856566  1.98560607554  -0.00653834324499
-0.573900185862  373  8  8.50506622372  1.2974154876  0.206887703056
-0.573900185862  373  19  18.5811904737  1.18597634253  0.034107422883
-0.573900185862  373  29  28.7421097946  1.32731250616  0.0324972534388
-0.573900185862  373  39  39.0521952806  1.45445751144  0.0300880960773
-0.573900185862  373  49  49.4185318648  1.20057681809  0.136486733463
-0.573900185862  373  60  59.7068466864  1.34518716731  -0.025339033211
-0.573900185862  373  70  70.2629265072  1.40809003639  0.0761817230405
-0.573900185862  374  81  80.8445250729  1.46971889975  0.015733101133
-0.573900185862  374  91  91.5007421311  1.2390279916  0.0816830673209
-0.573900185862  374  102  102.191940542  1.49876882214  0.0828003507218
-0.573900185862  374  113  112.892911424  1.52328982832  0.0473738995524
-0.573900185862  374  124  123.713974453  1.47498948732  -0.0334160041878
-0.573900185862  374  135  134.595761031  1.23067498714  0.0201200852676
-0.573900185862  374  146  145.584967801  1.22684061857  0.062687109273
-0.573900185862  375  157  156.716414986  1.37970945755  -0.0655760741683
-0.573900185862  375  168  167.864068558  1.51312954987  0.00902439977703
-0.573900185862  375  179  179.122054059  1.55936905544  0.0781818570435
-0.573900185862  375  190  190.402008007  1.37614819371  0.0395405221529
-0.573900185862  375  202  201.669963054  1.44727277554  -0.0584936279794
-0.573900185862  375  213  213.179467024  1.56704214071  0.0297011650997
-0.573900185862  375  225  224.625123682  1.40086685743  -0.0905912575661
-0.573900185862  375  236  236.332092062  1.49453405923  0.117668965392
-0.573900185862  375  248  247.944423191  1.62108745917  0.0045681560456
-0.573900185862  376  260  259.805538071  1.56682134935  -0.0200857404082
-0.573900185862  376  272  271.663596073  1.46036885764  0.0149581968491
-0.573900185862  376  284  283.588805716  1.34754411247  -0.00950064468634
-0.573900185862  376  296  295.619567658  1.36450171524  0.00178288196205
-0.573900185862  376  308  307.72017861  1.49958795016  0.00966294925339
-0.573900185862  376  320  319.952255512  1.61884533152  0.00958565675878
-0.573900185862  376  332  332.294934139  1.53076916056  0.0835404325016
-0.573900185862  376  345  344.580701103  1.43139366799  -0.0585448317531
-0.573900185862  376  357  357.078935772  1.68906551421  -0.0141492593369
-0.573900185862  376  370  369.61090762  1.49429105927  -0.0521495766399
-0.573900185862  376  382  382.323488628  1.60089172195  0.0502763401654
-0.573900185862  376  395  395.02053949  1.73946425108  -0.00436657774398
-0.573900185862  376  408  407.845815672  1.70806262896  -0.00370160806313
-0.573900185862  376  421  420.790297872  1.70501050701  0.00258765661614
-0.573900185862  377  434  433.924634289  1.7434056636  0.0106904982341
-0.573900185862  377  447  447.100491673  1.71793374112  0.0802510282123
-0.573900185862  377  460  460.366718904  1.57555705929  0.118804060706
-0.573900185862  377  474  473.624864835  1.53483971097  -0.0443869685954
-0.573900185862  377  487  487.131941298  1.70662876666  0.0466622233333
-0.573900185862  377  501  500.613103432  1.53110445458  -0.0577330424629
-0.573900185862  377  514  514.342427497  1.63032663825  0.00807541968233
-0.573900185862  377  528  528.060341297  1.77527546169  -0.0213156602897
-0.573900185862  377  542  541.902020874  1.78364833511  -0.0373249114246
-0.573900185862  377  556  555.862522128  1.76459224828  -0.0472212801171
-0.573900185862  377  570  569.966753416  1.80773871495  0.00473834998231
-0.573900185862  377  584  584.186372044  1.77523553257  0.0637960153119
-0.573900185862  377  598  598.4791929  1.60047958791  0.0763512281372
-0.573900185862  377  613  612.843252147  1.79429694426  -0.00130898523171
-0.573900185862  377  627  627.445288901  1.56764626149  0.0761742268223
-0.573900185862  377  642  642.079907107  1.82503538888  -0.00417149605299
-0.573900185862  376  657  656.72597118  1.76425673103  -0.0816775534691
-0.573900185862  376  672  671.634953608  1.71914720138  -0.0864471899485
-0.573900185862  376  687  686.63103723  1.7599217161  -0.0841068327084
-0.573900185862  376  702  701.776911444  1.83877651863  -0.049423983085
-0.573900185862  376  717  717.079277507  1.89774156332  0.053765896439
-0.573900185862  376  732  732.434307981  1.74995532474  0.0341959779055
-0.573900185862  376  748  747.924371812  1.8956857278  0.037178907877
-0.573900185862  376  764  763.544417296  1.67721848596  0.0179484218613
-0.573900185862  376  779  779.37114228  1.7547452371  0.0847287973823
-0.573900185862  376  795  795.301508152  1.80259798854  0.0939482275355
-0.573900185862  376  811  811.362341036  1.78775365131  0.0346892360615
-0.573900185862  375  827  827.469166103  1.75112954676  0.0223170857198
-0.573900185862  375  844  843.762074759  1.86648397842  -0.0292150853306
-0.573900185862  375  860  860.266146626  1.90989970402  -0.0104860760232
-0.573900185862  375  877  876.822306838  1.9271111742  -0.0518990747633
-0.573900185862  375  894  893.593770159  1.86383320406  0.00514352156263
-0.573900185862  375  910  910.48999488  1.85588383453  0.00866703165848
-0.573900185862  374  927  927.46326846  1.88247008875  0.0445599730865
-0.573900185862  374  945  944.628253597  1.84324197431  0.0362942333878
-0.573900185862  374  962  962.009248902  1.95338013014  0.0440857647962
-0.573900185862  374  980  979.547687433  1.78588031957  0.0361806181476
-0.573900185862  374  997  997.282696566  1.90960824063  0.10056748893
-0.573900185862  373  1015  1015.04110455  1.96863645695  -0.00496168374125
-0.383388185862  373  8  8.49344364604  1.23892436963  0.0267738382336
-0.383388185862  374  19  18.6773652449  1.25717137434  -0.00572047823773
-0.383388185862  374  29  28.9021121052  1.42457711572  0.0567397097037
-0.383388185862  374  39  39.224529987  1.36006374593  0.0792990229438
-0.383388185862  374  50  49.5045936551  1.21124476139  0.0345592177096
-0.383388185862  374  60  59.8443209804  1.41512364856  -0.0198896454714
-0.383388185862  374  70  70.388880846  1.28053304794  0.0866553459636
-0.383388185862  375  81  80.9952983546  1.50386302195  0.0356378040597
-0.383388185862  375  92  91.5697948819  1.19390912412  -0.0169924302161
-0.383388185862  375  102  102.328760863  1.42003973436  0.109036314948
-0.383388185862  375  113  113.043069564  1.53482643367  0.0902984084173
-0.383388185862  375  124  123.838479228  1.54485516237  -0.00699698305578
-0.383388185862  375  135  134.704291206  1.40133733512  -0.000688708075816
-0.383388185862  375  146  145.68441063  1.4033613332  0.0205579444578
-0.383388185862  376  157  156.835472604  1.48027313218  -0.0685137393474
-0.383388185862  376  168  168.022152677  1.52285312324  0.0604752318441
-0.383388185862  376  179  179.263374155  1.47634462382  0.108917763607
-0.383388185862  376  190  190.490732858  1.26195513911  0.00284442400478
-0.383388185862  376  202  201.797773557  1.50183561513  -0.0323613034418
-0.383388185862  376  213  213.314680353  1.48052546758  0.0646071957116
-0.383388185862  376  225  224.734315411  1.51213628864  -0.0871695182974
-0.383388185862  376  236  236.427204109  1.34421293201  0.108480115703
-0.383388185862  376  248  248.091110548  1.6075198213  0.0458439625743
-0.383388185862  377  260  259.935728872  1.63608803054  0.016156102191
-0.383388185862  377  272  271.765213251  1.57117204359  0.00344118352289
-0.383388185862  377  284  283.684871092  1.4863939996  -0.0214274304147
-0.383388185862  377  296  295.712810885  1.52354460583  -0.0137768804077
-0.383388185862  377  308  307.844200358  1.60126361851  0.0172339650658
-0.383388185862  377  320  320.071255289  1.63145564843  0.0319694131099
-0.383388185862  377  332  332.399227409  1.45265243484  0.100514478249
-0.383388185862  377  345  344.679461829  1.53354397123  -0.0699367627495
-0.383388185862  377  357  357.203541447  1.66059763057  0.0102683345112
-0.383388185862  377  370  369.704353327  1.60887348424  -0.0630325524041
-0.383388185862  377  382  382.41515964  1.56438749905  0.0394707352829
-0.383388185862  377  395  395.146731433  1.74032792374  0.0204757090005
-0.383388185862  377  408  407.959503053  1.73236247292  0.0158586446608
-0.383388185862  377  421  420.899695893  1.72430237335  0.02492304718
-0.383388185862  378  434  434.054280244  1.7090539369  0.0499368728508
-0.383388185862  378  447  447.218625107  1.69406316234  0.10696262513
-0.383388185862  378  460  460.443485151  1.49046166689  0.108242606179
-0.383388185862  378  474  473.721322264  1.59827234264  -0.0441205906064
-0.383388185862  378  487  487.249506244  1.67641502392  0.0716649527438
-0.383388185862  378  501  500.703514966  1.63870911281  -0.0656643924238
-0.383388185862  378  514  514.423306519  1.56833586288  -0.00300930990456
-0.383388185862  378  528  528.180060867  1.7450991734  0.00983495655006
-0.383388185862  378  542  542.018672034  1.77896531647  -0.00297064837732
-0.383388185862  378  556  555.97712955  1.80698638612  -0.0211610534518
-0.383388185862  378  570  570.064585876  1.80128067292  0.0192355198287
-0.383388185862  378  584  584.279227782  1.73345545172  0.080110498196
-0.383388185862  378  599  598.534515678  1.59673595173  0.0245265109952
-0.383388185862  378  613  612.959546397  1.82276394391  0.0275618810366
-0.383388185862  378  628  627.507848627  1.54234645781  0.0193639212065
-0.383388185862  378  642  642.2019784  1.76396301133  0.0513049102663
-0.383388185862  377  657  656.81311899  1.81857742256  -0.0654613905019
-0.383388185862  377  672  671.69430406  1.75725017067  -0.104156430678
-0.383388185862  377  687  686.711034287  1.8056682751  -0.0935262691966
-0.383388185862  377  702  701.852314109  1.89062391624  -0.047318019633
-0.383388185862  377  717  717.154336039  1.89986593889  0.0730091089403
-0.383388185862  377  732  732.493595897  1.72204301426  0.0123119632057
-0.383388185862  377  748  747.997191346  1.8741585284  0.0459705886789
-0.383388185862  377  764  763.614323114  1.70318004009  0.00337907287917
-0.383388185862  377  779  779.445451304  1.71281172359  0.0799703470061
-0.383388185862  377  795  795.388346355  1.73670349552  0.106547518536
-0.383388185862  377  811  811.429912051  1.72845709287  0.033848098185
-0.383388185862  376  828  827.522521808  1.70938745876  -0.0327185287344
-0.383388185862  376  844  843.822028679  1.90123482294  -0.0418229376628
-0.383388185862  376  860  860.340120688  1.85584623681  -0.00631623051452
-0.383388185862  376  877  876.899519259  1.95495141362  -0.0361687892938
-0.383388185862  376  894  893.646157116  1.884906695  -0.0082648135062
-0.383388185862  376  911  910.551794862  1.82616263581  0.00392363282683
-0.383388185862  375  928  927.528965671  1.88255256325  0.0478409255944
-0.383388185862  375  945  944.698278367  1.91430753205  0.0335691271078
-0.383388185862  375  962  962.083517834  1.95727566126  0.055917066966
-0.383388185862  375  980  979.60765277  1.79865050207  0.0421973091957
-0.383388185862  375  997  997.340946678  1.88560097765  0.0899700168215
-0.383388185862  374  1015  1015.12728473  1.97747199768  0.0199543077192
-0.192876185862  374  9  8.58717391034  1.21246560743  0.0260170644503
-0.192876185862  375  19  18.8302672979  1.37773935389  0.0119015150214
-0.192876185862  375  29  29.0787154091  1.4338170176  0.104846451979
-0.192876185862  375  39  39.3591646299  1.29000282472  0.1004151367
-0.192876185862  375  50  49.5910549422  1.1789070521  -0.00445216759628
-0.192876185862  375  60  60.0207711667  1.47642321626  0.0578867687597
-0.192876185862  375  70  70.4861510445  1.20365933506  0.0513549954217
-0.192876185862  376  81  81.1546961606  1.49280041077  0.0412133214113
-0.192876185862  376  92  91.6772720699  1.33500981411  -0.0454502242269
-0.192876185862  376  102  102.446515411  1.29809757757  0.106801826756
-0.192876185862  376  113  113.210355699  1.49207342125  0.141778118706
-0.192876185862  376  124  123.968668965  1.51697763581  0.0165839798887
-0.192876185862  376  135  134.840884069  1.50238227302  0.0127982617876
-0.192876185862  376  146  145.820307475  1.47034590939  0.0457773384604
-0.192876185862  376  157  156.83795405  1.48413160521  -0.0621814432398
-0.192876185862  377  168  168.173982102  1.50500305909  0.110457325754
-0.192876185862  377  179  179.379778371  1.34673194837  0.106098953872
-0.192876185862  377  191  190.565370391  1.2065930737  -0.0979779159126
-0.192876185862  377  202  201.934092285  1.55416299739  -0.00399187950596
-0.192876185862  377  213  213.421066848  1.38568614884  0.067307429657
-0.192876185862  377  225  224.863208632  1.5736599331  -0.0735194744608
-0.192876185862  377  237  236.502428874  1.29431675202  0.0224265648519
-0.192876185862  377  248  248.217033733  1.59264883048  0.0781777337409
-0.192876185862  377  260  260.002686534  1.75938860398  0.0291707176256
-0.192876185862  378  272  271.909243749  1.6062476033  0.0578691557546
-0.192876185862  378  284  283.808063992  1.57239449917  -0.00735609705238
-0.192876185862  378  296  295.845138844  1.56890400514  0.00888410760261
-0.192876185862  378  308  307.977295878  1.63033925149  0.0574054909458
-0.192876185862  378  320  320.213689098  1.57484016179  0.0778678354817
-0.192876185862  378  332  332.48159362  1.30236981254  0.062363003676
-0.192876185862  378  345  344.786636107  1.61350560688  -0.0602330819409
-0.192876185862  378  357  357.31760215  1.6093232252  0.0293891939593
-0.192876185862  378  370  369.820241152  1.64819820535  -0.0348239543556
-0.192876185862  378  382  382.500673075  1.54020442631  0.00748649405356
-0.192876185862  378  395  395.248854476  1.70763324034  0.0227697824708
-0.192876185862  378  408  408.081363397  1.72159467026  0.0419975405312
-0.192876185862  378  421  421.018835104  1.75498296384  0.0390432007553
-0.192876185862  378  434  434.053103821  1.71057538419  0.0437604793041
-0.192876185862  379  447  447.319658201  1.62961723923  0.116887178448
-0.192876185862  379  461  460.51752441  1.48370105995  0.0555786888539
-0.192876185862  379  474  473.8307869  1.66929888654  -0.0255542395644
-0.192876185862  379  487  487.334999117  1.61343309236  0.0608171212599
-0.192876185862  379  501  500.812694436  1.69077352702  -0.0357008740488
-0.192876185862  379  515  514.501919912  1.55535823029  -0.0417859378228
-0.192876185862  379  528  528.275412982  1.72513486303  0.0180812580659
-0.192876185862  379  542  542.119305483  1.79305220858  -0.00063070487304
-0.192876185862  379  556  556.073622118  1.78241551301  -0.00369446836941
-0.192876185862  379  570  570.165878127  1.78596192012  0.0325618594271
-0.192876185862  379  584  584.367153314  1.7209409148  0.0839755734193
-0.192876185862  379  599  598.605581626  1.66828804719  0.00214987971866
-0.192876185862  379  613  613.081255671  1.80970214494  0.0606125241318
-0.192876185862  379  628  627.574458854  1.57942784221  -0.00602597624028
-0.192876185862  378  642  642.1940623  1.77771070235  0.0110176675993
-0.192876185862  378  657  656.933281478  1.86270711988  -0.0350927132092
-0.192876185862  378  672  671.790717494  1.82264186403  -0.0860550351229
-0.192876185862  378  687  686.8041979  1.84445044544  -0.0788808775644
-0.192876185862  378  702  701.954410356  1.88248626415  -0.0244602717267
-0.192876185862  378  717  717.209054895  1.95708049715  0.0159025785348
-0.192876185862  378  733  732.559526709  1.74906627173  -0.00819332782586
-0.192876185862  378  748  748.112208863  1.86869676351  0.0740423884085
-0.192876185862  378  764  763.691570036  1.75238963437  -0.00160445427327
-0.192876185862  378  780  779.507343212  1.67315256225  0.050229744983
-0.192876185862  378  795  795.448234965  1.69386158321  0.0877262117222
-0.192876185862  378  811  811.489180315  1.66452113816  0.00989838774816
-0.192876185862  377  828  827.580533798  1.70376041684  -0.052503083083
-0.192876185862  377  844  843.912628821  1.92124869643  -0.0215297743337
-0.192876185862  377  860  860.40234203  1.8177385531  -0.0139311952769
-0.192876185862  377  877  876.974060743  1.9730616067  -0.0307784445872
-0.192876185862  377  894  893.723600255  1.92329995463  -0.0116203565874
-0.192876185862  377  911  910.607595114  1.84567515371  -0.0168555368511
-0.192876185862  376  928  927.59336438  1.84396724063  0.0339848338723
-0.192876185862  376  945  944.746747987  1.92725132078  0.0275537254374
-0.192876185862  376  962  962.167019892  1.9315276678  0.0742715983662
-0.192876185862  376  980  979.656776231  1.81279803838  0.0183311420264
-0.192876185862  376  997  997.37468819  1.79124039933  0.122835497773
-0.192876185862  375  1015  1015.19212666  1.94491584051  0.0275240241988
-0.00236418586216  375  9  8.68692636922  1.2610685961  -0.00538348379496
-0.00236418586216  376  19  19.0094779447  1.43961653177  0.0620429274325
-0.00236418586216  376  29  29.2475804424  1.34480994541  0.167682503214
-0.00236418586216  376  39  39.4654517533  1.22540332579  0.0905488387823
-0.00236418586216  376  50  49.7046356581  1.29806495378  -0.031678182463
-0.00236418586216  376  60  60.1956919826  1.39567726218  0.0975048513056
-0.00236418586216  376  71  70.5593797571  1.18692578044  -0.0726799578463
-0.00236418586216  377  81  81.199407344  1.65305520784  -0.216429132639
-0.00236418586216  377  92  91.821090662  1.46674207544  -0.018390856817
-0.00236418586216  377  103  102.531751507  1.17254263979  0.0129019437186
-0.00236418586216  377  113  113.331182695  1.41054680047  0.16474220539
-0.00236418586216  377  124  124.123831406  1.54685866355  0.0645778539917
-0.00236418586216  377  135  135.000455164  1.53144482591  0.0534713401188
-0.00236418586216  377  146  145.971535629  1.53134057115  0.0854699870906
-0.00236418586216  377  157  156.998244586  1.53718997902  1.99392634339e-05
-0.00236418586216  378  168  168.317243022  1.38530899174  0.146723128001
-0.00236418586216  378  179  179.469250019  1.27804789742  0.0961967161364
-0.00236418586216  378  191  190.650870057  1.34240351799  -0.134253018002
-0.00236418586216  378  202  202.104622772  1.53022070965  0.0667434473946
-0.00236418586216  378  214  213.508446479  1.23955563991  -0.0042307649475
-0.00236418586216  378  225  225.006256903  1.61336440662  -0.0368266758936
-0.00236418586216  378  237  236.58816523  1.4120409173  -0.0161122477979
-0.00236418586216  378  248  248.344062076  1.50923482986  0.102502243332
-0.00236418586216  378  260  260.073397563  1.63325495648  0.0521377712127
-0.00236418586216  379  272  272.036501058  1.64562919583  0.0859697935119
-0.00236418586216  379  284  283.933434722  1.61376886019  0.0235329739511
-0.00236418586216  379  296  295.981635195  1.62091524911  0.0474033456702
-0.00236418586216  379  308  308.124926002  1.61437405783  0.110774333115
-0.00236418586216  379  320  320.325383181  1.52656196802  0.0854682730238
-0.00236418586216  379  333  332.542291263  1.30044467674  -0.0272234429712
-0.00236418586216  379  345  344.911108497  1.65364620625  -0.0216429193617
-0.00236418586216  379  357  357.418171704  1.53019754376  0.0231754134897
-0.00236418586216  379  370  369.938213824  1.69176950032  -0.025729924137
-0.00236418586216  379  383  382.581927369  1.55881941797  -0.0239492050948
-0.00236418586216  379  395  395.364709421  1.67966239188  0.0423946963143
-0.00236418586216  379  408  408.196679663  1.71655034332  0.0640917169807
-0.00236418586216  379  421  421.137401333  1.73319954557  0.0666506149194
-0.00236418586216  379  434  434.167043251  1.70240738501  0.0701554338193
-0.00236418586216  379  447  447.311404859  1.63999812065  0.0961825796779
-0.00236418586216  380  461  460.586671469  1.45399883783  0.0161098529313
-0.00236418586216  380  474  473.946195515  1.694949534  0.00823407147031
-0.00236418586216  380  487  487.443687217  1.49610551271  0.0878045520887
-0.00236418586216  380  501  500.927782158  1.72611052868  -0.025652607381
-0.00236418586216  380  515  514.564491535  1.48235125283  -0.0901788015902
-0.00236418586216  380  528  528.390143691  1.62204102255  0.0363866528164
-0.00236418586216  380  542  542.24147752  1.73547951106  0.0336159482585
-0.00236418586216  380  556  556.192405697  1.78571355297  0.0292794640304
-0.00236418586216  380  570  570.284196313  1.74703585931  0.0643573457735
-0.00236418586216  380  584  584.450262116  1.6173158155  0.0781247694839
-0.00236418586216  380  599  598.687566357  1.710483429  -0.0145499078999
-0.00236418586216  380  613  613.190798869  1.7929461329  0.0852965608392
-0.00236418586216  379  628  627.579262895  1.56760310757  0.00954596524011
-0.00236418586216  379  642  642.288568087  1.75003943807  0.0328128977287
-0.00236418586216  379  657  657.032027153  1.85132759351  -0.0220670016095
-0.00236418586216  379  672  671.887229399  1.83644924127  -0.0740429532921
-0.00236418586216  379  687  686.890475225  1.8615738792  -0.0645630460628
-0.00236418586216  379  702  702.045690088  1.88974821311  -0.00685914325086
-0.00236418586216  379  717  717.30358934  1.81680886434  0.0102120331783
-0.00236418586216  379  733  732.678636135  1.78292955473  0.0162274254041
-0.00236418586216  379  748  748.185631954  1.84129591877  0.0730284613587
-0.00236418586216  379  764  763.769315273  1.78729381549  -0.0068367856101
-0.00236418586216  379  780  779.563668392  1.69498348534  0.0235239954567
-0.00236418586216  379  796  795.504648146  1.6714807575  0.0591210593928
-0.00236418586216  378  812  811.522861652  1.40967494638  -0.0528605714982
-0.00236418586216  378  828  827.636404814  1.74619511475  -0.068173641018
-0.00236418586216  378  844  843.99671589  1.92057136594  -0.0032798453043
-0.00236418586216  378  860  860.481267184  1.78544155244  -0.00428093557347
-0.00236418586216  378  877  877.068409292  1.98058336987  -0.0171054890556
-0.00236418586216  378  894  893.794416785  1.93449257607  -0.000509181486576
-0.00236418586216  378  911  910.671776871  1.89530431029  -0.0204528959015
-0.00236418586216  377  928  927.650445069  1.87934321541  0.0203775874295
-0.00236418586216  377  945  944.830913135  1.96371607724  0.0333270764284
-0.00236418586216  377  962  962.239434242  1.90407382906  0.0845087802711
-0.00236418586216  377  980  979.715250469  1.84902714903  0.00821100440768
-0.00236418586216  376  997  997.407830008  1.84053712514  0.0883905205301
-0.00236418586216  376  1015  1015.28619772  1.93214289697  0.0581607165515
0.188147814138  376  9  8.84198383902  1.41237721794  0.0206518972563
0.188147814138  377  19  19.1741134457  1.39529057234  0.104956337066
0.188147814138  377  29  29.3789512892  1.24063390309  0.181837121152
0.188147814138  377  40  39.5435917713  1.19509532212  -0.0194769198735
0.188147814138  377  50  49.843670643  1.41487797949  -0.0164977637607
0.188147814138  377  60  60.3318863648  1.30806111909  0.120038353649
0.188147814138  377  71  70.6631139361  1.25042599341  -0.0905423638445
0.188147814138  377  81  81.3024543098  1.38806055536  0.0856374440215
0.188147814138  378  92  91.9876364762  1.51057853949  0.0255039430169
0.188147814138  378  103  102.607457797  1.27073737782  -0.055997068196
0.188147814138  378  113  113.450198613  1.29921705635  0.163673212767
0.188147814138  378  124  124.278386668  1.44584829653  0.108385569908
0.188147814138  378  135  135.167918536  1.52119838758  0.11574698994
0.188147814138  378  146  146.132440583  1.49109230519  0.146619373575
0.188147814138  378  157  157.163105255  1.52606154953  0.0445320186421
0.188147814138  379  168  168.4218056  1.27055439081  0.133881337169
0.188147814138  379  180  179.548772331  1.22402348612  0.00575415303388
0.188147814138  379  191  190.77096629  1.44640802255  -0.110852450157
0.188147814138  379  202  202.237711402  1.49976865245  0.0869184094252
0.188147814138  379  214  213.584548249  1.29461615489  -0.0541624389891
0.188147814138  379  225  225.141935558  1.60827482441  -0.00677484238138
0.188147814138  379  237  236.699448795  1.49486286661  -0.0158441566288
0.188147814138  379  248  248.447294593  1.41330568904  0.093926509762
0.188147814138  379  260  260.203070797  1.62179362321  0.0788956099171
0.188147814138  380  272  272.174743545  1.6020739444  0.104330528087
0.188147814138  380  284  284.087885612  1.5954538045  0.0705649743248
0.188147814138  380  296  296.129670307  1.59339820573  0.0884048750042
0.188147814138  380  308  308.260862044  1.54280410656  0.147544640105
0.188147814138  380  320  320.422845179  1.36731912138  0.0813539866742
0.188147814138  380  333  332.631148775  1.43483359983  -0.0494847435714
0.188147814138  380  345  345.052332878  1.65020873324  0.0197770084032
0.188147814138  380  358  357.504606072  1.30321739694  -0.0336853265949
0.188147814138  380  370  370.060882841  1.69402042808  0.0108114970538
0.188147814138  380  383  382.668567035  1.60582371245  -0.0467829190889
0.188147814138  380  395  395.464429345  1.60006330827  0.0363888771133
0.188147814138  380  408  408.318031219  1.6527433412  0.0860276966894
0.188147814138  380  421  421.25454604  1.70201965764  0.0939590716014
0.188147814138  380  434  434.282877149  1.65669268169  0.0946602277095
0.188147814138  380  447  447.42642832  1.52910420882  0.12835821236
0.188147814138  380  461  460.587150555  1.46134652986  0.0192910809966
0.188147814138  381  474  474.066597236  1.698826293  0.0313877146048
0.188147814138  381  488  487.506866785  1.46029812904  0.0248243229796
0.188147814138  381  501  501.054751521  1.7388810891  0.0125861138571
0.188147814138  381  515  514.651979006  1.58549558848  -0.105787054961
0.188147814138  381  528  528.462489036  1.5436851122  0.0190342242319
0.188147814138  381  542  542.336297272  1.7181981632  0.0342623368559
0.188147814138  381  556  556.306735723  1.73774586511  0.0374008900701
0.188147814138  381  570  570.37278145  1.71053424613  0.0692969298384
0.188147814138  381  585  584.524871644  1.63063347327  0.0395255656654
0.188147814138  381  599  598.795117004  1.7593608961  -0.00129300835909
0.188147814138  380  613  613.238196008  1.64281703947  0.0746460802148
0.188147814138  380  628  627.657755076  1.66212399658  -0.0266909698346
0.188147814138  380  642  642.37351644  1.65407366556  0.0399557891757
0.188147814138  380  657  657.143948011  1.86423610073  0.0143675064591
0.188147814138  380  672  671.995268915  1.85438719372  -0.0357176355912
0.188147814138  380  687  687.000822415  1.89479027488  -0.037088894118
0.188147814138  380  702  702.160834369  1.87536823932  0.0276682182709
0.188147814138  380  717  717.434975953  1.82058955135  0.0563453664384
0.188147814138  380  733  732.695896437  1.82372807524  -0.0343849708287
0.188147814138  380  748  748.285172301  1.82271633325  0.0996118871562
0.188147814138  380  764  763.86252563  1.84092343923  0.00825877323881
0.188147814138  380  780  779.639860282  1.68437483181  0.00552144541197
0.188147814138  380  796  795.559411235  1.63739142179  0.0117714906312
0.188147814138  379  812  811.547744274  1.63498190928  -0.00158069730294
0.188147814138  379  828  827.712469866  1.79869220704  -0.0640704763319
0.188147814138  379  844  844.088052065  1.90138261155  0.00771424630144
0.188147814138  379  861  860.535335804  1.76951604217  -0.0513825447883
0.188147814138  379  877  877.161461945  1.96636315147  0.00759805987827
0.188147814138  379  894  893.884366005  1.94824409009  0.0194841707651
0.188147814138  379  911  910.747654463  1.92526681263  -0.0207003996064
0.188147814138  378  928  927.713041423  1.89591292796  0.0193276825362
0.188147814138  378  945  944.910357841  1.97988796077  0.0505199565941
0.188147814138  378  962  962.317830437  1.88201214375  0.0985351459398
0.188147814138  378  980  979.79603548  1.88428879366  0.0186194662959
0.188147814138  377  997  997.47564004  1.7718734914  0.0997913587785
0.188147814138  377  1015  1015.34179739  1.91652057096  0.0514307976179
0.378659814138  377  9  9.0192501964  1.45222467974  0.0680362436685
0.378659814138  378  19  19.339839494  1.28139978272  0.148764366992
0.378659814138  378  29  29.4772166186  1.18067024542  0.148656481008
0.378659814138  378  40  39.6528694205  1.22148836005  -0.0272520943437
0.378659814138  378  50  50.0351044605  1.43453017132  0.0557847330209
0.378659814138  378  60  60.4436387268  1.18564458747  0.111080255672
0.378659814138  378  71  70.7913471732  1.39767429204  -0.0901194412735
0.378659814138  378  81  81.4344811969  1.26781815269  0.100907652034
0.378659814138  379  92  92.1425923302  1.51856277017  0.073987343706
0.378659814138  379  103  102.730709145  1.39437191784  -0.0558526046202
0.378659814138  379  114  113.531013395  1.19404418334  0.0625535332723
0.378659814138  379  124  124.393459726  1.41219253176  0.106958736309
0.378659814138  379  135  135.30085409  1.45081268409  0.125658298912
0.378659814138  379  146  146.283750034  1.42540457808  0.189054728678
0.378659814138  379  157  157.301014956  1.45628758061  0.0517750486852
0.378659814138  380  169  168.504594543  1.22236113875  0.0229866765236
0.378659814138  380  180  179.650742012  1.34353112945  -0.0208018730459
0.378659814138  380  191  190.929981564  1.55072349712  -0.0639206709571
0.378659814138  380  202  202.374977361  1.34747563905  0.105982916826
0.378659814138  380  214  213.701971076  1.44646165574  -0.0575869637497
0.378659814138  380  225  225.291615084  1.54357858403  0.0327955127297
0.378659814138  380  237  236.821547245  1.56430624405  -0.0101633035495
0.378659814138  380  249  248.522150855  1.25043965846  0.00762789666993
0.378659814138  380  260  260.332641404  1.51703324831  0.101747534949
0.378659814138  381  272  272.275757641  1.71770095172  0.161050522312
0.378659814138  381  284  284.223174077  1.5860646851  0.106956923935
0.378659814138  381  296  296.261397679  1.54345632389  0.130023463237
0.378659814138  381  308  308.370054873  1.43767675202  0.159679339148
0.378659814138  381  321  320.507054116  1.29577686304  0.014831492626
0.378659814138  381  333  332.746236276  1.53977387845  -0.040507895446
0.378659814138  381  345  345.194397949  1.61970201392  0.0482040094053
0.378659814138  381  358  357.586091496  1.45867463817  -0.0818227533805
0.378659814138  381  370  370.177904576  1.68124860137  0.032255900018
0.378659814138  381  383  382.786151021  1.6713726772  -0.0303494821699
0.378659814138  381  396  395.544313222  1.5867016948  0.00322422551467
0.378659814138  381  408  408.418525864  1.60843542847  0.0785574889864
0.378659814138  381  421  421.352399559  1.64551364195  0.0956421313501
0.378659814138  381  434  434.378232393  1.62903950673  0.0910666371876
0.378659814138  381  447  447.498135524  1.46828957612  0.0977081270411
0.378659814138  381  461  460.679293783  1.59089402795  -0.00411300610071
0.378659814138  381  474  474.066811064  1.69859572097  0.0323489102158
0.378659814138  382  488  487.589513348  1.51147159831  -0.0189257795244
0.378659814138  382  501  501.182519333  1.73295842045  0.0467334989463
0.378659814138  382  515  514.748407751  1.65494669884  -0.116053448932
0.378659814138  382  529  528.543538304  1.58825677132  -0.0353868417998
0.378659814138  382  542  542.42443688  1.64942779121  0.0318565936069
0.378659814138  382  556  556.397284858  1.68883450225  0.0336123655539
0.378659814138  382  570  570.454136241  1.65702633001  0.048560880975
0.378659814138  382  585  584.597214992  1.67798328651  0.0127566864216
0.378659814138  381  599  598.829268142  1.71633099697  -0.0105608338011
0.378659814138  381  613  613.28690416  1.75357531991  0.0986973119054
0.378659814138  381  628  627.742409986  1.73606619996  -0.0184684944502
0.378659814138  381  642  642.451471132  1.628321356  0.0248345916426
0.378659814138  381  657  657.243518498  1.80987209775  0.0335556496288
0.378659814138  381  672  672.089501819  1.86090772389  -0.0308920830951
0.378659814138  381  687  687.106377762  1.88867183533  -0.0185565579993
0.378659814138  381  702  702.237860721  1.85474928674  0.0295746138459
0.378659814138  381  717  717.480039437  1.88601232529  -0.0314717708525
0.378659814138  381  733  732.80461661  1.87763690753  -0.0210366233856
0.378659814138  381  748  748.359905158  1.74742331073  0.0959789236909
0.378659814138  381  764  763.952534454  1.85689859194  0.0209148969853
0.378659814138  381  780  779.705427879  1.75911792078  -0.00495725902586
0.378659814138  381  796  795.643694047  1.69113712138  0.000385267757009
0.378659814138  380  812  811.60849462  1.65232437036  -0.067759652992
0.378659814138  380  828  827.798163928  1.85289233925  -0.0667885918138
0.378659814138  380  844  844.189398281  1.89262192355  0.0340190415734
0.378659814138  380  861  860.587717285  1.78826208706  -0.0772173002198
0.378659814138  380  877  877.248603921  1.94073090693  0.0229409981513
0.378659814138  380  894  893.961374565  1.96742766501  0.0136608446864
0.378659814138  379  911  910.741587674  1.91416720921  -0.0335032468032
0.378659814138  379  928  927.798042315  1.91277475494  0.0274138496134
0.378659814138  379  945  945.00362156  1.99080679795  0.0695820624399
0.378659814138  379  962  962.385444179  1.84409810007  0.0919333861742
0.378659814138  379  980  979.865416617  1.91278723904  0.0235115595432
0.378659814138  378  998  997.518717643  1.78939611612  0.0561754166772
0.378659814138  378  1015  1015.40700911  1.86459352223  0.0522589423344
0.569171814138  378  9  9.20549443912  1.39784363241  0.137089590316
0.569171814138  378  19  19.3380163751  1.25979392779  0.125020166971
0.569171814138  379  30  29.5692361132  1.20068342936  0.0561413507402
0.569171814138  379  40  39.7813276322  1.33882068289  -0.045690155664
0.569171814138  379  50  50.2001459238  1.37483397926  0.108287099604
0.569171814138  379  61  60.5295036539  1.18473927603  0.0336475610498
0.569171814138  379  71  70.9574371717  1.48101700359  -0.0432918185489
0.569171814138  379  82  81.513180611  1.19261838644  0.0283514251872
0.569171814138  380  92  92.3001734406  1.43158814928  0.108655279131
0.569171814138  380  103  102.880661541  1.50627512859  -0.0276217441418
0.569171814138  380  114  113.6279834  1.31304800664  0.0252269521147
0.569171814138  380  124  124.496988649  1.22546303785  0.0965406227787
0.569171814138  380  135  135.42855003  1.32050148668  0.149424150409
0.569171814138  380  146  146.407924026  1.26069808012  0.198259522912
0.569171814138  380  157  157.423327114  1.32636935141  0.0747102506292
0.569171814138  380  169  168.502619352  1.28415837536  -0.0350889198799
0.569171814138  381  180  179.770886238  1.47426504887  -0.0196900340398
0.569171814138  381  191  191.079064398  1.55376486613  -0.0211581572122
0.569171814138  381  202  202.457825127  1.2589134232  0.0811687958979
0.569171814138  381  214  213.82701333  1.55122470937  -0.0367173385959
0.569171814138  381  225  225.410132838  1.43783849852  0.0435007264363
0.569171814138  381  237  236.959185401  1.6040700426  0.00827225010775
0.569171814138  381  249  248.613135522  1.39812667262  -0.0221142003058
0.569171814138  381  260  260.447291313  1.45250827792  0.106540448346
0.569171814138  381  272  272.319425546  1.53500245018  0.153243030327
0.569171814138  382  284  284.354532963  1.48318263814  0.13056142671
0.569171814138  382  296  296.380108705  1.46872668629  0.138050806163
0.569171814138  382  308  308.464856292  1.29926021663  0.133721635265
0.569171814138  382  321  320.58695809  1.34059860369  -0.0418825397541
0.569171814138  382  333  332.866526131  1.61727572976  -0.0275903587366
0.569171814138  382  345  345.31442976  1.56342036625  0.0594765385386
0.569171814138  382  358  357.682541819  1.53652837416  -0.0861720326174
0.569171814138  382  370  370.308751435  1.59521982484  0.0543881945372
0.569171814138  382  383  382.907662487  1.71207661069  -0.0190591319764
0.569171814138  382  396  395.644472235  1.58888884395  -0.0253573279561
0.569171814138  382  408  408.503387129  1.58362537401  0.0454964465287
0.569171814138  382  421  421.456862819  1.6030897435  0.0899401315352
0.569171814138  382  434  434.473501028  1.51980406595  0.0755053138158
0.569171814138  382  448  447.585505158  1.5333161156  0.0421331597863
0.569171814138  382  461  460.797918728  1.67160577636  0.0109530394388
0.569171814138  382  474  474.187496298  1.67189612028  0.0488493842064
0.569171814138  382  488  487.589513348  1.51147159831  -0.0189257795244
0.569171814138  383  501  501.287923054  1.66821819541  0.0602177569548
0.569171814138  383  515  514.862875207  1.70427567716  -0.0948315150973
0.569171814138  383  529  528.622704888  1.63549499235  -0.0527973731879
0.569171814138  383  543  542.501208046  1.6721736719  -0.000476840174531
0.569171814138  383  556  556.477780272  1.68643053918  0.0213020435868
0.569171814138  383  571  570.525707697  1.69736910498  0.00854926666172
0.569171814138  382  585  584.597392319  1.67940220776  0.011138285119
0.569171814138  382  599  598.90346759  1.81413262286  0.00735485450182
0.569171814138  382  613  613.389751004  1.6921133549  0.106423243154
0.569171814138  382  628  627.854433962  1.77229675099  -0.00555848387746
0.569171814138  382  643  642.515875706  1.59890806612  -0.0299691826365
0.569171814138  382  657  657.345638378  1.75792819741  0.044376299734
0.569171814138  382  672  672.201832661  1.83872853112  -0.00551333933195
0.569171814138  382  687  687.220019392  1.86293586223  0.00345432954964
0.569171814138  382  702  702.33670685  1.81253954864  0.0291255050762
0.569171814138  382  718  717.529241774  1.4323075278  -0.109329144212
0.569171814138  382  733  732.904396219  1.89739944604  -0.00386753365116
0.569171814138  382  748  748.446524372  1.72280584801  0.0831142828647
0.569171814138  382  764  764.065329693  1.86714901075  0.0541164376029
0.569171814138  382  780  779.796383011  1.81604221866  -0.00366736601228
0.569171814138  382  796  795.714087579  1.77551516183  -0.014710336134
0.569171814138  381  812  811.67882171  1.7179029952  -0.0689340567094
0.569171814138  381  828  827.88951661  1.88971648594  -0.0544230486788
0.569171814138  381  844  844.270615036  1.84305855982  0.0332143841589
0.569171814138  381  861  860.663593807  1.82000193196  -0.0774217059112
0.569171814138  381  877  877.328177039  1.90972379619  0.0256438059831
0.569171814138  381  894  894.05763402  1.95762917767  0.0361756935467
0.569171814138  380  911  910.816115108  1.95665154991  -0.0271079786762
0.569171814138  380  928  927.888188718  1.94246623339  0.0306882730956
0.569171814138  380  945  945.090299652  1.98347231885  0.088999184319
0.569171814138  380  962  962.431129457  1.80144721616  0.0778404209893
0.569171814138  380  980  979.955127696  1.94733086063  0.034187511738
0.569171814138  379  998  997.575158454  1.822356048  0.0329610467352
0.569171814138  379  1015  1015.46093152  1.84880639519  0.0284245727126
0.759683814138  379  9  9.34864987741  1.27558209419  0.169620127536
0.759683814138  379  19  19.4440159415  1.1889789328  0.126786018369
0.759683814138  380  30  29.6822215408  1.24885987311  0.0305867423776
0.759683814138  380  40  39.9630843423  1.4076579935  0.017020255652
0.759683814138  380  50  50.34643241  1.22126633368  0.138804705069
0.759683814138  380  61  60.6217303278  1.25387177526  -0.0105139217665
0.759683814138  380  71  71.1424329109  1.47413817547  0.0278609485325
0.759683814138  380  82  81.6093420436  1.26313647047  -0.0125272064816
0.759683814138  381  92  92.4025759092  1.56112696834  0.169051005917
0.759683814138  381  103  103.048535672  1.52930082489  0.0283797230355
0.759683814138  381  114  113.747998769  1.46294297899  0.02741040488
0.759683814138  381  125  124.582563095  1.19064143599  0.00437931083463
0.759683814138  381  136  135.505918999  1.23050364723  0.0559433526075
0.759683814138  381  146  146.49505333  1.21682931855  0.159181184059
0.759683814138  381  158  157.50953429  1.22972302735  0.00534949235839
0.759683814138  381  169  168.584917916  1.23595545773  -0.0204249100669
0.759683814138  382  180  179.93455052  1.51385578991  0.0386295240542
0.759683814138  382  191  191.242404762  1.50584558312  0.0177805426128
0.759683814138  382  203  202.540423743  1.21125742963  -0.0326730745716
0.759683814138  382  214  213.97981868  1.56197691211  0.0117432375873
0.759683814138  382  226  225.50244285  1.20010493661  -0.0341683243143
0.759683814138  382  237  237.116307594  1.59510711174  0.0574646119556
0.759683814138  382  249  248.721790254  1.50581035785  -0.027664063343
0.759683814138  382  261  260.527856714  1.30937269382  0.029461102837
0.759683814138  382  272  272.432335918  1.40884697845  0.158945873756
0.759683814138  383  284  284.452742877  1.39296649459  0.135996876205
0.759683814138  383  296  296.470987888  1.38910187366  0.140502092461
0.759683814138  383  309  308.541560391  1.264986899  0.0639488014244
0.759683814138  383  321  320.67668399  1.45951057901  -0.0482241921589
0.759683814138  383  333  333.006578208  1.63937272895  0.0097745297927
0.759683814138  383  345  345.413898579  1.48504217337  0.0705986542366
0.759683814138  383  358  357.787159346  1.61827590565  -0.0740565991463
0.759683814138  383  370  370.414344431  1.5657392583  0.0472147365211
0.759683814138  383  383  383.03820588  1.70315333711  0.0117528971921
0.759683814138  383  396  395.737646771  1.66093858366  -0.0305063833098
0.759683814138  383  409  408.591987676  1.64122862943  0.0201221955873
0.759683814138  383  422  421.534209859  1.63327263814  0.0548072871848
0.759683814138  383  435  434.567559754  1.59510664736  0.0440778317982
0.759683814138  383  448  447.669347357  1.60653867505  0.0193512066008
0.759683814138  383  461  460.918940168  1.70896104407  0.0362338946486
0.759683814138  383  474  474.297753938  1.63636053638  0.0688695115248
0.759683814138  383  488  487.683587216  1.62236809242  -0.0141861126213
0.759683814138  383  501  501.286631598  1.67491805489  0.0533938119362
0.759683814138  383  515  514.862875207  1.70427567716  -0.0948315150973
0.759683814138  383  529  528.622704888  1.63549499235  -0.0527973731879
0.759683814138  383  543  542.501208046  1.6721736719  -0.000476840174531
0.759683814138  383  556  556.477780272  1.68643053918  0.0213020435868
0.759683814138  383  571  570.525707697  1.69736910498  0.00854926666172
0.759683814138  383  585  584.692317391  1.74745538605  0.00969706714548
0.759683814138  383  599  599.013405944  1.79238576447  0.0370468439969
0.759683814138  383  613  613.465507478  1.64703871655  0.0938022069185
0.759683814138  383  628  627.971800932  1.81411104095  0.0166254139621
0.759683814138  383  643  642.587619181  1.6587602273  -0.0586980919565
0.759683814138  383  657  657.421477302  1.72244194431  0.0290695051565
0.759683814138  383  672  672.294608607  1.81746453955  -0.00444105346713
0.759683814138  383  687  687.303418752  1.84651190505  0.000422164346653
0.759683814138  383  702  702.410971707  1.80584093162  0.0219983252996
0.759683814138  383  718  717.593656799  1.63832135782  -0.119885928165
0.759683814138  383  733  733.003312305  1.91127056889  0.0257232851724
0.759683814138  383  749  748.513836567  1.74184710291  0.0607621707218
0.759683814138  383  764  764.165876709  1.87095423761  0.0705869258551
0.759683814138  383  780  779.897262794  1.84268497732  0.0214155576378
0.759683814138  383  796  795.770891255  1.7227162041  -0.0157861012202
0.759683814138  382  812  811.76313266  1.81117639407  -0.0549072829422
0.759683814138  382  828  827.976803431  1.88361204773  -0.0321941780662
0.759683814138  382  844  844.349089394  1.81186010024  0.0385814446253
0.759683814138  382  861  860.739570002  1.88266840495  -0.0685877964169
0.759683814138  382  877  877.412631367  1.89080010102  0.0294291307993
0.759683814138  382  894  894.148064003  1.94599814316  0.0555339722536
0.759683814138  381  911  910.917126022  1.98032664627  0.0156597542681
0.759683814138  381  928  927.9609512  1.95107538149  0.0408583233018
0.759683814138  381  945  945.169421612  1.96860443238  0.098658845497
0.759683814138  381  962  962.493531729  1.78492119498  0.0608829372989
0.759683814138  381  980  980.035709479  1.93646439688  0.0566163067287
0.759683814138  380  998  997.632043407  1.81034073147  0.0145334763225
0.759683814138  380  1016  1015.52209071  1.78784439913  0.018000362973
0.950195814138  380  9  9.46061408978  1.18663568359  0.139534226942
0.950195814138  380  20  19.5355448033  1.19815527923  0.0341285951165
0.950195814138  381  30  29.8325526688  1.37874333695  0.0534398262746
0.950195814138  381  40  40.1451364303  1.41030422002  0.0798376339809
0.950195814138  381  50  50.45617263  1.16199204615  0.119409610555
0.950195814138  381  61  60.7522257549  1.37411498185  -0.00213986640657
0.950195814138  381  71  71.2962338349  1.39659155523  0.0725936167032
0.950195814138  381  82  81.730221366  1.40305913366  -0.00546266362134
0.950195814138  381  92  92.4229207767  1.26046245496  0.0667342205371
0.950195814138  382  103  103.209422425  1.49986314966  0.0611371544392
0.950195814138  382  114  113.919676025  1.51745135604  0.0723718700802
0.950195814138  382  125  124.690225371  1.35131354766  -0.0149607628332
0.950195814138  382  136  135.594489115  1.22899791027  -0.00111723870756
0.950195814138  382  147  146.570653025  1.22225598273  0.0603757786374
0.950195814138  382  158  157.593589314  1.19355075112  -0.0376542860835
0.950195814138  382  169  168.700159112  1.38107778251  -0.0268301826478
0.950195814138  383  180  180.09833228  1.52436235354  0.0866906037072
0.950195814138  383  191  191.366224632  1.3967186135  0.0191486390114
0.950195814138  383  203  202.635715048  1.33900438536  -0.0530874730997
0.950195814138  383  214  214.135710715  1.55790754158  0.052746554269
0.950195814138  383  226  225.577890286  1.24144066719  -0.0896845066674
0.950195814138  383  237  237.249097706  1.56220509861  0.0793098694697
0.950195814138  383  249  248.854576682  1.5859399185  -0.00498421034216
0.950195814138  383  261  260.613919552  1.3913559082  -0.0109142375377
0.950195814138  383  273  272.510532195  1.37292532047  0.104960529774
0.950195814138  384  285  284.539084331  1.45558274302  0.09148077616
0.950195814138  384  297  296.541387491  1.26380846606  0.0327555585783
0.950195814138  384  309  308.619138698  1.37233372831  0.00779600758992
0.950195814138  384  321  320.811408623  1.56561303454  -0.0355220848276
0.950195814138  384  333  333.158559837  1.62048007898  0.0624208004081
0.950195814138  384  346  345.508401241  1.31559027836  0.00760839845194
0.950195814138  384  358  357.928202825  1.64963213783  -0.0460143397113
0.950195814138  384  371  370.498723887  1.38762265884  -0.00235996292083
0.950195814138  384  383  383.180685859  1.69349664682  0.0556271646861
0.950195814138  384  396  395.854974939  1.69832640401  -0.028067605309
0.950195814138  384  409  408.679737627  1.63215100162  -0.000727567571247
0.950195814138  384  422  421.62296259  1.59089667157  0.0317552614974
0.950195814138  384  435  434.696554824  1.5638026989  0.0442965030397
0.950195814138  384  448  447.76115594  1.60935611517  -0.0127038755636
0.950195814138  384  461  461.050959187  1.73082068456  0.0747273213251
0.950195814138  384  474  474.40995194  1.50733827507  0.0826197053141
0.950195814138  384  488  487.776128376  1.65577971637  -0.0303071885018
0.950195814138  384  501  501.396342183  1.59175965039  0.0773252873096
0.950195814138  384  515  514.977828409  1.75549182348  -0.0444493494146
0.950195814138  384  529  528.712485091  1.68200867643  -0.0650073405383
0.950195814138  384  543  542.576549167  1.63562775962  -0.0380015570585
0.950195814138  384  557  556.547459017  1.61891900767  -0.0202950448677
0.950195814138  384  571  570.60560233  1.67977807578  -0.0131956602047
0.950195814138  384  585  584.789824771  1.7785315483  0.0108237228455
0.950195814138  384  599  599.13119867  1.80969123803  0.068990009445
0.950195814138  384  614  613.536812988  1.57023400567  0.0471147250109
0.950195814138  384  628  628.087323  1.80405083026  0.0463805135473
0.950195814138  384  643  642.676957319  1.7190204202  -0.0627332574207
0.950195814138  384  657  657.500289679  1.64733485061  0.0212963722224
0.950195814138  384  672  672.39906039  1.71171031893  0.00505233897572
0.950195814138  384  687  687.394929807  1.78682694952  0.0067445748365
0.950195814138  384  702  702.493800565  1.74724502965  0.0126572497654
0.950195814138  384  718  717.695919252  1.73863803202  -0.0705412786827
0.950195814138  384  733  733.109826185  1.9008881175  0.032652998918
0.950195814138  384  749  748.56640192  1.75691745719  0.0286450057628
0.950195814138  384  764  764.271447053  1.82392422152  0.0966078104972
0.950195814138  384  780  779.992988484  1.86413602685  0.0307728835219
0.950195814138  383  796  795.810372497  1.83035492275  0.0199203006846
0.950195814138  383  812  811.851666938  1.83551388452  -0.0390810704661
0.950195814138  383  828  828.080240689  1.87599835888  -0.00115581753241
0.950195814138  383  844  844.411695267  1.79479624293  0.0263470108694
0.950195814138  383  861  860.834029116  1.92176123095  -0.0608397401512
0.950195814138  383  877  877.476372779  1.88945823334  0.0237746732705
0.950195814138  383  894  894.220424511  1.91964524071  0.055347146711
0.950195814138  382  911  911.035537674  1.98560417601  0.0907695739325
0.950195814138  382  928  928.052295903  1.94985051839  0.0603286144681
0.950195814138  382  945  945.260471105  1.94195008617  0.11957508215
0.950195814138  382  963  962.55837428  1.78539188365  0.0349290753824
0.950195814138  382  980  980.129248532  1.93269134832  0.0789627967389
0.950195814138  381  998  997.698725626  1.85824264708  0.0219296924119
0.950195814138  381  1016  1015.57943725  1.83817496002  -0.0104261216928
1.14070781414  381  10  9.56130506389  1.20101580641  0.0709474760225
1.14070781414  381  20  19.6329380833  1.23005348762  -0.00120488394062
1.14070781414  382  30  30.0195938674  1.37595172765  0.126418249535
1.14070781414  382  40  40.3110310797  1.26196059068  0.137545640739
1.14070781414  382  51  50.5379174836  1.18735761128  0.0146783003759
1.14070781414  382  61  60.9228716566  1.45813784054  0.032274601859
1.14070781414  382  71  71.4323021997  1.25265286149  0.0836926317077
1.14070781414  382  82  81.8974966888  1.46856625314  0.0259806808254
1.14070781414  382  93  92.5109143117  1.20414965449  0.0374917555413
1.14070781414  383  103  103.353127305  1.42272737464  0.0963892735441
1.14070781414  383  114  114.08828594  1.52839088888  0.118662169817
1.14070781414  383  125  124.837673837  1.46940506112  0.00223545330929
1.14070781414  383  136  135.709680361  1.3951306057  -0.0111343556742
1.14070781414  383  147  146.68878685  1.36523001365  0.0502366121156
1.14070781414  383  158  157.701402621  1.34910260461  -0.0656937230975
1.14070781414  383  169  168.838080266  1.48067145239  -0.00419873310731
1.14070781414  384  180  180.182814907  1.64937965885  0.0811375244342
1.14070781414  384  191  191.482670286  1.25670619918  0.0122475384948
1.14070781414  384  203  202.762936636  1.48083120235  -0.0452367821069
1.14070781414  384  214  214.287734351  1.45022048858  0.0879736082661
1.14070781414  384  226  225.697079058  1.43387299124  -0.0889624986739
1.14070781414  384  237  237.385200078  1.45379963793  0.100794204622
1.14070781414  384  249  249.017337188  1.62137624035  0.0395401946077
1.14070781414  384  261  260.728023381  1.50797529621  -0.0303893364523
1.14070781414  384  273  272.58367406  1.32927459239  0.0306818976181
1.14070781414  384  285  284.527627618  1.26518983851  0.0443553704586
1.14070781414  385  297  296.645681161  1.40591179516  0.000641632517903
1.14070781414  385  309  308.745134924  1.53794428332  0.00437361738341
1.14070781414  385  321  320.958620174  1.61616386685  0.000673449894833
1.14070781414  385  333  333.286972472  1.55554307088  0.0844913110717
1.14070781414  385  346  345.577827294  1.37032291667  -0.0319541351886
1.14070781414  385  358  358.060710662  1.69497556857  -0.00405388452741
1.14070781414  385  371  370.585922675  1.48092966825  -0.0385669519692
1.14070781414  385  383  383.287052265  1.65044616766  0.0581691311514
1.14070781414  385  396  395.984849151  1.73133013209  0.00298907969054
1.14070781414  385  409  408.799410629  1.70285618956  0.0104569296081
1.14070781414  385  422  421.727138082  1.66186329708  0.0180744711603
1.14070781414  385  435  434.749739285  1.65041641212  0.00326391330525
1.14070781414  385  448  447.895596243  1.75109719011  -0.0389834051417
1.14070781414  385  461  461.130700683  1.74506199553  0.00464027749714
1.14070781414  385  474  474.493149113  1.40822849401  0.0571085452196
1.14070781414  385  488  487.893021518  1.69377052961  -0.00191407945086
1.14070781414  385  501  501.480200812  1.46990452897  0.068636446452
1.14070781414  385  515  515.105332472  1.77010107247  -0.0121512064508
1.14070781414  385  529  528.822446281  1.71651099823  -0.0476983999517
1.14070781414  385  543  542.676395041  1.67649042284  -0.0363359166106
1.14070781414  385  557  556.639071597  1.67858531813  -0.028530374493
1.14070781414  385  571  570.700415543  1.73981188508  -0.0130403533917
1.14070781414  385  585  584.897316393  1.82338087191  0.028090678087
1.14070781414  385  599  599.249990431  1.78878435895  0.0935174680384
1.14070781414  385  614  613.606956885  1.61314134099  0.0230099558094
1.14070781414  385  628  628.195313254  1.77315009052  0.0719157712176
1.14070781414  385  643  642.771255825  1.77096267679  -0.0465564200902
1.14070781414  385  658  657.571863558  1.63893333447  -0.0289329086227
1.14070781414  385  672  672.47759886  1.71468789712  0.000562284122904
1.14070781414  385  687  687.478050139  1.73938621617  0.00592988183529
1.14070781414  385  703  702.565152341  1.77303606377  -0.0118957361196
1.14070781414  385  718  717.775285531  1.80134444593  -0.0782795918007
1.14070781414  385  733  733.210715699  1.86861977865  0.0626618620169
1.14070781414  385  749  748.651886892  1.79136266557  0.0240731290158
1.14070781414  385  764  764.349818293  1.77244247348  0.0962723348557
1.14070781414  385  780  780.113215571  1.86815905323  0.0603568563517
1.14070781414  384  796  795.900038277  1.86615733169  0.0212554888124
1.14070781414  384  812  811.953256119  1.88257086242  -0.023190925922
1.14070781414  384  828  828.173678606  1.89745902937  0.0124646604992
1.14070781414  384  844  844.492084695  1.74071347995  0.0179171946529
1.14070781414  384  861  860.924942945  1.9561743794  -0.0424529581766
1.14070781414  384  878  877.541784052  1.82294086735  -0.00751270404548
1.14070781414  384  894  894.313077776  1.86596027078  0.0760981898512
1.14070781414  383  911  911.09745762  1.97067995152  0.0526243825532
1.14070781414  383  928  928.141086843  1.94162791307  0.0729565743986
1.14070781414  383  945  945.345257957  1.92194066268  0.1164077149
1.14070781414  383  963  962.629207603  1.85174657767  0.0205682026279
1.14070781414  382  980  980.162992687  1.82254895765  0.0443055634733
1.14070781414  382  998  997.782166678  1.91251495019  0.022784719263
1.14070781414  382  1016  1015.66083654  1.88258664268  -0.0102915994643
1.33121981414  382  10  9.66033541099  1.21822924673  0.0449949598229
1.33121981414  382  20  19.7703939949  1.3044234935  0.0112942556674
1.33121981414  382  30  30.0705421129  1.42963553285  0.205960136559
1.33121981414  383  40  40.421736447  1.16253539944  0.118813065512
1.33121981414  383  51  50.6293287189  1.21343105497  -0.0249935583816
1.33121981414  383  61  61.0909872495  1.45741988784  0.0804923291733
1.33121981414  383  72  71.5219367513  1.16817482291  -0.029967810976
1.33121981414  383  82  82.0767001312  1.49385242469  0.0900267805516
1.33121981414  383  93  92.5981641268  1.23081092325  -0.0108577770116
1.33121981414  384  103  103.473611326  1.26163821278  0.111326386426
1.33121981414  384  114  114.248527843  1.42281007714  0.187878654744
1.33121981414  384  125  125.01039475  1.54215607523  0.069171858439
1.33121981414  384  136  135.860775272  1.47699580433  0.0197399970864
1.33121981414  384  147  146.824912014  1.47597260112  0.0681435380448
1.33121981414  384  158  157.851444261  1.45861512346  -0.0237637754103
1.33121981414  384  169  169.012424344  1.52708200502  0.0436530546409
1.33121981414  384  180  180.259360741  1.40986058399  0.158155349215
1.33121981414  385  192  191.557745184  1.18137662643  -0.0854557878724
1.33121981414  385  203  202.914765091  1.53566881149  -0.00927129565091
1.33121981414  385  214  214.409052191  1.37501592728  0.102871417754
1.33121981414  385  226  225.822757089  1.54784390909  -0.0683325864382
1.33121981414  385  237  237.478981357  1.31269778007  0.0841222594525
1.33121981414  385  249  249.171397136  1.59910173398  0.0801739252313
1.33121981414  385  261  260.867228863  1.57795645142  -0.00868811903554
1.33121981414  385  273  272.700514814  1.51582937284  0.0170078892116
1.33121981414  385  285  284.614207859  1.3470216833  0.000158660828471
1.33121981414  386  297  296.765995676  1.53987457351  0.00718250347563
1.33121981414  386  309  308.887039998  1.61453327496  0.0388557876289
1.33121981414  386  321  321.116697911  1.62124872242  0.0618582179354
1.33121981414  386  333  333.410024309  1.43869351568  0.0943009296821
1.33121981414  386  346  345.69106463  1.53195816205  -0.0355292764359
1.33121981414  386  358  358.199475885  1.62844403428  0.0223968652091
1.33121981414  386  371  370.693700617  1.58854922501  -0.0456621887626
1.33121981414  386  383  383.407915038  1.57469492509  0.0638904734534
1.33121981414  386  396  396.112919316  1.70080488474  0.0213337759663
1.33121981414  386  409  408.9239275  1.73854560458  0.0241796363803
1.33121981414  386  422  421.860902322  1.69547414331  0.0540085350504
1.33121981414  386  435  434.873921969  1.72999372436  0.0198643895507
1.33121981414  386  448  448.040535312  1.70853232193  0.0801060621701
1.33121981414  386  461  461.301221306  1.64365780078  0.126558602418
1.33121981414  386  475  474.565178079  1.49155828438  -0.0215217791386
1.33121981414  386  488  488.041744238  1.69675591836  0.0398073323035
1.33121981414  386  502  501.554216464  1.47722247894  -0.00624854284113
1.33121981414  386  515  515.231723915  1.71466032611  0.0118372601275
1.33121981414  386  529  528.94371462  1.77080611055  -0.0261323924721
1.33121981414  386  543  542.791478417  1.7350294199  -0.0219431500654
1.33121981414  386  557  556.740250626  1.70765199172  -0.0285328975488
1.33121981414  386  571  570.812252095  1.76613902624  -0.00288729362779
1.33121981414  386  585  585.021089947  1.8340239921  0.0531464783569
1.33121981414  386  599  599.343320671  1.73779882911  0.0931465432174
1.33121981414  386  614  613.715131841  1.70926763044  0.0185549243646
1.33121981414  386  628  628.305281354  1.7129900161  0.08306733707
1.33121981414  386  643  642.888859393  1.81306883463  -0.0246352202063
1.33121981414  386  658  657.657678547  1.70584982907  -0.0393826349441
1.33121981414  386  673  672.552467872  1.7280152958  -0.0370664934104
1.33121981414  386  688  687.558850152  1.7372729284  -0.027446468594
1.33121981414  386  703  702.665926109  1.81231859172  -0.0210600379876
1.33121981414  386  718  717.89609881  1.86669634917  -0.0477916518125
1.33121981414  386  733  733.342100119  1.78879701585  0.139924561042
1.33121981414  386  749  748.751296286  1.85066871019  0.0256185425707
1.33121981414  386  764  764.433714897  1.7236111919  0.0815815365931
1.33121981414  386  780  780.217266061  1.83932732648  0.071992264734
1.33121981414  385  796  796.028560815  1.86618082596  0.0627842522721
1.33121981414  385  812  812.058453656  1.8864129673  0.00329192456532
1.33121981414  385  828  828.261499734  1.82862690922  0.0244075924923
1.33121981414  385  845  844.56031885  1.76853281534  -0.0154726255345
1.33121981414  385  861  861.029566615  1.97694740855  -0.0245370746795
1.33121981414  385  878  877.619930871  1.82781588825  -0.0271212876535
1.33121981414  384  894  894.343634887  1.65841594296  0.0145000864731
1.33121981414  384  911  911.185105637  1.98509873356  0.0441811383196
1.33121981414  384  928  928.239079106  1.92947758102  0.0850621599677
1.33121981414  384  945  945.423119247  1.86879084333  0.118414770077
1.33121981414  384  963  962.706563609  1.90263280905  6.85854934273e-05
1.33121981414  383  980  980.212771636  1.90009169033  0.0856305934276
1.33121981414  383  998  997.881545625  1.94215114772  0.0392168981549
1.33121981414  383  1016  1015.72440967  1.88930492745  -0.0138693220908
