# Band 1C   Etalon 1A   Slice 16
# Distortion map version 06.04.00 - date 2018-10-04
# Trace (isoalpha): Take pixel trace along specified slice, specified alpha position trace is built by taking the pixel in every detector row with alpha value closest to the one specified 
# xpos[i] = np.argmin(alpha_img[i,:])+funcs.find_nearest(alpha_img[i,:][(slice_img[i,:]!=0)],alpha_pos)
#    alpha       x  y      center         FWHM          skewness
0.0  285  10  10.3252401927  1.27558675322  0.178274184323
0.0  285  21  20.5146417145  1.2042078047  0.0377640754918
0.0  285  31  30.7878842275  1.38748032579  0.0159260891976
0.0  285  41  41.2967782523  1.38033868245  0.0958932296491
0.0  286  52  51.7232953969  1.31336460728  -0.0458385146685
0.0  286  62  62.375999752  1.30294831024  0.150821052323
0.0  286  73  72.8950106587  1.49889342483  -0.042830478421
0.0  286  84  83.5821352095  1.19169665881  -0.00790818762882
0.0  286  94  94.4160796812  1.30886060928  0.135997639536
0.0  286  105  105.258055231  1.49661587286  0.0778811616395
0.0  286  116  116.167440181  1.52686856476  0.127085399626
0.0  287  127  127.222379369  1.50257610367  0.1344097621
0.0  287  138  138.27372561  1.47516766169  0.103647858055
0.0  287  149  149.408681872  1.30547289512  0.175606281898
0.0  287  161  160.547021088  1.2150441679  0.0117864140288
0.0  287  172  171.786461836  1.47356220392  -0.0560202612762
0.0  287  183  183.246055923  1.52799819538  0.108029946401
0.0  287  195  194.588804637  1.28512930002  -0.0713418018039
0.0  287  206  206.179205413  1.61191337533  0.0229369529032
0.0  287  218  217.729199143  1.61413325265  -0.0718063672034
0.0  288  230  229.511345005  1.30174128293  0.00335491815949
0.0  288  241  241.315162079  1.59027213265  0.0757084262664
0.0  288  253  253.162271128  1.64225484368  0.0868719430373
0.0  288  265  265.064358967  1.66879342  0.0262058554692
0.0  288  277  277.09543916  1.65907735049  0.0540467824609
0.0  288  289  289.23331314  1.62757393345  0.106848197905
0.0  288  301  301.429547472  1.49123883448  0.0977412558399
0.0  288  314  313.628517613  1.38861227776  -0.0132446698741
0.0  288  326  326.040532064  1.67917949408  0.0334751274749
0.0  288  339  338.504830126  1.30416292733  -0.0170659512164
0.0  288  351  351.064232706  1.70546832769  0.0152197166913
0.0  289  364  363.669632722  1.60752627286  -0.0482594668058
0.0  289  377  376.501426418  1.47493346962  -0.000721609390763
0.0  289  389  389.353239528  1.67447913671  0.0511302676943
0.0  289  402  402.294711313  1.7173116709  0.0575451655847
0.0  289  415  415.322204406  1.70709562157  0.056637296156
0.0  289  428  428.446669756  1.59580845638  0.0767138441248
0.0  289  442  441.620339628  1.60414410906  0.0189339489698
0.0  289  455  454.955265856  1.74921912109  0.0123484703053
0.0  289  468  468.418272871  1.54680816879  0.101458841592
0.0  289  482  481.907358553  1.73654446222  0.0192705809876
0.0  289  496  495.538383216  1.29814330613  -0.0304322322203
0.0  289  509  509.331415269  1.709596788  0.0560922867623
0.0  289  523  523.172681342  1.78426323612  0.0372594069031
0.0  289  537  537.103713448  1.81781536007  -0.0132496911005
0.0  289  551  551.177353139  1.82148430585  0.0186264459298
0.0  289  565  565.368516208  1.76838310696  0.0656916739809
0.0  289  580  579.596376525  1.710716833  -0.00370158409016
0.0  289  594  594.010979389  1.83997904828  0.0340934590943
0.0  289  609  608.50708926  1.66015037898  0.047834731538
0.0  289  623  623.158305617  1.84620299995  0.0709853412575
0.0  289  638  637.850824117  1.77941181449  -0.00521457621571
0.0  289  653  652.717697509  1.7698243407  -0.0324737203032
0.0  289  668  667.705173259  1.72868667839  -0.0670243721822
0.0  289  683  682.817459025  1.86270056402  -0.0503795389376
0.0  289  698  698.096656063  1.91184257224  0.00500089581489
0.0  288  713  713.43051083  1.82881193783  0.0116114644215
0.0  288  729  728.867634157  1.93530979292  -0.0105073444723
0.0  288  744  744.499809874  1.79216122468  0.0458934634391
0.0  288  760  760.258193582  1.88496995668  0.0664341131261
0.0  288  776  776.103733097  1.90590058676  0.0715278537573
0.0  288  792  792.12751591  1.88661387298  0.0915867308537
0.0  288  808  808.283914157  1.84751516883  0.062525892849
0.0  288  825  824.524729387  1.72151429923  0.00501331749242
0.0  288  841  840.950985863  1.99403456579  -0.0043422796352
0.0  287  858  857.521199453  1.83873157262  -0.00619134927979
0.0  287  874  874.265815777  1.93523238503  0.0290887591035
0.0  287  891  891.101663364  2.0178400448  0.024713092509
0.0  287  908  908.079553111  1.9779625662  0.00938541702109
0.0  287  925  925.240405478  1.96324014488  0.0668184113791
0.0  287  942  942.499173188  1.82994281854  0.0559345709214
0.0  286  960  959.951476409  1.97844147942  0.0309432161441
0.0  286  978  977.571393552  1.83434553843  0.0410065189762
0.0  286  995  995.410711395  1.84627124889  0.105962279608
0.0  286  1013  1013.35416797  1.8862251021  0.0427174312404
-1.41626195136  278  10  9.70140656394  1.28754838181  0.0163398661793
-1.41626195136  278  20  20.0274812739  1.44119458767  0.0769235598867
-1.41626195136  278  30  30.4110254914  1.1771691994  0.177285714767
-1.41626195136  278  41  40.7058273372  1.32883163398  -0.0352732620629
-1.41626195136  278  51  51.281751966  1.41257941815  0.120723132114
-1.41626195136  278  62  61.7399946348  1.38284310374  0.00625528848814
-1.41626195136  279  72  72.4810639856  1.17711088979  0.0953978692796
-1.41626195136  279  83  83.1908636304  1.51538994322  0.0955266897531
-1.41626195136  279  94  93.9211788396  1.54814835389  0.05081010524
-1.41626195136  279  105  104.718832314  1.44116536001  -0.03680116643
-1.41626195136  279  116  115.651058357  1.41990877519  0.0276795706264
-1.41626195136  279  127  126.6380292  1.38124929268  0.0161326655747
-1.41626195136  279  138  137.69088274  1.40905568126  -0.0263725306024
-1.41626195136  279  149  148.872030515  1.54006026368  0.0789385835315
-1.41626195136  280  160  160.191702827  1.52423819057  0.0848784278902
-1.41626195136  280  171  171.463377076  1.3017267361  0.0829645552296
-1.41626195136  280  183  182.765341362  1.52814979245  0.00355852531404
-1.41626195136  280  194  194.289766032  1.50527616356  0.0621316011826
-1.41626195136  280  206  205.687089128  1.51099345399  -0.0822244204663
-1.41626195136  280  217  217.420129968  1.42504699467  0.0994062591046
-1.41626195136  280  229  229.080318555  1.66240672713  0.00490920104019
-1.41626195136  280  241  240.80747844  1.63939882271  -0.0398354755019
-1.41626195136  280  253  252.674468614  1.54338120218  -0.0191576817695
-1.41626195136  281  265  264.637985681  1.52268737156  -0.0300173597577
-1.41626195136  281  277  276.690741197  1.52188798547  -0.0147057810228
-1.41626195136  281  289  288.814619902  1.61224553326  0.00154377955353
-1.41626195136  281  301  301.057983051  1.68316164364  0.0462711079694
-1.41626195136  281  313  313.395728455  1.49145731651  0.131840363516
-1.41626195136  281  326  325.676854106  1.53092067248  -0.0277233454541
-1.41626195136  281  338  338.224622086  1.62770389143  0.0523649862988
-1.41626195136  281  351  350.708262707  1.58677112671  -0.0500806675897
-1.41626195136  281  363  363.439432497  1.5378265889  0.0487206618467
-1.41626195136  281  376  376.172428685  1.74023822135  0.00483524648783
-1.41626195136  281  389  388.991793072  1.74669289827  -0.0107531399568
-1.41626195136  281  402  401.924252862  1.748085485  -0.0138927652799
-1.41626195136  281  415  414.96976245  1.78698087825  -0.015084158931
-1.41626195136  281  428  428.136636452  1.76845412727  0.0553326598604
-1.41626195136  281  441  441.385167548  1.6498520524  0.0978212056261
-1.41626195136  281  455  454.654323735  1.61316782998  -0.00956015914235
-1.41626195136  281  468  468.147522533  1.72813740534  0.0830889286949
-1.41626195136  281  482  481.637305052  1.57063398356  0.00797087579524
-1.41626195136  282  495  495.372247226  1.67469052526  0.0804369122784
-1.41626195136  282  509  509.094198675  1.78528230513  0.00925014691176
-1.41626195136  282  523  522.908023005  1.80216832566  -0.0182835615775
-1.41626195136  282  537  536.86352868  1.81333714092  -0.0600988333618
-1.41626195136  282  551  550.95445235  1.85742515825  -0.0193736121661
-1.41626195136  282  565  565.168149396  1.8525759749  0.0380764455248
-1.41626195136  282  579  579.429833073  1.76253888983  0.0454476420695
-1.41626195136  281  594  593.804252297  1.80541773254  0.00676394979598
-1.41626195136  281  608  608.35487857  1.72595783978  0.0863165499606
-1.41626195136  281  623  622.94823219  1.86013366625  0.0190364660092
-1.41626195136  281  638  637.682376149  1.70702065666  -0.0157633011655
-1.41626195136  281  653  652.567365877  1.66928629535  -0.0174870785808
-1.41626195136  281  668  667.569390217  1.61504821981  -0.0452560362055
-1.41626195136  281  683  682.683117136  1.80298912115  -0.056201497846
-1.41626195136  281  698  697.944254872  1.88342531  -0.0205207586707
-1.41626195136  281  713  713.33508624  1.85852268056  0.016997417695
-1.41626195136  281  729  728.775262155  1.90380539668  -0.0162748689274
-1.41626195136  281  744  744.42558049  1.80444097017  0.0492578461798
-1.41626195136  281  760  760.155879723  1.91278534867  0.0519077050843
-1.41626195136  281  776  776.032788053  1.92369356418  0.0806063355234
-1.41626195136  281  792  792.049320584  1.91880818495  0.0685992829788
-1.41626195136  281  808  808.204522464  1.88605224725  0.0484715362461
-1.41626195136  280  824  824.475781925  1.68140823733  0.0291966959497
-1.41626195136  280  841  840.904728497  1.98384174538  -0.00995450378263
-1.41626195136  280  858  857.507109222  1.81642525195  -0.0237197223915
-1.41626195136  280  874  874.241816487  1.94595350828  0.0228588112398
-1.41626195136  280  891  891.086927061  2.02378949004  0.0255394632068
-1.41626195136  280  908  908.090416102  2.00112202848  0.0178177013874
-1.41626195136  279  925  925.260366112  1.97465215463  0.0590860261285
-1.41626195136  279  943  942.526785773  1.86518890189  0.0398818346763
-1.41626195136  279  960  960.003139162  1.96622305772  0.0484649584283
-1.41626195136  279  978  977.613826358  1.88076432826  0.0443964347298
-1.41626195136  279  995  995.455024635  1.81313363109  0.0991878363727
-1.41626195136  278  1013  1013.43081904  1.86805496397  0.0486562556898
-1.22574995136  279  10  9.77647527417  1.3820743776  0.0133106767692
-1.22574995136  279  20  20.1202651273  1.46039870048  0.0967369835495
-1.22574995136  279  30  30.4618971241  1.16407985735  0.164367495636
-1.22574995136  279  41  40.7680053708  1.41409404032  -0.028161198071
-1.22574995136  279  51  51.3558539965  1.35712784086  0.131760057434
-1.22574995136  279  62  61.8118911949  1.46421548091  0.00433417358738
-1.22574995136  280  73  72.5121989195  1.20331623527  -0.0046715889793
-1.22574995136  280  83  83.2700947315  1.46116198097  0.123913435023
-1.22574995136  280  94  93.9834065952  1.53558384845  0.0540678466606
-1.22574995136  280  105  104.776721415  1.49673417662  -0.0389423413811
-1.22574995136  280  116  115.70750732  1.43785977173  0.029721496634
-1.22574995136  280  127  126.68461248  1.43336790895  -0.00907443857598
-1.22574995136  280  138  137.745101426  1.42697765752  -0.0294785399726
-1.22574995136  280  149  148.933037879  1.56686012163  0.0764402344998
-1.22574995136  281  160  160.254299591  1.50150349211  0.119589733965
-1.22574995136  281  171  171.504244797  1.26258559926  0.0676316162359
-1.22574995136  281  183  182.828143202  1.55909785157  0.0222548263699
-1.22574995136  281  194  194.33794422  1.50543946264  0.0703486822057
-1.22574995136  281  206  205.753877292  1.50384889099  0.074673876498
-1.22574995136  281  217  217.458973303  1.3801484091  0.0886634021613
-1.22574995136  281  229  229.128026755  1.64963219199  0.0189589381418
-1.22574995136  281  241  240.865111011  1.63300872542  -0.0278925952448
-1.22574995136  281  253  252.721307753  1.59804566405  -0.0113553461443
-1.22574995136  281  265  264.6750766  1.60171971242  -0.0363327114868
-1.22574995136  282  277  276.740301464  1.57180374479  -0.0128246293978
-1.22574995136  282  289  288.803970476  1.54287317263  -0.168401460321
-1.22574995136  282  301  301.122735402  1.64357636734  0.0985735445908
-1.22574995136  282  313  313.445939973  1.29974096972  0.236570238862
-1.22574995136  282  326  325.720520352  1.55018212808  -0.0253219520164
-1.22574995136  282  338  338.268405291  1.59184871312  0.0560509950786
-1.22574995136  282  351  350.74561177  1.61103475032  -0.0377458253518
-1.22574995136  282  363  363.478811114  1.50762313706  0.049377162839
-1.22574995136  282  376  376.205897692  1.71573643299  0.00979473209153
-1.22574995136  282  389  389.024552584  1.7692421001  -0.00701440784059
-1.22574995136  282  402  401.95886153  1.74972288643  -0.00803936676655
-1.22574995136  282  415  415.011525968  1.78426906213  -0.00698169060114
-1.22574995136  282  428  428.169335829  1.75780185129  0.0522069348214
-1.22574995136  282  441  441.416376731  1.66217614706  0.0922635468317
-1.22574995136  282  455  454.681404748  1.6444208692  -0.02093234332
-1.22574995136  282  468  468.185846497  1.71044542069  0.0901655513573
-1.22574995136  282  482  481.661732803  1.63610705411  0.0049602894913
-1.22574995136  282  495  495.374280966  1.66427154434  0.0777281139916
-1.22574995136  283  509  509.122728287  1.78984550029  0.0225712157635
-1.22574995136  283  523  522.945121023  1.80346133179  -0.0109057847975
-1.22574995136  283  537  536.890447347  1.79611953758  -0.0559314883709
-1.22574995136  283  551  550.973908462  1.87273071067  -0.0196822611544
-1.22574995136  283  565  565.182233471  1.84048952248  0.0356567979415
-1.22574995136  282  579  579.458365096  1.78598470483  0.0450650159658
-1.22574995136  282  594  593.823161195  1.82799307137  0.0105791605846
-1.22574995136  282  608  608.376351465  1.70254801941  0.0892235499629
-1.22574995136  282  623  622.960251026  1.85167701699  0.0222394053678
-1.22574995136  282  638  637.706452318  1.74611305575  -0.00383619279067
-1.22574995136  282  653  652.584407435  1.67516643686  -0.00812996519215
-1.22574995136  282  668  667.581168602  1.67415638099  -0.0617250379085
-1.22574995136  282  683  682.689374192  1.82281700113  -0.0505501659059
-1.22574995136  282  698  697.950883435  1.91044952548  -0.0174560009002
-1.22574995136  282  713  713.362517887  1.87459889775  0.0302382155582
-1.22574995136  282  729  728.780111038  1.92224505365  -0.0114178241024
-1.22574995136  282  744  744.43128879  1.81221553213  0.0518909720296
-1.22574995136  282  760  760.161001569  1.913453655  0.0475162745183
-1.22574995136  282  776  776.031124984  1.98458898555  0.147825769949
-1.22574995136  282  792  792.051653096  1.915820914  0.0717639254446
-1.22574995136  282  808  808.195294997  1.86084425385  0.0435785730329
-1.22574995136  281  824  824.488828781  1.72336014166  0.0399796548467
-1.22574995136  281  841  840.904315829  1.96830612994  -0.0137968838298
-1.22574995136  281  858  857.510461399  1.81903693856  -0.0203950031737
-1.22574995136  281  874  874.235327031  1.94675329036  0.0275429527013
-1.22574995136  281  891  891.081894691  2.01473877648  0.0195856429029
-1.22574995136  281  908  908.084250368  1.99522429983  0.0173698977754
-1.22574995136  280  925  925.252026646  1.98338235558  0.0690878470856
-1.22574995136  280  943  942.513922455  1.85046028088  0.0331633274698
-1.22574995136  280  960  959.988363906  2.001580518  0.0412594254449
-1.22574995136  280  978  977.597767202  1.86466121788  0.0310448937338
-1.22574995136  280  995  995.442161991  1.81358960739  0.104465065569
-1.22574995136  279  1013  1013.42027497  1.86929872933  0.0495242406934
-1.03523795136  280  10  9.85656747658  1.4166904797  0.0381554543572
-1.03523795136  280  20  20.1976373751  1.39269524181  0.121892089568
-1.03523795136  280  30  30.4971982935  1.17134129426  0.132046498862
-1.03523795136  280  41  40.8476820945  1.46432900502  -0.0177843206402
-1.03523795136  280  51  51.4160854402  1.25048896592  0.130291662149
-1.03523795136  280  62  61.8900204735  1.48104626567  0.0331272536224
-1.03523795136  281  73  72.5286158261  1.20091570342  -0.0330522989219
-1.03523795136  281  83  83.335592831  1.423063504  0.136587344608
-1.03523795136  281  94  94.0690639715  1.56099593249  0.0810645870459
-1.03523795136  281  105  104.843714158  1.51228429902  -0.0330124173638
-1.03523795136  281  116  115.765214155  1.49179227685  0.030911882406
-1.03523795136  281  127  126.749648642  1.47650614146  0.00174171295992
-1.03523795136  281  138  137.810037465  1.5076493036  -0.0247169774866
-1.03523795136  281  149  148.99704915  1.55406118704  0.0992171529825
-1.03523795136  282  160  160.304711711  1.45724798157  0.117786636177
-1.03523795136  282  172  171.531826782  1.21068885943  -0.0141863511728
-1.03523795136  282  183  182.896513652  1.59425080407  0.0366148342921
-1.03523795136  282  194  194.387082332  1.43300457658  0.0606504865596
-1.03523795136  282  206  205.840140013  1.56527238486  -0.0209442917948
-1.03523795136  282  217  217.497559444  1.32038572734  0.0688856768236
-1.03523795136  282  229  229.187622956  1.65639995747  0.02869770055
-1.03523795136  282  241  240.924162939  1.66667435374  -0.0219319759213
-1.03523795136  282  253  252.775509441  1.62074595121  -0.00271976049758
-1.03523795136  282  265  264.711473863  1.56128897318  -0.0288843524976
-1.03523795136  283  277  276.784715983  1.59777597846  -0.0101722523205
-1.03523795136  283  289  288.924759146  1.67011251112  0.0164102550241
-1.03523795136  283  301  301.174706748  1.65193210993  0.0703848722883
-1.03523795136  283  313  313.460576962  1.4535987776  0.10493076565
-1.03523795136  283  326  325.758948194  1.58740825771  -0.0255686270779
-1.03523795136  283  338  338.305083452  1.61212763355  0.0588544454663
-1.03523795136  283  351  350.787997622  1.62956848305  -0.0480730075482
-1.03523795136  283  363  363.491864675  1.52281662049  0.0318208520533
-1.03523795136  283  376  376.251413367  1.7285426872  0.0212435142286
-1.03523795136  283  389  389.08367597  1.74741269608  0.00922696454609
-1.03523795136  283  402  401.999705826  1.77626602193  -0.00817826145722
-1.03523795136  283  415  415.043491853  1.78146623686  -0.00415355124716
-1.03523795136  283  428  428.196142248  1.7491304949  0.0525119282164
-1.03523795136  283  441  441.436297178  1.67733215166  0.0737259099104
-1.03523795136  283  455  454.705882229  1.69526880002  -0.0106258344119
-1.03523795136  283  468  468.203482998  1.70306503188  0.0891332304059
-1.03523795136  283  482  481.69067738  1.65029762015  0.00586197147646
-1.03523795136  283  495  495.382327274  1.66314597388  0.0496372643774
-1.03523795136  284  509  509.153863959  1.78555162348  0.0153021250641
-1.03523795136  284  523  522.973178724  1.81544841128  -0.00915012821776
-1.03523795136  284  537  536.915294078  1.82207538636  -0.0543662933434
-1.03523795136  284  551  551.007334947  1.86169092113  -0.0152209819731
-1.03523795136  284  565  565.23143347  1.83894528027  0.0627870093048
-1.03523795136  283  579  579.473787027  1.77676229769  0.041606623415
-1.03523795136  283  594  593.833593287  1.82814066004  0.0100266655807
-1.03523795136  283  608  608.385977828  1.74708517284  0.0860016595525
-1.03523795136  283  623  622.984298527  1.84399488504  0.0216442317641
-1.03523795136  283  638  637.722823486  1.74650931035  -0.00539558308201
-1.03523795136  283  653  652.600859611  1.70106433417  -0.00572352863196
-1.03523795136  283  668  667.5928348  1.69390324388  -0.0489881537099
-1.03523795136  283  683  682.707728892  1.8305503532  -0.0370715250049
-1.03523795136  283  698  697.966314561  1.90009827995  -0.0127827361737
-1.03523795136  283  713  713.367060802  1.89007831208  0.0289467375399
-1.03523795136  283  729  728.799318019  1.91433382813  -0.000663666041097
-1.03523795136  283  744  744.438185484  1.81968785354  0.0392858805754
-1.03523795136  283  760  760.168488769  1.89743304855  0.0492734654666
-1.03523795136  283  776  776.039670866  1.90069514741  0.077600246725
-1.03523795136  283  792  792.058173545  1.90792174103  0.0653515209651
-1.03523795136  283  808  808.213259234  1.85958381694  0.0295709111314
-1.03523795136  282  824  824.49232433  1.73060230459  0.0546417775172
-1.03523795136  282  841  840.904710242  1.99098694178  -0.0221047486527
-1.03523795136  282  858  857.510662673  1.82960815534  -0.021630254661
-1.03523795136  282  874  874.232133365  1.95995627402  0.0270956665037
-1.03523795136  282  891  891.07755454  2.04320397381  0.0185059689318
-1.03523795136  282  908  908.078466272  1.99911812718  0.0206260885528
-1.03523795136  281  925  925.253950269  1.98467347292  0.0830023024177
-1.03523795136  281  943  942.510451726  1.85646681625  0.0448925929473
-1.03523795136  281  960  959.981918669  1.97587829022  0.0417992484379
-1.03523795136  281  978  977.595360235  1.85720650102  0.035840599775
-1.03523795136  281  995  995.436650208  1.81133070872  0.109237668053
-1.03523795136  280  1013  1013.4113752  1.87985664737  0.0514028006185
-0.844725951362  281  10  9.94675572687  1.45492320686  0.0582743108008
-0.844725951362  281  20  20.291939496  1.32925761649  0.149421081141
-0.844725951362  281  31  30.5441466946  1.21824719781  0.058572025412
-0.844725951362  281  41  40.9418947341  1.4839509817  0.0140513505788
-0.844725951362  281  51  51.4683053027  1.22309761572  0.112958719005
-0.844725951362  281  62  61.9696701578  1.49906649396  0.0517479379551
-0.844725951362  282  73  72.5848128714  1.24638808138  -0.0476626566617
-0.844725951362  282  83  83.4072761821  1.35601662901  0.145631727736
-0.844725951362  282  94  94.1489283856  1.51906633893  0.101352574253
-0.844725951362  282  105  104.926731117  1.54908107734  -0.0160953611967
-0.844725951362  282  116  115.849330698  1.49249570068  0.0496139749167
-0.844725951362  282  127  126.825343894  1.52205083345  0.0266114659948
-0.844725951362  282  138  137.890411754  1.51024118362  -0.00400225605898
-0.844725951362  282  149  149.082376805  1.56881267447  0.117945848489
-0.844725951362  283  160  160.359055275  1.40483625383  0.111440164055
-0.844725951362  283  172  171.556183328  1.19894235321  -0.0650015076076
-0.844725951362  283  183  182.957786374  1.59035368447  0.0382977199673
-0.844725951362  283  194  194.441009457  1.3925053624  0.0613822760057
-0.844725951362  283  206  205.900292934  1.59811778956  -0.0406129567111
-0.844725951362  283  218  217.526109188  1.37176122502  0.03094442715
-0.844725951362  283  229  229.245171186  1.60487324761  0.0309577006082
-0.844725951362  283  241  240.987664911  1.65184136362  -0.00591176894349
-0.844725951362  283  253  252.825846758  1.63521639976  -0.000571344048814
-0.844725951362  283  265  264.738582591  1.57243900993  -0.0754893141767
-0.844725951362  284  277  276.842698648  1.63982688097  -0.00567560177813
-0.844725951362  284  289  288.993361772  1.68214780875  0.0478290005873
-0.844725951362  284  301  301.232705599  1.62689717541  0.0862209906158
-0.844725951362  284  313  313.498236661  1.36860322188  0.0977927917688
-0.844725951362  284  326  325.817698158  1.59947418752  -0.0123987801672
-0.844725951362  284  338  338.348628531  1.5463465356  0.0746013790211
-0.844725951362  284  351  350.840357041  1.67632301756  -0.0396848250074
-0.844725951362  284  364  363.524962406  1.30603751658  -0.0119549515209
-0.844725951362  284  376  376.30710107  1.66696853443  0.0379799568748
-0.844725951362  284  389  389.135708973  1.74958275045  0.0237885381923
-0.844725951362  284  402  402.063367993  1.74730528103  0.019147447586
-0.844725951362  284  415  415.107020963  1.78536183597  0.0222165563558
-0.844725951362  284  428  428.255055928  1.69766856456  0.068796821561
-0.844725951362  284  441  441.472912264  1.60295781355  0.0924397772587
-0.844725951362  284  455  454.734149363  1.67474196468  -0.0334439925403
-0.844725951362  284  468  468.248468409  1.67736529752  0.0968228640861
-0.844725951362  284  482  481.709256272  1.62269734158  -0.000619565285718
-0.844725951362  284  495  495.430636496  1.60001660521  0.0799903251209
-0.844725951362  284  509  509.166676099  1.7710331025  0.0458769805324
-0.844725951362  285  523  523.010605737  1.8061117914  0.00365697822183
-0.844725951362  285  537  536.945739337  1.80888340016  -0.0451856149996
-0.844725951362  285  551  551.038638442  1.85474575911  -0.00188663787011
-0.844725951362  284  565  565.222615704  1.84376195765  0.0475647802005
-0.844725951362  284  579  579.498271954  1.73298344577  0.0436565260979
-0.844725951362  284  594  593.864883311  1.81467355185  0.0131694665279
-0.844725951362  284  608  608.417600933  1.65873385357  0.0940791976221
-0.844725951362  284  623  623.017590421  1.86216038039  0.0445120050049
-0.844725951362  284  638  637.736112395  1.74706405118  -0.0116249175217
-0.844725951362  284  653  652.609658686  1.65315885931  -0.0300635640233
-0.844725951362  284  668  667.612391151  1.7107061532  -0.0566440013631
-0.844725951362  284  683  682.720954652  1.83439268762  -0.0504192089103
-0.844725951362  284  698  697.997350707  1.91855151328  0.00265377687601
-0.844725951362  284  713  713.380746016  1.87917895348  0.0319471944202
-0.844725951362  284  729  728.804742913  1.93133996267  -0.0075272448841
-0.844725951362  284  744  744.446885056  1.83526402554  0.048830923283
-0.844725951362  284  760  760.195929679  1.89536550137  0.0620898911485
-0.844725951362  284  776  776.053519177  1.90622931475  0.0700766330598
-0.844725951362  284  792  792.063924446  1.92297731389  0.0663905536775
-0.844725951362  283  808  808.219015284  1.85323068913  0.0795353425252
-0.844725951362  283  824  824.499335284  1.76963657137  0.0409688144681
-0.844725951362  283  841  840.914940564  1.97827378972  -0.0069645385826
-0.844725951362  283  858  857.50863993  1.8567141766  -0.0125028525072
-0.844725951362  283  874  874.233412279  1.95762997514  0.0256477697338
-0.844725951362  283  891  891.078975505  2.01339369161  0.0220968699132
-0.844725951362  283  908  908.073582169  1.98581442462  0.0150099159512
-0.844725951362  282  925  925.240683807  1.99080061686  0.0763795362824
-0.844725951362  282  943  942.507247761  1.85588739088  0.049976434959
-0.844725951362  282  960  959.96995923  1.98369143252  0.0417425043494
-0.844725951362  282  978  977.589470535  1.83727316397  0.0489186971717
-0.844725951362  282  995  995.430080838  1.84051978271  0.110706398582
-0.844725951362  281  1013  1013.40942904  1.86415634317  0.0625752169031
-0.654213951362  282  10  10.0453863816  1.46248789704  0.0814055774749
-0.654213951362  282  20  20.3562309496  1.25606069949  0.156480947175
-0.654213951362  282  31  30.5909552551  1.22248093919  0.0340433983279
-0.654213951362  282  41  41.0215007421  1.4884368141  0.0330891632669
-0.654213951362  282  52  51.506938052  1.21032070728  0.0220085058106
-0.654213951362  282  62  62.0487597834  1.50023934238  0.0757149247079
-0.654213951362  282  73  72.6209644724  1.37408427051  -0.0677333315205
-0.654213951362  283  83  83.4497209172  1.30093089272  0.117416944791
-0.654213951362  283  94  94.2173699329  1.49527390881  0.10972451435
-0.654213951362  283  105  104.997443266  1.55547494831  -0.00265337023494
-0.654213951362  283  116  115.922899712  1.54894668868  0.0615472744955
-0.654213951362  283  127  126.905584721  1.54481711498  0.0493085112493
-0.654213951362  283  138  137.963109678  1.5512824595  0.0156423808807
-0.654213951362  283  149  149.139491162  1.5594634933  0.123575525662
-0.654213951362  284  160  160.413569524  1.3569524394  0.0771654218339
-0.654213951362  284  172  171.607130582  1.28520901151  -0.0692131886187
-0.654213951362  284  183  183.028921518  1.60046132784  0.0639007831434
-0.654213951362  284  194  194.470953317  1.30923741702  0.029963633321
-0.654213951362  284  206  205.970936826  1.59308350969  -0.0272656664499
-0.654213951362  284  218  217.562534079  1.30087895995  -0.0172412556734
-0.654213951362  284  229  229.317959453  1.59521513446  0.0570703433922
-0.654213951362  284  241  241.057604625  1.6559017313  0.0145196859485
-0.654213951362  284  253  252.884779081  1.65209470517  0.0155086797546
-0.654213951362  284  265  264.803410539  1.61304916974  -0.0364045798069
-0.654213951362  285  277  276.898382648  1.64794093797  -0.00314801947652
-0.654213951362  285  289  289.045796013  1.67828703206  0.0673874141128
-0.654213951362  285  301  301.275883603  1.62174611913  0.080812649029
-0.654213951362  285  314  313.521763838  1.30968055461  0.0417311599192
-0.654213951362  285  326  325.876517144  1.66309788625  0.00521165645761
-0.654213951362  285  338  338.386425307  1.51957736971  0.0684889599573
-0.654213951362  285  351  350.885587882  1.6827997852  -0.037729004799
-0.654213951362  285  364  363.547287426  1.31021109389  -0.0438990636498
-0.654213951362  285  376  376.348929751  1.66214293377  0.0346347698969
-0.654213951362  285  389  389.178747643  1.7396383813  0.03212284476
-0.654213951362  285  402  402.091828066  1.76291907367  0.0196592321585
-0.654213951362  285  415  415.140034711  1.77804188138  0.0201387188306
-0.654213951362  285  428  428.289768773  1.69259494949  0.0737451083466
-0.654213951362  285  441  441.491247031  1.58536272638  0.0723509837663
-0.654213951362  285  455  454.782494503  1.71623399686  -0.0282538675602
-0.654213951362  285  468  468.291873742  1.66040113967  0.104472408632
-0.654213951362  285  482  481.735938814  1.64019664047  -0.0107194958869
-0.654213951362  285  495  495.450810027  1.5624213901  0.0593873252038
-0.654213951362  285  509  509.1981551  1.75779849981  0.0446881134545
-0.654213951362  286  523  523.042586791  1.82779491955  0.00865313053287
-0.654213951362  286  537  536.979955187  1.82860865598  -0.0407631819144
-0.654213951362  286  551  551.043449126  1.82381500647  -0.0108866845929
-0.654213951362  285  565  565.24712096  1.8189847374  0.0514472821946
-0.654213951362  285  580  579.507853778  1.71111062661  0.0214677619863
-0.654213951362  285  594  593.887925555  1.81997275197  0.0105672671532
-0.654213951362  285  608  608.425054486  1.65651374955  0.0883093187785
-0.654213951362  285  623  623.04736314  1.85384750802  0.0466411193708
-0.654213951362  285  638  637.754571143  1.74582334401  -0.0109888623041
-0.654213951362  285  653  652.62347129  1.68967360601  -0.0382729103277
-0.654213951362  285  668  667.622233654  1.69024436981  -0.0674114831931
-0.654213951362  285  683  682.741044749  1.84162657308  -0.0487690903097
-0.654213951362  285  698  697.995647547  1.90468805595  -0.0144244487027
-0.654213951362  285  713  713.390548534  1.84637537488  0.0276782743917
-0.654213951362  285  729  728.816307232  1.92096223721  -0.0102246402978
-0.654213951362  285  744  744.457710586  1.79945094971  0.0463707827046
-0.654213951362  285  760  760.198605505  1.89728189318  0.0540676054598
-0.654213951362  285  776  776.061037933  1.90372734028  0.0651746944133
-0.654213951362  285  792  792.076750654  1.92248585466  0.0638621154969
-0.654213951362  284  808  808.22531503  1.86060368398  0.0468153688691
-0.654213951362  284  824  824.503134584  1.70945078328  0.0382590514773
-0.654213951362  284  841  840.923050481  1.96942786823  -0.0182140040406
-0.654213951362  284  858  857.507850716  1.78056815985  -0.0352988454611
-0.654213951362  284  874  874.248693778  1.95235968227  0.0368331916508
-0.654213951362  284  891  891.084349237  2.02643289289  0.0173968440833
-0.654213951362  284  908  908.071339833  1.98754109987  0.00915307796121
-0.654213951362  283  925  925.2439731  1.98406782409  0.0697020503602
-0.654213951362  283  943  942.504315369  1.86634132696  0.0455956820257
-0.654213951362  283  960  959.97397378  1.96905614767  0.0421448481226
-0.654213951362  283  978  977.586418966  1.85591889705  0.0473078719399
-0.654213951362  283  995  995.419907919  1.85827599056  0.0970723731827
-0.654213951362  282  1013  1013.38679606  1.88280503429  0.0534651067737
-0.463701951362  283  10  10.1426291718  1.42446159916  0.121527057927
-0.463701951362  283  20  20.412699767  1.2195511833  0.141670327142
-0.463701951362  283  31  30.650832084  1.27799717102  0.0170078034872
-0.463701951362  283  41  41.1200839973  1.47200434726  0.0654477436699
-0.463701951362  283  52  51.5443194417  1.16690025188  -0.034149084787
-0.463701951362  283  62  62.1371897638  1.48199080554  0.100082580673
-0.463701951362  283  73  72.6806781664  1.45358907935  -0.135022924672
-0.463701951362  284  83  83.5071484845  1.22294582958  0.105765711383
-0.463701951362  284  94  94.299083649  1.42563293363  0.132092524515
-0.463701951362  284  105  105.091667865  1.55769842054  0.0317548197013
-0.463701951362  284  116  116.014727571  1.546486985  0.0947707744885
-0.463701951362  284  127  126.977812557  1.5662648978  0.0460418579707
-0.463701951362  284  138  138.049362665  1.54332821441  0.0500073090755
-0.463701951362  284  149  149.231555228  1.50780899119  0.157555202532
-0.463701951362  285  160  160.46896088  1.27054237627  0.111161677284
-0.463701951362  285  172  171.658371827  1.3548615463  -0.0808718891173
-0.463701951362  285  183  183.112292155  1.58705094655  0.0789846309495
-0.463701951362  285  195  194.514725205  1.24685545447  -0.0179162058448
-0.463701951362  285  206  206.038716196  1.63342024459  -0.00413576497725
-0.463701951362  285  218  217.613504539  1.44390261921  -0.0247404187228
-0.463701951362  285  229  229.367176966  1.55158178928  0.0574192167278
-0.463701951362  285  241  241.119471534  1.65563690734  0.0292590885635
-0.463701951362  285  253  252.943901173  1.66740734651  0.0238523662345
-0.463701951362  285  265  264.87407027  1.65523740377  -0.0159589164987
-0.463701951362  286  277  276.970578371  1.67565500187  0.02133163715
-0.463701951362  286  289  289.122869381  1.67701358888  0.0854410723762
-0.463701951362  286  301  301.330375703  1.59225391726  0.102272721358
-0.463701951362  286  314  313.557706094  1.28586115317  0.0160353592417
-0.463701951362  286  326  325.940051063  1.64059570211  0.00918621517016
-0.463701951362  286  338  338.436370565  1.46070375189  0.0609754224973
-0.463701951362  286  351  350.949979689  1.70412828007  -0.0186311958968
-0.463701951362  286  364  363.586723474  1.39071496544  -0.0554688558043
-0.463701951362  286  376  376.394488462  1.62855255082  0.0381773639211
-0.463701951362  286  389  389.232960646  1.74653106377  0.0436967125343
-0.463701951362  286  402  402.148688101  1.7470397086  0.0270682590437
-0.463701951362  286  415  415.185700184  1.78208337883  0.0289655799107
-0.463701951362  286  428  428.32246187  1.68282964812  0.0759063647252
-0.463701951362  286  442  441.531297863  1.62446759498  0.0553839150656
-0.463701951362  286  455  454.814745959  1.71929421581  -0.0106780027279
-0.463701951362  286  468  468.315793515  1.64439091474  0.0933234644095
-0.463701951362  286  482  481.779975224  1.68732826115  -0.00130930802309
-0.463701951362  286  495  495.477746259  1.55307744701  0.0492856817156
-0.463701951362  286  509  509.230645425  1.76006741464  0.0432680693237
-0.463701951362  286  523  523.05200172  1.80945004209  0.00948993030748
-0.463701951362  286  537  536.979955187  1.82860865598  -0.0407631819144
-0.463701951362  286  551  551.069842401  1.8634679071  -0.00256190805732
-0.463701951362  286  565  565.282416542  1.83425996917  0.0562174001992
-0.463701951362  286  580  579.531982134  1.72381589411  0.0210603615894
-0.463701951362  286  594  593.920007667  1.82010159889  0.0182030246049
-0.463701951362  286  608  608.445054563  1.66867612403  0.07545919502
-0.463701951362  286  623  623.067286839  1.86388234724  0.0517922965508
-0.463701951362  286  638  637.786968138  1.76844650683  -0.0110721293256
-0.463701951362  286  653  652.644234658  1.69250099744  -0.036656613929
-0.463701951362  286  668  667.638495786  1.72283754995  -0.0745947442262
-0.463701951362  286  683  682.749807624  1.8530052227  -0.058542784181
-0.463701951362  286  698  698.018160871  1.9034650251  -0.00681295170861
-0.463701951362  286  713  713.409277044  1.8549760157  0.0225032010523
-0.463701951362  286  729  728.833883656  1.93317733028  -0.0157331695171
-0.463701951362  286  744  744.466325705  1.79862303305  0.0389073738174
-0.463701951362  286  760  760.226564958  1.88449868382  0.0593676694148
-0.463701951362  286  776  776.082475917  1.88966327863  0.0750040189923
-0.463701951362  286  792  792.087393191  1.92710627624  0.0737324389137
-0.463701951362  285  808  808.241156281  1.86805523052  0.0572720405816
-0.463701951362  285  825  824.505111597  1.71278614671  0.00918462812891
-0.463701951362  285  841  840.927560283  1.97827103383  -0.0125535442546
-0.463701951362  285  858  857.519416532  1.80266694927  -0.0315706430548
-0.463701951362  285  874  874.254269465  1.95365268572  0.0302162008301
-0.463701951362  285  891  891.088277843  2.01329368791  0.0216134211672
-0.463701951362  285  908  908.072353594  1.99284862179  0.00576076660778
-0.463701951362  284  925  925.240491662  1.97504764292  0.0694945226162
-0.463701951362  284  943  942.507148306  1.8564077201  0.0496104030405
-0.463701951362  284  960  959.970031056  1.97435879898  0.0430523157961
-0.463701951362  284  978  977.578173592  1.81059680771  0.0446510294205
-0.463701951362  284  995  995.412998176  1.83457409151  0.107352785657
-0.463701951362  283  1013  1013.39247377  1.89646706822  0.0585213048731
-0.273189951362  284  10  10.2398242593  1.36317756027  0.14669511275
-0.273189951362  284  20  20.4664624214  1.18461682193  0.118452497139
-0.273189951362  284  31  30.715805795  1.32710706967  0.0161652895437
-0.273189951362  284  41  41.2150908145  1.42423055991  0.0761702971471
-0.273189951362  284  52  51.5992298777  1.21615002741  -0.0321399142529
-0.273189951362  284  62  62.2231002173  1.42831021609  0.119508171698
-0.273189951362  284  73  72.7272474241  1.38324684442  -0.0872775031795
-0.273189951362  285  84  83.5378215338  1.18587140048  0.024209159396
-0.273189951362  285  94  94.3672389876  1.36780530744  0.140060900699
-0.273189951362  285  105  105.17266869  1.53893121263  0.0503107915337
-0.273189951362  285  116  116.08524097  1.55174847924  0.10573708067
-0.273189951362  285  127  127.060656871  1.55348053674  0.0782622822139
-0.273189951362  285  138  138.127524564  1.5370481141  0.0685930475611
-0.273189951362  285  149  149.298366462  1.45405648671  0.185868211655
-0.273189951362  286  160  160.506499197  1.29846747268  0.0999133546763
-0.273189951362  286  172  171.72255374  1.41440511859  -0.0578726033258
-0.273189951362  286  183  183.179398936  1.55662230774  0.0927979375866
-0.273189951362  286  195  194.551756628  1.27362531598  -0.0478998478816
-0.273189951362  286  206  206.113489142  1.5952928033  0.0130138821348
-0.273189951362  286  218  217.666308944  1.46112901451  -0.0320643963265
-0.273189951362  286  229  229.425833457  1.48988675678  0.0574724841159
-0.273189951362  286  241  241.186322435  1.64601305446  0.0394840585767
-0.273189951362  286  253  253.017987971  1.66670956524  0.0379781399342
-0.273189951362  286  265  264.930926383  1.65433585082  -0.00631029710239
-0.273189951362  287  277  277.036123135  1.66072162278  0.0350957089584
-0.273189951362  287  289  289.167969965  1.6408593193  0.0961860311695
-0.273189951362  287  301  301.380104062  1.5627653624  0.0886480532146
-0.273189951362  287  314  313.581069229  1.36375957891  -0.00541214433654
-0.273189951362  287  326  325.985237348  1.65935869536  0.0206161776602
-0.273189951362  287  338  338.475882751  1.46262459363  0.0547814891357
-0.273189951362  287  351  351.000599459  1.69618077163  -0.00567399738675
-0.273189951362  287  364  363.622624687  1.50514506554  -0.0592081916917
-0.273189951362  287  376  376.430109134  1.64310697954  0.0361385173805
-0.273189951362  287  389  389.270698655  1.70115231392  0.0432224629279
-0.273189951362  287  402  402.185759889  1.74570257541  0.0270567577718
-0.273189951362  287  415  415.231578999  1.75663690497  0.0322072855521
-0.273189951362  287  428  428.355884601  1.66270476694  0.0626975246315
-0.273189951362  287  442  441.567050672  1.63278848621  0.0451379923922
-0.273189951362  287  455  454.858452866  1.72818449065  -0.01139293986
-0.273189951362  287  468  468.34634147  1.65147119373  0.0892657483495
-0.273189951362  287  482  481.827267468  1.69402018448  0.0104528852388
-0.273189951362  287  495  495.503690912  1.57954845065  0.0372969750613
-0.273189951362  287  509  509.266765215  1.73769427436  0.0423251337603
-0.273189951362  287  523  523.093289794  1.79883076663  0.016124425737
-0.273189951362  287  537  537.021991417  1.84993647972  -0.0290711968526
-0.273189951362  287  551  551.101384813  1.8516871441  -0.00409707760844
-0.273189951362  287  565  565.305607561  1.81889404807  0.0531947341768
-0.273189951362  287  580  579.556910296  1.72810992045  0.00941173163457
-0.273189951362  287  594  593.943724177  1.8221818286  0.0166375190837
-0.273189951362  287  608  608.468922923  1.71918229953  0.0672624216792
-0.273189951362  287  623  623.095859186  1.82346944531  0.0482673423143
-0.273189951362  287  638  637.808256726  1.7651131296  -0.00887228937548
-0.273189951362  287  653  652.680496402  1.72817627516  -0.0295929269289
-0.273189951362  287  668  667.66715383  1.72920392957  -0.0533296945043
-0.273189951362  287  683  682.777819359  1.85485628062  -0.0360049861798
-0.273189951362  287  698  698.034816459  1.90624452724  -0.0138826507533
-0.273189951362  287  713  713.41532462  1.8429778164  0.0146800761554
-0.273189951362  287  729  728.846402867  1.92402295271  -0.00462875170153
-0.273189951362  287  744  744.488729724  1.80546186238  0.0421716850968
-0.273189951362  287  760  760.222862707  1.88776671729  0.0496463882839
-0.273189951362  287  776  776.0871544  1.89638173766  0.0690713019866
-0.273189951362  287  792  792.090886068  1.89279579116  0.0678275440568
-0.273189951362  286  808  808.250150094  1.8812102003  0.0429960711853
-0.273189951362  286  825  824.510340884  1.71737747108  0.0126890200848
-0.273189951362  286  841  840.931099704  1.97997049813  -0.00781527081885
-0.273189951362  286  858  857.518913702  1.79045480833  -0.0336862146552
-0.273189951362  286  874  874.265595434  1.95096062135  0.0353750963504
-0.273189951362  286  891  891.089898138  2.02242979137  0.0242363031078
-0.273189951362  286  908  908.081960225  1.97383477693  0.0151559918981
-0.273189951362  285  925  925.243887657  1.96385805214  0.0627219134121
-0.273189951362  285  943  942.511654551  1.84405800446  0.0612036121105
-0.273189951362  285  960  959.966089723  1.95210898412  0.0344902440355
-0.273189951362  285  978  977.577760059  1.81103468373  0.0418176048161
-0.273189951362  285  995  995.423182568  1.84005594496  0.10950647193
-0.273189951362  284  1013  1013.38363014  1.87906001214  0.0532993127666
-0.0826779513624  285  10  10.3252401927  1.27558675322  0.178274184323
-0.0826779513624  285  21  20.5146417145  1.2042078047  0.0377640754918
-0.0826779513624  285  31  30.7878842275  1.38748032579  0.0159260891976
-0.0826779513624  285  41  41.2966672012  1.38086899245  0.095244928876
-0.0826779513624  285  52  51.6435900599  1.25009501478  -0.0575398217536
-0.0826779513624  285  62  62.3076425946  1.36721577968  0.136565842977
-0.0826779513624  285  73  72.8075660758  1.45980210685  -0.0656069034896
-0.0826779513624  286  84  83.5821352095  1.19169665881  -0.00790818762882
-0.0826779513624  286  94  94.4160796812  1.30886060928  0.135997639536
-0.0826779513624  286  105  105.258055231  1.49661587286  0.0778811616395
-0.0826779513624  286  116  116.167440181  1.52686856476  0.127085399626
-0.0826779513624  286  127  127.143017751  1.54695211841  0.108518392491
-0.0826779513624  286  138  138.202628708  1.50258592578  0.0847341997374
-0.0826779513624  286  149  149.362652484  1.38686054056  0.184646884105
-0.0826779513624  287  161  160.551713944  1.2561485141  0.0743567764429
-0.0826779513624  287  172  171.786461836  1.47356220392  -0.0560202612762
-0.0826779513624  287  183  183.246055923  1.52799819538  0.108029946401
-0.0826779513624  287  195  194.588804637  1.28512930002  -0.0713418018039
-0.0826779513624  287  206  206.179205413  1.61191337533  0.0229369529032
-0.0826779513624  287  218  217.718670319  1.52888376935  -0.0361516766636
-0.0826779513624  287  229  229.468478696  1.44985683061  0.0433242320848
-0.0826779513624  287  241  241.245600094  1.62729657283  0.0501146826746
-0.0826779513624  287  253  253.0738652  1.65888637607  0.04621186981
-0.0826779513624  287  265  264.995312758  1.65863313253  0.00421934247225
-0.0826779513624  288  277  277.09543916  1.65907735049  0.0540467824609
-0.0826779513624  288  289  289.23331314  1.62757393345  0.106848197905
-0.0826779513624  288  301  301.429547472  1.49123883448  0.0977412558399
-0.0826779513624  288  314  313.628517613  1.38861227776  -0.0132446698741
-0.0826779513624  288  326  326.040532064  1.67917949408  0.0334751274749
-0.0826779513624  288  339  338.504830126  1.30416292733  -0.0170659512164
-0.0826779513624  288  351  351.064232706  1.70546832769  0.0152197166913
-0.0826779513624  288  364  363.659044218  1.5040407163  -0.061349296705
-0.0826779513624  288  376  376.462400594  1.5139721737  0.025749608042
-0.0826779513624  288  389  389.320006788  1.68855197298  0.058766043175
-0.0826779513624  288  402  402.245505617  1.71154509832  0.0454197499633
-0.0826779513624  288  415  415.281608826  1.73995327073  0.0536273306961
-0.0826779513624  288  428  428.411064456  1.60596147594  0.0772962104891
-0.0826779513624  288  442  441.591851501  1.55954688703  0.0292565803199
-0.0826779513624  288  455  454.90941326  1.75998959941  -0.000872269943373
-0.0826779513624  288  468  468.400691422  1.57198928768  0.115358901138
-0.0826779513624  288  482  481.862825123  1.70572133422  0.00786447471509
-0.0826779513624  288  496  495.512764603  1.35256451984  -0.017328261125
-0.0826779513624  288  509  509.300533684  1.71034380153  0.0590311232416
-0.0826779513624  288  523  523.129019672  1.8006287976  0.0276623373727
-0.0826779513624  288  537  537.063874529  1.8409548938  -0.01974468539
-0.0826779513624  288  551  551.153215611  1.84373416385  0.0205144880885
-0.0826779513624  288  565  565.345968347  1.8008810852  0.0653105809263
-0.0826779513624  288  580  579.580340098  1.70432848675  0.00671742412745
-0.0826779513624  288  594  593.980463637  1.82566577775  0.0310738616481
-0.0826779513624  288  608  608.493268879  1.64877143177  0.0784792309192
-0.0826779513624  288  623  623.1391465  1.84849751292  0.0673112308394
-0.0826779513624  288  638  637.828000184  1.77936755425  -0.00867159733339
-0.0826779513624  288  653  652.688906922  1.73725887214  -0.0373233222777
-0.0826779513624  288  668  667.685698246  1.73823649176  -0.0641619901162
-0.0826779513624  288  683  682.801191941  1.84353588809  -0.051203922937
-0.0826779513624  288  698  698.062360147  1.91385495226  -0.00184799209402
-0.0826779513624  288  713  713.430737122  1.82325849413  0.0146524100499
-0.0826779513624  288  729  728.867634157  1.93530979292  -0.0105073444723
-0.0826779513624  288  744  744.499809874  1.79216122468  0.0458934634391
-0.0826779513624  288  760  760.258193582  1.88496995668  0.0664341131261
-0.0826779513624  288  776  776.103733097  1.90590058676  0.0715278537573
-0.0826779513624  288  792  792.12751591  1.88661387298  0.0915867308537
-0.0826779513624  287  808  808.270449841  1.84765887613  0.0638583589878
-0.0826779513624  287  825  824.522365462  1.75064813016  0.0149495390248
-0.0826779513624  287  841  840.950305642  1.96550665841  0.00897125821242
-0.0826779513624  287  858  857.523827144  1.84185985662  -0.0264088415756
-0.0826779513624  287  874  874.265815777  1.93523238503  0.0290887591035
-0.0826779513624  287  891  891.101663364  2.0178400448  0.024713092509
-0.0826779513624  287  908  908.079553111  1.9779625662  0.00938541702109
-0.0826779513624  286  925  925.240953507  2.01027920353  0.0698749476469
-0.0826779513624  286  943  942.511604341  1.84005831549  0.0552245485486
-0.0826779513624  286  960  959.952179085  1.97852241411  0.0356041822274
-0.0826779513624  286  978  977.571393552  1.83434553843  0.0410065189762
-0.0826779513624  286  995  995.410713576  1.84624768845  0.105967258026
-0.0826779513624  285  1013  1013.37802894  1.88737453991  0.0541929442693
0.107834048638  286  10  10.3858462656  1.22632129054  0.175974952574
0.107834048638  286  21  20.5605446825  1.18997056369  0.00110133940232
0.107834048638  286  31  30.8872423902  1.44330103268  0.0381489034739
0.107834048638  286  41  41.3720085381  1.29939094168  0.114565689063
0.107834048638  286  52  51.7232953969  1.31336460728  -0.0458385146685
0.107834048638  286  62  62.375999752  1.30294831024  0.150821052323
0.107834048638  286  73  72.9025365543  1.5014801787  -0.0356765687532
0.107834048638  287  84  83.6365922106  1.28791610778  -0.0232061522134
0.107834048638  287  94  94.4707982132  1.23536234074  0.131863182072
0.107834048638  287  105  105.320185677  1.47350974136  0.0924622768725
0.107834048638  287  116  116.236663862  1.48706805273  0.145521137142
0.107834048638  287  127  127.222379369  1.50257610367  0.1344097621
0.107834048638  287  138  138.27372561  1.47516766169  0.103647858055
0.107834048638  287  149  149.408681872  1.30547289512  0.175606281898
0.107834048638  288  161  160.564083026  1.23191360322  -0.0283507841798
0.107834048638  288  172  171.848560119  1.50535979891  -0.0473995822246
0.107834048638  288  183  183.328110304  1.47502566258  0.131032043408
0.107834048638  288  195  194.63768154  1.38365388061  -0.0743909789039
0.107834048638  288  206  206.250755473  1.55633492178  0.0408727453149
0.107834048638  288  218  217.783717787  1.55455712103  -0.0257235687611
0.107834048638  288  230  229.511345005  1.30174128293  0.00335491815949
0.107834048638  288  241  241.315162079  1.59027213265  0.0757084262664
0.107834048638  288  253  253.162271128  1.64225484368  0.0868719430373
0.107834048638  288  265  265.064358967  1.66879342  0.0262058554692
0.107834048638  289  277  277.165035285  1.64580877318  0.0784724548927
0.107834048638  289  289  289.285010608  1.58884439801  0.114502579565
0.107834048638  289  301  301.466100426  1.44116994904  0.0905004176776
0.107834048638  289  314  313.660294454  1.45740131263  -0.044378171821
0.107834048638  289  326  326.102097371  1.65623889873  0.0595252489409
0.107834048638  289  339  338.534658257  1.2786680923  -0.0381050716714
0.107834048638  289  351  351.117877344  1.69946402513  0.0335024651858
0.107834048638  289  364  363.702092383  1.57784499058  -0.0671291846101
0.107834048638  289  377  376.501426418  1.47493346962  -0.000721609390763
0.107834048638  289  389  389.353239528  1.67447913671  0.0511302676943
0.107834048638  289  402  402.294711313  1.7173116709  0.0575451655847
0.107834048638  289  415  415.322204406  1.70709562157  0.056637296156
0.107834048638  289  428  428.446669756  1.59580845638  0.0767138441248
0.107834048638  289  442  441.620339628  1.60414410906  0.0189339489698
0.107834048638  289  455  454.955265856  1.74921912109  0.0123484703053
0.107834048638  289  468  468.418272871  1.54680816879  0.101458841592
0.107834048638  289  482  481.907358553  1.73654446222  0.0192705809876
0.107834048638  289  496  495.538383216  1.29814330613  -0.0304322322203
0.107834048638  289  509  509.331415269  1.709596788  0.0560922867623
0.107834048638  289  523  523.172681342  1.78426323612  0.0372594069031
0.107834048638  289  537  537.103713448  1.81781536007  -0.0132496911005
0.107834048638  289  551  551.177353139  1.82148430585  0.0186264459298
0.107834048638  289  565  565.368516208  1.76838310696  0.0656916739809
0.107834048638  289  580  579.596376525  1.710716833  -0.00370158409016
0.107834048638  289  594  594.010979389  1.83997904828  0.0340934590943
0.107834048638  289  609  608.50708926  1.66015037898  0.047834731538
0.107834048638  289  623  623.158305617  1.84620299995  0.0709853412575
0.107834048638  289  638  637.850824117  1.77941181449  -0.00521457621571
0.107834048638  289  653  652.717697509  1.7698243407  -0.0324737203032
0.107834048638  289  668  667.705173259  1.72868667839  -0.0670243721822
0.107834048638  289  683  682.817459025  1.86270056402  -0.0503795389376
0.107834048638  289  698  698.096656063  1.91184257224  0.00500089581489
0.107834048638  289  713  713.453065571  1.8048360109  0.022687642209
0.107834048638  289  729  728.887831347  1.94701722104  -0.00852508258841
0.107834048638  289  745  744.511372889  1.81046638472  0.0331932934661
0.107834048638  289  760  760.24761446  1.87216879903  0.0550560489398
0.107834048638  289  776  776.120900891  1.88639872043  0.0842573772194
0.107834048638  289  792  792.128782459  1.8952954204  0.0843650134081
0.107834048638  288  808  808.276205678  1.84910897256  0.0606654877748
0.107834048638  288  825  824.524729387  1.72151429923  0.00501331749242
0.107834048638  288  841  840.950985863  1.99403456579  -0.0043422796352
0.107834048638  288  858  857.527722194  1.79962992858  -0.0262119849621
0.107834048638  288  874  874.27272277  1.93811354744  0.0323075815446
0.107834048638  288  891  891.099005827  2.02674686336  0.0251030420276
0.107834048638  288  908  908.086259336  1.99194988267  0.0132805576746
0.107834048638  287  925  925.240405478  1.96324014488  0.0668184113791
0.107834048638  287  942  942.499173188  1.82994281854  0.0559345709214
0.107834048638  287  960  959.949657232  1.9534893321  0.0308544087138
0.107834048638  287  978  977.578791915  1.85019824721  0.0512569397137
0.107834048638  287  995  995.410628028  1.86208169102  0.0990196382998
0.107834048638  286  1013  1013.35416797  1.8862251021  0.0427174312404
0.298346048638  287  10  10.4486872177  1.17329465858  0.180047451963
0.298346048638  287  21  20.6141034263  1.19807641225  -0.0144004487827
0.298346048638  287  31  30.9861289206  1.47073522399  0.0606663811857
0.298346048638  287  41  41.4301059235  1.23899834481  0.101129543326
0.298346048638  287  52  51.7979709151  1.39261037267  -0.027367276414
0.298346048638  287  62  62.4277311331  1.23552838042  0.120655789519
0.298346048638  287  73  72.9830456017  1.5289821939  -0.0253968218339
0.298346048638  288  84  83.7086305004  1.34830874895  -0.0190795465377
0.298346048638  288  95  94.5126132728  1.21164851081  0.0535181179977
0.298346048638  288  105  105.394132694  1.40497880893  0.103084566549
0.298346048638  288  116  116.31771454  1.40746509078  0.176952316101
0.298346048638  288  127  127.296894277  1.4584492232  0.147112698478
0.298346048638  288  138  138.336593804  1.42110539069  0.117585220465
0.298346048638  288  149  149.466881227  1.28450474798  0.17992642724
0.298346048638  288  161  160.588298954  1.32456681641  -0.0400379587632
0.298346048638  289  172  171.932971699  1.55651778295  -0.0271356338505
0.298346048638  289  183  183.376275592  1.4072399866  0.140159744508
0.298346048638  289  195  194.698055749  1.43145477534  -0.077444787677
0.298346048638  289  206  206.314160523  1.50639793286  0.0550323744677
0.298346048638  289  218  217.846435925  1.60948036839  -0.0129420624462
0.298346048638  289  230  229.536310268  1.21792468453  -0.0233631685378
0.298346048638  289  241  241.354532766  1.55312648566  0.0676930273332
0.298346048638  289  253  253.221111909  1.60270984327  0.0947769960745
0.298346048638  289  265  265.132962086  1.6610831418  0.0494157268907
0.298346048638  290  277  277.224688179  1.6208845434  0.0915917376962
0.298346048638  290  289  289.34145516  1.55844484885  0.144159565998
0.298346048638  290  301  301.498539876  1.37090233297  0.081268777466
0.298346048638  290  314  313.682674572  1.36231144384  -0.150099277751
0.298346048638  290  326  326.170478754  1.6324392738  0.0800885578199
0.298346048638  290  339  338.56978456  1.33734883854  -0.0445273883118
0.298346048638  290  351  351.175767284  1.68792110127  0.0511424322245
0.298346048638  290  364  363.74976067  1.59091477583  -0.0552405240803
0.298346048638  290  377  376.530344581  1.39188174288  -0.0311277860892
0.298346048638  290  389  389.40527435  1.65697426052  0.0603419190059
0.298346048638  290  402  402.326196447  1.69570983523  0.052267448136
0.298346048638  290  415  415.360331795  1.70387768451  0.0588776692379
0.298346048638  290  428  428.469495743  1.60065413167  0.0580485460577
0.298346048638  290  442  441.66614604  1.650327243  0.0246493140041
0.298346048638  290  455  454.99139612  1.77791361889  0.0159745424915
0.298346048638  290  468  468.4528272  1.53429591498  0.0942024141554
0.298346048638  290  482  481.962228783  1.72666298978  0.049082848141
0.298346048638  290  496  495.568559908  1.48869225273  -0.0370649836321
0.298346048638  290  509  509.364974959  1.68120735516  0.05226314926
0.298346048638  290  523  523.215255308  1.77936505224  0.0543339508778
0.298346048638  290  537  537.140652437  1.83396176353  0.00432591039722
0.298346048638  290  551  551.212459744  1.83228767444  0.0256644491788
0.298346048638  290  565  565.383887343  1.77818045955  0.0451025121605
0.298346048638  290  580  579.625975656  1.72931736041  -0.000367857526506
0.298346048638  290  594  594.027036733  1.83734811609  0.0295365423529
0.298346048638  290  609  608.536535742  1.67964311215  0.0523587673544
0.298346048638  290  623  623.194088903  1.83111285679  0.0846302097363
0.298346048638  290  638  637.889963555  1.78978716444  0.00415260457098
0.298346048638  290  653  652.728146161  1.77416952736  -0.0420930410074
0.298346048638  290  668  667.7300186  1.75513353461  -0.0552435605688
0.298346048638  290  683  682.840481783  1.86130672551  -0.0419993601864
0.298346048638  290  698  698.111727017  1.91134497501  0.00780328581912
0.298346048638  290  713  713.473972974  1.82581482366  0.0259655340069
0.298346048638  290  729  728.906156013  1.94072586767  -0.001336114193
0.298346048638  290  745  744.512825354  1.81276183727  0.0240131401771
0.298346048638  290  760  760.269754484  1.86940582203  0.061447121972
0.298346048638  290  776  776.139981941  1.88311164972  0.0885564596334
0.298346048638  290  792  792.144938273  1.87134040051  0.0804238835614
0.298346048638  289  808  808.288013705  1.84262920499  0.062922177508
0.298346048638  289  825  824.534416004  1.72016044809  0.00117803798253
0.298346048638  289  841  840.979228637  1.95476275894  0.0100854100347
0.298346048638  289  858  857.529104302  1.78525908766  -0.041104940261
0.298346048638  289  874  874.273456104  1.93047502355  0.0349830668954
0.298346048638  289  891  891.10093231  2.03462061872  0.0254759859302
0.298346048638  289  908  908.09267561  1.9911254817  0.0184734618251
0.298346048638  288  925  925.239249321  1.97713499745  0.0673368666625
0.298346048638  288  942  942.49977228  1.82588706732  0.0621674614309
0.298346048638  288  960  959.955172523  1.9536195742  0.0354132235826
0.298346048638  288  978  977.579950807  1.84797642801  0.0493662080044
0.298346048638  288  995  995.403912035  1.83839552665  0.112128676548
0.298346048638  287  1013  1013.35684856  1.89074689613  0.0538026000201
0.488858048638  288  10  10.490141968  1.18589262451  0.137419019137
0.488858048638  288  21  20.6734044934  1.24414083345  -0.0239334507955
0.488858048638  288  31  31.0854368505  1.46776381632  0.0967499424311
0.488858048638  288  41  41.4911536747  1.22929159473  0.101772086116
0.488858048638  288  52  51.8878852377  1.42753524375  -0.00553254286976
0.488858048638  288  62  62.4823814644  1.18487133943  0.111762801111
0.488858048638  288  73  73.0706817666  1.53028284119  0.0110526569932
0.488858048638  289  84  83.7811820875  1.45419861601  -0.0195433501434
0.488858048638  289  95  94.5581547372  1.20944342817  0.0244269375231
0.488858048638  289  105  105.45623012  1.31828183206  0.102035057644
0.488858048638  289  116  116.383674777  1.37149416936  0.18651383628
0.488858048638  289  127  127.356260872  1.42113527466  0.163411800256
0.488858048638  289  138  138.395628718  1.38003469261  0.125465929997
0.488858048638  289  149  149.498990113  1.21597048403  0.149317402343
0.488858048638  289  161  160.628223748  1.30376920126  -0.0308474436166
0.488858048638  290  172  172.024736627  1.54397352924  0.00652527046696
0.488858048638  290  183  183.430492485  1.33274948441  0.137263122502
0.488858048638  290  195  194.766003229  1.51742129199  -0.0636182585622
0.488858048638  290  206  206.372456508  1.44235277537  0.062513325971
0.488858048638  290  218  217.921704261  1.60223284087  0.0139089169231
0.488858048638  290  230  229.582004097  1.24513828278  -0.0437699643467
0.488858048638  290  241  241.413808316  1.54078295207  0.0740316113438
0.488858048638  290  253  253.279020329  1.58596973876  0.110407176485
0.488858048638  290  265  265.202038051  1.66194779839  0.0681071756142
0.488858048638  291  277  277.286066017  1.57520263921  0.111828196112
0.488858048638  291  289  289.392110217  1.51609544642  0.12543449531
0.488858048638  291  302  301.531414152  1.29026282031  0.0352824186726
0.488858048638  291  314  313.70899796  1.42149802913  -0.343402779877
0.488858048638  291  326  326.222369648  1.62798709986  0.0814543249986
0.488858048638  291  339  338.60821693  1.40152460619  -0.0626712455852
0.488858048638  291  351  351.250335568  1.65560256827  0.149281443649
0.488858048638  291  364  363.799062185  1.65214270717  -0.0505047981727
0.488858048638  291  377  376.559831878  1.46304927489  -0.0535188810246
0.488858048638  291  389  389.445173038  1.64338514672  0.055094399104
0.488858048638  291  402  402.37291781  1.68448801718  0.0526687643407
0.488858048638  291  415  415.392860471  1.70760422381  0.0504623824404
0.488858048638  291  429  428.509687288  1.65286063238  0.0420193464385
0.488858048638  291  442  441.69810089  1.68486163945  0.0228081994038
0.488858048638  291  455  455.049216808  1.76740796246  0.0475472768131
0.488858048638  291  468  468.481521346  1.55526626553  0.0773377294876
0.488858048638  291  482  481.994083275  1.74587462715  0.0471231801677
0.488858048638  291  496  495.607503365  1.58430978027  -0.0106488772547
0.488858048638  291  509  509.40516034  1.68229348912  0.0613111364563
0.488858048638  291  523  523.245177921  1.76796163892  0.0587260798715
0.488858048638  291  537  537.175817929  1.81314642484  0.00481488871392
0.488858048638  291  551  551.256750211  1.82838999063  0.0331510525616
0.488858048638  291  565  565.414669187  1.77333150636  0.0513985759079
0.488858048638  291  580  579.65442921  1.72212837706  -0.0025107688408
0.488858048638  291  594  594.071798673  1.82883226957  0.043894018629
0.488858048638  291  609  608.541377816  1.72153799406  0.0304455923966
0.488858048638  291  623  623.216282505  1.82243868523  0.0785480791347
0.488858048638  291  638  637.903421787  1.81743909163  0.00623835364133
0.488858048638  291  653  652.76635495  1.78981481677  -0.0258179614368
0.488858048638  291  668  667.747052929  1.76721747182  -0.0515248835289
0.488858048638  291  683  682.873987879  1.87832064596  -0.0277529458237
0.488858048638  291  698  698.131215025  1.90809152284  0.00274046924852
0.488858048638  291  713  713.486902125  1.84263455094  0.0185769964016
0.488858048638  291  729  728.936682354  1.9431716282  0.012354009162
0.488858048638  291  745  744.536027269  1.85410197931  0.0293325966244
0.488858048638  291  760  760.276654123  1.87001020739  0.0535380451949
0.488858048638  291  776  776.143916705  1.88096592866  0.0813253359337
0.488858048638  291  792  792.156712368  1.86231370504  0.0852651987377
0.488858048638  290  808  808.3081808  1.83465496016  0.0697263476025
0.488858048638  290  825  824.544279467  1.75054927711  0.000211632495644
0.488858048638  290  841  840.978466717  1.9705723616  -0.000197223728571
0.488858048638  290  858  857.534569508  1.79610981791  -0.0368103339675
0.488858048638  290  874  874.287475083  1.95095226389  0.0343347342528
0.488858048638  290  891  891.105465863  2.01142828671  0.0216909811709
0.488858048638  290  908  908.088847075  1.9845124666  0.0111037811136
0.488858048638  289  925  925.249669827  1.98519562899  0.0714033736946
0.488858048638  289  942  942.499459028  1.83076144239  0.0541465570107
0.488858048638  289  960  959.960767395  1.98129853747  0.0434044961877
0.488858048638  289  978  977.575374426  1.82443803852  0.0435466852454
0.488858048638  289  995  995.410972508  1.83542097652  0.0986870832166
0.488858048638  288  1013  1013.36075254  1.87893528613  0.0571640711589
0.679370048638  289  11  10.5468803014  1.21378074182  0.0597016380428
0.679370048638  289  21  20.7612086301  1.33630618791  -0.00994859478597
0.679370048638  289  31  31.1957072182  1.41231984818  0.133740370998
0.679370048638  289  42  41.5329933479  1.21693426423  0.0293750831081
0.679370048638  289  52  51.9981152152  1.46395642224  0.0245243226933
0.679370048638  289  63  62.5307913949  1.21218193549  0.0463428734635
0.679370048638  289  73  73.1607973554  1.51811413726  0.0317829662888
0.679370048638  290  84  83.867628202  1.45921117645  0.000127683062795
0.679370048638  290  95  94.6146766784  1.2932342384  0.00291261812016
0.679370048638  290  106  105.509105329  1.26103263849  0.0523015488322
0.679370048638  290  116  116.433833838  1.28992539441  0.175494904862
0.679370048638  290  127  127.416481406  1.36582848691  0.16617280409
0.679370048638  290  138  138.455957829  1.29661385048  0.107618060265
0.679370048638  290  150  149.543987313  1.210963092  0.0784666049503
0.679370048638  290  161  160.695077129  1.41900395967  -0.028001145152
0.679370048638  291  172  172.109660062  1.56551330482  0.0278029680327
0.679370048638  291  183  183.478473522  1.30065730867  0.127221878905
0.679370048638  291  195  194.829624763  1.56026614286  -0.0604829948182
0.679370048638  291  206  206.42403138  1.43422286503  0.0584125170626
0.679370048638  291  218  217.997153668  1.62505778533  0.0402075271691
0.679370048638  291  230  229.630187443  1.45480829627  -0.0463213466461
0.679370048638  291  241  241.459189657  1.49839068634  0.0594415199416
0.679370048638  291  253  253.332969847  1.57336801057  0.109653366775
0.679370048638  291  265  265.260366738  1.6262175224  0.0876006765565
0.679370048638  292  277  277.337512874  1.56901957907  0.0936267517486
0.679370048638  292  289  289.451934476  1.41916644784  0.143584786856
0.679370048638  292  302  301.566898937  1.27808660666  -0.00971363207673
0.679370048638  292  314  313.8397765  1.58766493499  -0.0111715067517
0.679370048638  292  326  326.285820898  1.56957809544  0.100025288913
0.679370048638  292  339  338.656763949  1.474078164  -0.070123206255
0.679370048638  292  351  351.296079781  1.62919575151  0.0769711479793
0.679370048638  292  364  363.859158749  1.64555888765  -0.0472799231152
0.679370048638  292  377  376.601659403  1.5023302693  -0.0677865505474
0.679370048638  292  389  389.48821416  1.56918735337  0.0426556116229
0.679370048638  292  402  402.418046778  1.62333838678  0.0617402850774
0.679370048638  292  415  415.444386888  1.6366769096  0.060660245527
0.679370048638  292  429  428.534954319  1.53732026077  0.0242553879932
0.679370048638  292  442  441.740283837  1.65898610807  0.0136594962309
0.679370048638  292  455  455.093695361  1.77234786046  0.0441797881642
0.679370048638  292  469  468.506544983  1.49469193424  0.0481474288402
0.679370048638  292  482  482.045970672  1.74740122559  0.0465725133714
0.679370048638  292  496  495.62204754  1.52440548938  -0.0562460620549
0.679370048638  292  509  509.436097054  1.60519355199  0.0647699133758
0.679370048638  292  523  523.283010582  1.7554058064  0.0613373845058
0.679370048638  292  537  537.225754972  1.81214692883  0.0200914712241
0.679370048638  292  551  551.297679001  1.8018774727  0.0445127625541
0.679370048638  292  565  565.449882098  1.72469020721  0.0527188170954
0.679370048638  292  580  579.687591017  1.75292490247  -0.00624671904445
0.679370048638  292  594  594.111037527  1.83158618592  0.0546570309416
0.679370048638  292  609  608.568133462  1.67911319577  0.0200453677814
0.679370048638  292  623  623.246814495  1.81747018763  0.0911277636522
0.679370048638  292  638  637.948264731  1.83291492198  0.0165844268269
0.679370048638  292  653  652.7905189  1.82196252815  -0.0316515613808
0.679370048638  292  668  667.781545104  1.79531987246  -0.0574777251072
0.679370048638  292  683  682.889268857  1.90355210274  -0.0334253829512
0.679370048638  292  698  698.161287317  1.90223811349  0.015263873859
0.679370048638  292  714  713.501871405  1.82234958334  -0.00125217243441
0.679370048638  292  729  728.957638946  1.95645545938  0.00958090011981
0.679370048638  292  745  744.550339696  1.8350234586  0.0151143627464
0.679370048638  292  760  760.311965341  1.85626451454  0.0750689493128
0.679370048638  292  776  776.186600648  1.88827745253  0.101371051682
0.679370048638  292  792  792.185697722  1.88195587632  0.0951108458856
0.679370048638  291  808  808.304136629  1.83967457915  0.0672501137215
0.679370048638  291  825  824.555748551  1.76416244937  0.00550764321253
0.679370048638  291  841  840.998759847  1.97260458956  0.00186313330883
0.679370048638  291  858  857.544339511  1.81412000445  -0.0349838495483
0.679370048638  291  874  874.287922668  1.92371874977  0.0283544262906
0.679370048638  291  891  891.115627275  2.02999987279  0.0220115672392
0.679370048638  291  908  908.109851504  1.96336988222  0.00800585384038
0.679370048638  290  925  925.251755989  1.96989953182  0.0707891767775
0.679370048638  290  943  942.513209415  1.85706335418  0.066996556739
0.679370048638  290  960  959.964438843  1.99282148458  0.0422666105759
0.679370048638  290  978  977.572817083  1.82061809526  0.0537605417769
0.679370048638  290  995  995.413035626  1.85933071558  0.113552770786
0.679370048638  289  1013  1013.36811385  1.8931051569  0.0575278708475
0.869882048638  290  11  10.5997694837  1.22014965567  0.0398667687242
0.869882048638  290  21  20.8615228172  1.43253149573  0.00243842317333
0.869882048638  290  31  31.2888490204  1.36268739903  0.156783228415
0.869882048638  290  42  41.5795075545  1.19848758451  -0.00469130459537
0.869882048638  290  52  52.1012812205  1.45284456242  0.0656437025432
0.869882048638  290  63  62.581238981  1.20728720905  0.0102105559085
0.869882048638  290  73  73.2568482151  1.46434007366  0.0624237854536
0.869882048638  291  84  83.9586004789  1.50982594213  0.0299839278054
0.869882048638  291  95  94.6934868498  1.40265818863  0.0119843240421
0.869882048638  291  106  105.539439374  1.14624445492  0.00530676197551
0.869882048638  291  116  116.486487386  1.24036191271  0.149572641773
0.869882048638  291  127  127.474142433  1.31543530047  0.153926391332
0.869882048638  291  138  138.501109967  1.23332699264  0.083799347387
0.869882048638  291  150  149.582003805  1.23499991455  0.0538959755175
0.869882048638  291  161  160.771399601  1.46680882279  -0.0222228753246
0.869882048638  292  172  172.199846104  1.52283894831  0.0533747625732
0.869882048638  292  184  183.52432526  1.26600496708  0.0515071160112
0.869882048638  292  195  194.919487548  1.59784192883  -0.024231128998
0.869882048638  292  206  206.477205427  1.29551202774  0.0422603966717
0.869882048638  292  218  218.082968171  1.61615520629  0.0630139802131
0.869882048638  292  230  229.692975566  1.4893733312  -0.055687512525
0.869882048638  292  242  241.505934785  1.41276271978  0.0244417073468
0.869882048638  292  253  253.397385046  1.50327057394  0.122854545374
0.869882048638  292  265  265.326191633  1.57569591935  0.0914775006693
0.869882048638  293  277  277.405663883  1.48725341969  0.1395588736
0.869882048638  293  289  289.491244302  1.36409614025  0.135784950956
0.869882048638  293  302  301.610882222  1.38783883999  -0.0136538816759
0.869882048638  293  314  313.912024108  1.65420762015  0.023654687975
0.869882048638  293  326  326.349156102  1.54531494226  0.126536130806
0.869882048638  293  339  338.710894839  1.54936445334  -0.0543489777279
0.869882048638  293  351  351.346573217  1.60091992947  0.0725347997737
0.869882048638  293  364  363.922276229  1.69134301076  -0.0261255253401
0.869882048638  293  377  376.637442773  1.55861364708  -0.0791111536476
0.869882048638  293  390  389.512512974  1.57496966986  0.00954098379363
0.869882048638  293  402  402.456359164  1.61171491525  0.0462925031707
0.869882048638  293  415  415.483396905  1.62549012438  0.0520733473645
0.869882048638  293  429  428.578288917  1.61635417325  0.0220216525167
0.869882048638  293  442  441.785735849  1.70289441297  0.0160359664212
0.869882048638  293  455  455.157657159  1.76966271712  0.063833607952
0.869882048638  293  469  468.532170147  1.50718931913  0.028453127483
0.869882048638  293  482  482.094939986  1.73999446964  0.061874778997
0.869882048638  293  496  495.662146179  1.60079034459  -0.0543735413693
0.869882048638  293  509  509.47022077  1.561992908  0.048823154404
0.869882048638  293  523  523.329768256  1.7116541228  0.0675363863613
0.869882048638  293  537  537.265762249  1.78390413385  0.0264871242857
0.869882048638  293  551  551.335965908  1.77258296458  0.0595009300699
0.869882048638  293  565  565.475074816  1.69925379003  0.0392829061488
0.869882048638  293  580  579.716564706  1.7470699823  -0.00987388910962
0.869882048638  293  594  594.140865152  1.81654094607  0.0572808266993
0.869882048638  293  609  608.591879788  1.6957555852  0.016429219983
0.869882048638  293  623  623.294561836  1.80119736335  0.0977907022266
0.869882048638  293  638  637.981355717  1.81810650245  0.0302938420065
0.869882048638  293  653  652.825587088  1.83099556563  -0.0170692075078
0.869882048638  293  668  667.804881226  1.80065106972  -0.0563015554475
0.869882048638  293  683  682.934181875  1.90945949058  -0.0187700188069
0.869882048638  293  698  698.179514307  1.90990925057  0.0148962040182
0.869882048638  293  714  713.519132205  1.79768881046  -0.000887334528811
0.869882048638  293  729  728.982581781  1.95660332694  0.0180080241301
0.869882048638  293  745  744.573706093  1.83306537742  0.0207773805649
0.869882048638  293  760  760.331278745  1.83817699815  0.0664807819766
0.869882048638  293  776  776.18586938  1.85282761982  0.083380648058
0.869882048638  293  792  792.195330352  1.86656026081  0.090621084906
0.869882048638  292  808  808.330328887  1.81140706743  0.0683909601922
0.869882048638  292  825  824.559499017  1.73050911656  -0.0151315294791
0.869882048638  292  841  841.010055983  1.97951817402  0.000769625006809
0.869882048638  292  858  857.563398342  1.79858885936  -0.0450672633433
0.869882048638  292  874  874.295014578  1.9285531679  0.025046820691
0.869882048638  292  891  891.139739068  2.00444779611  0.0378393188101
0.869882048638  292  908  908.126743357  1.98304883601  0.0298841749312
0.869882048638  291  925  925.257567785  1.97409954777  0.065847966456
0.869882048638  291  943  942.511048553  1.86237406538  0.0508029489154
0.869882048638  291  960  959.967912386  1.97448901706  0.0310762832187
0.869882048638  291  978  977.584158421  1.84635843882  0.0511107374561
0.869882048638  291  995  995.421946534  1.87197567773  0.0978759531237
0.869882048638  290  1013  1013.37213267  1.89747710064  0.0633916096013
1.06039404864  291  11  10.6746755448  1.2632985055  0.0800902530723
1.06039404864  291  21  20.9546465695  1.45961161689  0.0187140310892
1.06039404864  291  31  31.3656001519  1.30160808237  0.182703299703
1.06039404864  291  42  41.6383639859  1.23979156063  -0.0290393831201
1.06039404864  291  52  52.2035469886  1.4241134937  0.104018055279
1.06039404864  291  63  62.6429196409  1.31262882323  -0.0123707699869
1.06039404864  291  73  73.3395907421  1.41379133943  0.0863575827291
1.06039404864  292  84  84.0710963414  1.50352337143  0.0617401958038
1.06039404864  292  95  94.7686325555  1.45697178712  0.0082601350813
1.06039404864  292  106  105.594482591  1.19533642091  -0.0314910869023
1.06039404864  292  117  116.531392383  1.19027443643  0.0649974194716
1.06039404864  292  128  127.52107666  1.23496773681  0.0856761752638
1.06039404864  292  139  138.547359125  1.19019939325  0.0145822409456
1.06039404864  292  150  149.640086253  1.31530868582  0.0377467398386
1.06039404864  292  161  160.857432091  1.52700652004  0.00604354688197
1.06039404864  293  172  172.271899788  1.49553675494  0.0682316040705
1.06039404864  293  184  183.563036026  1.25481862883  0.0254592769579
1.06039404864  293  195  194.997435077  1.6047703464  -0.00822641494064
1.06039404864  293  207  206.519817451  1.21754763052  -0.0302769962525
1.06039404864  293  218  218.152870597  1.61205958789  0.074739886752
1.06039404864  293  230  229.755998918  1.56528467675  -0.0408149672776
1.06039404864  293  242  241.537591893  1.31899558288  -0.0260831194249
1.06039404864  293  253  253.438953427  1.46790661121  0.114509658707
1.06039404864  293  265  265.372716672  1.56205983332  0.0921098054359
1.06039404864  293  277  277.435576217  1.53684617105  0.124234709891
1.06039404864  294  290  289.528091906  1.3685930435  0.0732724404286
1.06039404864  294  302  301.674644719  1.46481827681  -0.0218376426562
1.06039404864  294  314  313.991451564  1.64664216107  0.0413825475929
1.06039404864  294  326  326.39976517  1.52114590297  0.119641433794
1.06039404864  294  339  338.767654551  1.59726860031  -0.0515308991142
1.06039404864  294  351  351.405231735  1.55697332193  0.0909704628817
1.06039404864  294  364  363.986156207  1.69787604044  -0.01407554455
1.06039404864  294  377  376.682331021  1.60111173146  -0.0805605221105
1.06039404864  294  390  389.562531696  1.55282581638  0.00621465241555
1.06039404864  294  402  402.50100963  1.5838434583  0.0373339201983
1.06039404864  294  416  415.529396872  1.63961149048  0.0363880406381
1.06039404864  294  429  428.621633881  1.63282949822  0.0108040055434
1.06039404864  294  442  441.837199108  1.72609255083  0.0307845712327
1.06039404864  294  455  455.196388864  1.74265442644  0.0618434893542
1.06039404864  294  469  468.576054541  1.57226361695  0.0233566673572
1.06039404864  294  482  482.147899133  1.72253017963  0.078936701701
1.06039404864  294  496  495.705729728  1.63716312192  -0.048028528532
1.06039404864  294  510  509.503368271  1.57105711271  0.0175642081328
1.06039404864  294  523  523.369838434  1.71135138335  0.0822654153085
1.06039404864  294  537  537.302404845  1.79280438955  0.0317950651516
1.06039404864  294  551  551.366107334  1.77505661011  0.0472156877351
1.06039404864  294  566  565.508277184  1.72744152174  0.0343676790673
1.06039404864  294  580  579.750680452  1.79788766349  -0.00979086332865
1.06039404864  294  594  594.191648389  1.79666825733  0.0623083124541
1.06039404864  294  609  608.626014664  1.71975667938  0.014109290837
1.06039404864  294  623  623.326026993  1.78314937774  0.0987064556596
1.06039404864  294  638  638.028193128  1.82337765474  0.0403505143263
1.06039404864  294  653  652.852486492  1.8237061561  -0.0182151814695
1.06039404864  294  668  667.826840545  1.82532578944  -0.0618574377023
1.06039404864  294  683  682.967156954  1.89630465096  -0.0190896498628
1.06039404864  294  698  698.214383311  1.88829670893  0.0250948502444
1.06039404864  294  714  713.539273936  1.80321454087  -0.0164111417497
1.06039404864  294  729  729.012230589  1.95240887328  0.0215884660662
1.06039404864  294  745  744.588808338  1.82853077177  0.012286817856
1.06039404864  294  760  760.355769502  1.84270397692  0.0625098735053
1.06039404864  294  776  776.229061444  1.87098877771  0.104940088341
1.06039404864  294  792  792.214215104  1.85964892194  0.0846202163922
1.06039404864  293  808  808.338537743  1.80469997015  0.0595943558823
1.06039404864  293  825  824.576681691  1.7314163619  -0.00984145934479
1.06039404864  293  841  841.0278362  1.97412320211  0.0161360220872
1.06039404864  293  858  857.575669594  1.7854094646  -0.0506546660527
1.06039404864  293  874  874.303555014  1.91578162514  0.0243792757153
1.06039404864  293  891  891.162261198  2.01929339031  0.0407321289585
1.06039404864  293  908  908.127017795  1.99811987195  0.0142691861603
1.06039404864  292  925  925.263446047  1.94891032944  0.0705272689866
1.06039404864  292  943  942.520889053  1.85794687203  0.0408888715067
1.06039404864  292  960  959.97003063  1.98249864801  0.0365234803689
1.06039404864  292  978  977.579691368  1.83447326598  0.038921389562
1.06039404864  291  995  995.412802504  1.86201719843  0.120948166572
1.06039404864  291  1013  1013.36529295  1.90124320768  0.0519496703838
1.25090604864  292  11  10.6853686427  1.35301058919  -0.0024383177084
1.25090604864  292  21  21.0744177195  1.4556053313  0.0626271661488
1.25090604864  292  31  31.4382185727  1.20184599023  0.156672087757
1.25090604864  292  42  41.717245625  1.28620364134  -0.032800215262
1.25090604864  292  52  52.3009757468  1.31600968389  0.106933950917
1.25090604864  292  63  62.7206776615  1.35697722856  -0.00397718532634
1.25090604864  292  73  73.4219406759  1.34492574151  0.0893645576086
1.25090604864  293  84  84.1711248514  1.47770969826  0.112737627493
1.25090604864  293  95  94.8601352794  1.5045674666  0.0169147497486
1.25090604864  293  106  105.666261691  1.34806413724  -0.0426706979119
1.25090604864  293  117  116.583297923  1.22503542616  0.0337831673153
1.25090604864  293  128  127.561107839  1.21805408066  0.0495195566127
1.25090604864  293  139  138.586115481  1.21307515738  -0.0311969859816
1.25090604864  293  150  149.726498994  1.43441968076  0.0475031716534
1.25090604864  293  161  160.954088336  1.54817940126  0.0417214117388
1.25090604864  294  172  172.352360845  1.40930735835  0.0929305059632
1.25090604864  294  184  183.62599717  1.34528415514  0.00820749678272
1.25090604864  294  195  195.106585551  1.6025874568  0.0296871279979
1.25090604864  294  207  206.563952239  1.21250502264  -0.0695956563751
1.25090604864  294  218  218.233394618  1.54947189819  0.0914300823395
1.25090604864  294  230  229.850058346  1.60014194432  -0.0284230963977
1.25090604864  294  242  241.600797231  1.40103043345  -0.0324258138808
1.25090604864  294  253  253.496121803  1.39644409478  0.0959085644307
1.25090604864  294  265  265.439124013  1.51686127018  0.0906201530013
1.25090604864  294  277  277.454182886  1.51471610789  0.0819316328366
1.25090604864  295  290  289.577747009  1.47303002035  0.0612001696127
1.25090604864  295  302  301.739670852  1.54513571326  -0.00327670956302
1.25090604864  295  314  314.07818549  1.64369762275  0.0756624079663
1.25090604864  295  326  326.446343399  1.45855734625  0.104065569569
1.25090604864  295  339  338.831191177  1.6252130844  -0.0393947622053
1.25090604864  295  351  351.446407031  1.54844624007  0.0751485284501
1.25090604864  295  364  364.068147574  1.70897991581  0.0195254614074
1.25090604864  295  377  376.752357774  1.64311248481  -0.0608276472035
1.25090604864  295  390  389.607873498  1.600604834  -0.000908824635458
1.25090604864  295  403  402.54621703  1.63836474149  0.0223309948549
1.25090604864  295  416  415.561286227  1.67543881336  0.0174599942875
1.25090604864  295  429  428.672721351  1.68286353323  0.0147109321497
1.25090604864  295  442  441.898072045  1.75187915707  0.0412468385606
1.25090604864  295  455  455.249685255  1.72213061821  0.0746965999041
1.25090604864  295  469  468.628092518  1.63287794602  0.0266806130294
1.25090604864  295  482  482.205931668  1.71636692059  0.0995652672904
1.25090604864  295  496  495.758082378  1.67294902647  -0.0425706059263
1.25090604864  295  510  509.527767307  1.5856219507  -0.0165854495805
1.25090604864  295  523  523.398320963  1.68478763997  0.0591686711538
1.25090604864  295  537  537.329600787  1.77238640633  0.0299329335533
1.25090604864  295  551  551.392785861  1.76805169091  0.0264790227835
1.25090604864  295  566  565.542650192  1.74682077763  0.0322729403419
1.25090604864  295  580  579.787971908  1.79667061788  -0.00398459608838
1.25090604864  295  594  594.214613529  1.79336625417  0.0574714528992
1.25090604864  295  609  608.676187904  1.752129433  0.0238416881053
1.25090604864  295  623  623.348006072  1.75923960025  0.0883513148935
1.25090604864  295  638  638.064077878  1.81454865719  0.0387265102075
1.25090604864  295  653  652.900655495  1.85478486493  -0.00342936861432
1.25090604864  295  668  667.871176395  1.83426784037  -0.0334116953669
1.25090604864  295  683  683.002260884  1.89638231451  0.0011098272637
1.25090604864  295  698  698.245683257  1.88302754073  0.0253068034831
1.25090604864  295  714  713.571866476  1.79817124208  -0.00610758187964
1.25090604864  295  729  729.049978607  1.9368342208  0.0261695994353
1.25090604864  295  745  744.620421966  1.85393923283  0.0114139854898
1.25090604864  295  760  760.373550427  1.85235538847  0.0502781909179
1.25090604864  295  776  776.249002508  1.85450041192  0.0965322243793
1.25090604864  295  792  792.24278581  1.84463068642  0.0771767307377
1.25090604864  294  808  808.356291826  1.79444354197  0.0556585379187
1.25090604864  294  825  824.599834946  1.77851226507  -0.00833886985727
1.25090604864  294  841  841.059003091  1.96002505443  0.0208397244405
1.25090604864  294  858  857.594097805  1.80519011426  -0.0483651906166
1.25090604864  294  874  874.339099131  1.90592653242  0.0302175388926
1.25090604864  294  891  891.178143321  1.98757134692  0.0357607897794
1.25090604864  294  908  908.133600686  1.96750877683  0.0133195125429
1.25090604864  293  925  925.290814712  1.96086928668  0.0712250049216
1.25090604864  293  943  942.541575503  1.86391304707  0.0467448113801
1.25090604864  293  960  960.004202621  1.97584884547  0.0519955576153
1.25090604864  293  978  977.607507773  1.86486554402  0.0447055887341
1.25090604864  292  995  995.426254685  1.86543453782  0.0982905481423
1.25090604864  292  1013  1013.38715263  1.88712065424  0.0639946684664
1.44141804864  292  11  10.7886722445  1.44267287677  0.12400602524
1.44141804864  293  21  21.1171662525  1.43319476385  0.0595876295339
1.44141804864  293  31  31.4762270401  1.20174990677  0.171462247299
1.44141804864  293  42  41.7839088327  1.33852938893  -0.0220937899516
1.44141804864  293  52  52.3651662142  1.27443062724  0.111923250251
1.44141804864  293  63  62.8066829209  1.4359842375  0.007902922449
1.44141804864  293  73  73.4765084845  1.24489767817  0.0822529056924
1.44141804864  294  84  84.2481557311  1.37272437363  0.254460030087
1.44141804864  294  95  94.93100733  1.53055443756  0.0431650558322
1.44141804864  294  106  105.709857973  1.3595779244  -0.057150409742
1.44141804864  294  117  116.637621633  1.3474946339  0.00986596429439
1.44141804864  294  128  127.619147444  1.26962798111  0.0419978774689
1.44141804864  294  139  138.653973992  1.35673304661  -0.0387444517447
1.44141804864  294  150  149.811685249  1.49936634838  0.0596364559227
1.44141804864  294  161  161.036539294  1.57658348102  0.0453070083106
1.44141804864  295  172  172.392522166  1.33148432006  0.0812750909783
1.44141804864  295  184  183.673525286  1.39348243427  -0.000509137199709
1.44141804864  295  195  195.16224923  1.57594867097  0.0212549814305
1.44141804864  295  207  206.615462886  1.3437932554  -0.0990429647007
1.44141804864  295  218  218.296176399  1.53060379826  0.0981090497368
1.44141804864  295  230  229.91566153  1.61543707145  -0.0156684033749
1.44141804864  295  242  241.665999647  1.50506330073  -0.0303900579834
1.44141804864  295  254  253.539721041  1.4895429217  0.053009707882
1.44141804864  295  265  265.479662855  1.49809931598  0.0701634286895
1.44141804864  295  277  277.501379236  1.50854185396  0.0780504052725
1.44141804864  296  290  289.616622353  1.40526906602  0.0245725331389
1.44141804864  296  302  301.792900885  1.56498826387  -0.00596795603713
1.44141804864  296  314  314.131692388  1.58415198  0.0925810362186
1.44141804864  296  326  326.486271918  1.29358915599  0.0935918229412
1.44141804864  296  339  338.903272166  1.64896415539  -0.0241037709534
1.44141804864  296  351  351.494066925  1.38717931235  0.0683978265936
1.44141804864  296  364  364.132466185  1.65697142692  0.0327213482857
1.44141804864  296  377  376.796013758  1.64490489523  -0.070035711365
1.44141804864  296  390  389.647038434  1.60251694958  -0.0164475428522
1.44141804864  296  403  402.577255744  1.60620902597  -0.0191603142792
1.44141804864  296  416  415.604789827  1.60886756905  -0.00269297150325
1.44141804864  296  429  428.709519233  1.69684961131  -0.00627405458856
1.44141804864  296  442  441.9557655  1.73305958556  0.0465803194183
1.44141804864  296  455  455.305139883  1.70817646504  0.0894874483288
1.44141804864  296  469  468.666302085  1.63929760863  0.00336408477753
1.44141804864  296  482  482.263427475  1.66189186075  0.110640411553
1.44141804864  296  496  495.802004949  1.69151154011  -0.0394247919407
1.44141804864  296  510  509.560950558  1.54611329889  -0.0121191809018
1.44141804864  296  523  523.447105515  1.62491162829  0.0653251484154
1.44141804864  296  537  537.38233103  1.69481740914  0.0327267882132
1.44141804864  296  551  551.448770359  1.73015603062  0.0475161511744
1.44141804864  296  566  565.577910144  1.73224757625  0.00921234289342
1.44141804864  296  580  579.838336781  1.81615979239  -0.00274638698521
1.44141804864  296  594  594.268650622  1.7878243294  0.0713016868403
1.44141804864  296  609  608.702662591  1.76865514143  0.0100866727573
1.44141804864  296  623  623.386050461  1.73182005433  0.0956953517891
1.44141804864  296  638  638.120786402  1.81527728003  0.0697257946337
1.44141804864  296  653  652.948669908  1.84633289636  0.00745937255484
1.44141804864  296  668  667.924359042  1.83135513988  -0.0151710518624
1.44141804864  296  683  683.043705957  1.88599964556  0.00636983938577
1.44141804864  296  698  698.293614992  1.82073886647  0.0396356073096
1.44141804864  296  714  713.607049398  1.78097933582  -0.00689167061948
1.44141804864  296  729  729.092761076  1.93693110734  0.034264984007
1.44141804864  296  745  744.639805484  1.84032756778  -0.000399500102719
1.44141804864  296  760  760.398375563  1.81306876016  0.0598037656986
1.44141804864  296  776  776.263390671  1.84045493327  0.0978310022964
1.44141804864  296  792  792.259130926  1.84266051498  0.0937710432634
1.44141804864  295  808  808.375521839  1.81608082103  0.047939607096
1.44141804864  295  825  824.619658898  1.82268983553  -0.00915095916759
1.44141804864  295  841  841.088338189  1.94412975611  0.0325303212238
1.44141804864  295  858  857.613061744  1.81693505951  -0.0332649034099
1.44141804864  295  874  874.343537495  1.88039398147  0.0366343156207
1.44141804864  295  891  891.176190557  1.96653764439  0.0339322199164
1.44141804864  294  908  908.247613068  1.59610842084  -0.14206430786
1.44141804864  294  925  925.305810103  1.95457938868  0.0624469428281
1.44141804864  294  943  942.554850225  1.88486500922  0.0294351566718
1.44141804864  294  960  960.010439806  1.95784660975  0.0463125376205
1.44141804864  294  978  977.596998588  1.8564398726  0.0505959323019
1.44141804864  293  995  995.436401528  1.89246752518  0.0688068227978
1.44141804864  293  1013  1013.38296694  1.87719843779  0.0597598185375
