# Band 1C   Etalon 1A   Slice 20
# Distortion map version 06.04.00 - date 2018-10-04
# Trace (isoalpha): Take pixel trace along specified slice, specified alpha position trace is built by taking the pixel in every detector row with alpha value closest to the one specified 
# xpos[i] = np.argmin(alpha_img[i,:])+funcs.find_nearest(alpha_img[i,:][(slice_img[i,:]!=0)],alpha_pos)
#    alpha       x  y      center         FWHM          skewness
0.0  99  7  7.3011028136  1.43789652501  0.0918448513578
0.0  99  18  17.6525755355  1.39421212064  -0.0217481997105
0.0  99  28  28.272161329  1.46225208535  0.123775056605
0.0  99  39  38.7497245498  1.4603577072  -0.0748697792808
0.0  100  49  49.4498516527  1.28314354833  0.0883754825499
0.0  100  60  60.1866011108  1.53343194921  0.063175363263
0.0  100  71  70.9439919269  1.5841106866  -0.034104523801
0.0  100  82  81.8318474139  1.56639527255  0.00129830732731
0.0  100  93  92.7587378459  1.52988689942  -0.0299673072681
0.0  100  104  103.811562856  1.53762328186  -0.0164016541537
0.0  100  115  114.949484363  1.61938782669  0.0629156688424
0.0  100  126  126.169611283  1.58691400938  0.0978023217857
0.0  101  137  137.367745165  1.44219342143  0.11009461897
0.0  101  149  148.619693535  1.39036085855  0.019250724784
0.0  101  160  160.08945261  1.61193319251  0.0434600042079
0.0  101  172  171.537889694  1.24521000192  -0.0369376756462
0.0  101  183  183.159596573  1.59205850054  0.0914671718126
0.0  101  195  194.731301957  1.5092853368  -0.070128856018
0.0  101  207  206.511342723  1.25867722052  -0.0125051895715
0.0  101  218  218.378199656  1.48712454004  0.10008572515
0.0  101  230  230.276973013  1.59663017521  0.0712347656579
0.0  101  242  242.267361991  1.60417127111  0.07620416279
0.0  102  254  254.289483128  1.55568046485  0.116665741167
0.0  102  266  266.422050136  1.46500314416  0.0985084420198
0.0  102  279  278.591403492  1.48222222557  -0.000735224181365
0.0  102  291  290.962957877  1.69297880658  0.059693882832
0.0  102  303  303.413364544  1.49332768916  0.12010530127
0.0  102  316  315.841973591  1.64097855792  0.0153856781692
0.0  102  328  328.47668262  1.37230281672  0.117076502924
0.0  102  341  341.154092346  1.66902815182  0.0648023418491
0.0  102  354  353.903058055  1.67590181158  0.00755919630069
0.0  102  367  366.754411545  1.64684615238  -0.0273383397556
0.0  102  380  379.717675282  1.60574788335  -0.0388317871819
0.0  102  393  392.786774014  1.68685661491  -0.0349582833431
0.0  102  406  405.992043849  1.75526171307  0.0192174459898
0.0  102  419  419.283917753  1.72413610885  0.0606286140886
0.0  102  433  432.595053415  1.66520908846  -0.00154813430428
0.0  102  446  446.092765289  1.73242115702  0.0721095454335
0.0  102  460  459.619990032  1.65380052982  0.0275701563254
0.0  102  473  473.322725288  1.68679993827  0.0975364544001
0.0  102  487  487.070071072  1.75041496902  0.0898102637349
0.0  102  501  500.914819413  1.76070328081  0.0340118576108
0.0  102  515  514.871352978  1.74651715572  -0.0272348192442
0.0  102  529  528.987593143  1.77151970973  0.0292329179047
0.0  102  543  543.232462498  1.75078786788  0.0733522961954
0.0  102  558  557.517913255  1.63514001774  0.0200149423483
0.0  102  572  571.918549565  1.81368091371  -0.00797723785675
0.0  102  586  586.474084711  1.71473637342  0.0385957260477
0.0  102  601  601.129065603  1.85773590665  0.0400016326153
0.0  102  616  615.85389213  1.83149316427  0.0281833973587
0.0  102  631  630.698758297  1.76989196067  0.0136415430286
0.0  102  646  645.684505118  1.75089353712  0.0270541254297
0.0  102  661  660.780976438  1.78676872314  0.0135960928087
0.0  102  676  676.071225162  1.83321156233  0.0720502072957
0.0  102  691  691.428796769  1.7078860849  0.0667108452344
0.0  102  707  706.864775882  1.86194537383  -0.013572864989
0.0  102  723  722.512947355  1.67972703913  0.0140638417902
0.0  102  738  738.267319628  1.84339730797  0.0168148880045
0.0  102  754  754.148444645  1.89456466462  0.0426326713225
0.0  102  770  770.147988882  1.89737398439  0.0616215053536
0.0  102  786  786.254070607  1.84715906026  0.0552507395074
0.0  102  802  802.48864679  1.72502647961  0.0512175654846
0.0  102  819  818.869949862  1.90694927114  0.0364935115849
0.0  101  836  835.544087368  1.60342644927  0.0161402115455
0.0  101  852  852.281247327  1.7946648703  0.0873772323394
0.0  101  869  869.124486941  1.91576283096  0.0610073460528
0.0  101  886  886.101820495  1.90832644283  0.0044308523476
0.0  101  903  903.261568208  1.91679830886  0.0335194132732
0.0  101  921  920.511547856  1.81616447664  0.0100942404577
0.0  101  938  937.897479365  1.9475755554  -0.0624321702231
0.0  100  956  955.645612049  2.00440601818  0.0543790987272
0.0  100  973  973.375466237  1.85929074646  0.0991593710108
0.0  100  991  991.261074816  1.93441181597  0.104287462168
0.0  100  1009  1009.31633841  1.88287326275  0.103223070482
-1.47527750884  91  8  7.59920110863  1.35518039756  -0.0150077473249
-1.47527750884  91  18  18.1326117721  1.53972298512  0.0880711545449
-1.47527750884  92  29  28.5372761236  1.30888528704  -0.0750363183592
-1.47527750884  92  39  39.2103223705  1.53400164398  0.0517202284047
-1.47527750884  92  50  49.8063015908  1.52128852455  -0.0195467208524
-1.47527750884  92  61  60.5532269386  1.27094588742  -0.0276773966272
-1.47527750884  92  71  71.4375023187  1.37297857565  0.0752845625288
-1.47527750884  92  82  82.344812529  1.43163700141  0.122491752313
-1.47527750884  92  93  93.3085963976  1.50883975263  0.109139604326
-1.47527750884  92  104  104.352865359  1.44649088366  0.0965538117364
-1.47527750884  93  115  115.413098345  1.37226380376  0.155132861489
-1.47527750884  93  127  126.535222557  1.2547462744  0.0225578442075
-1.47527750884  93  138  137.785225045  1.57303941942  -0.0173373190111
-1.47527750884  93  149  149.210540856  1.56380186777  0.148838574248
-1.47527750884  93  161  160.553447877  1.29498595824  -0.0142643671277
-1.47527750884  93  172  172.09231944  1.59821026722  0.0295044493558
-1.47527750884  93  184  183.617404818  1.45063148045  -0.0180486825138
-1.47527750884  93  195  195.362666417  1.51490960311  0.0613045735953
-1.47527750884  93  207  207.063448096  1.63843883545  -0.0171663099812
-1.47527750884  93  219  218.87775772  1.60917868574  0.000764856073781
-1.47527750884  94  231  230.688688206  1.53921026457  -0.0450337273535
-1.47527750884  94  243  242.695859053  1.52965662439  -0.051084931454
-1.47527750884  94  255  254.783093412  1.6227932366  -0.00115901409841
-1.47527750884  94  267  266.97879776  1.66311873613  0.0234193752669
-1.47527750884  94  279  279.274115371  1.62621645459  0.100014169172
-1.47527750884  94  292  291.557586934  1.36785320023  0.0479672087315
-1.47527750884  94  304  304.004255569  1.65261322539  0.0760860426922
-1.47527750884  94  316  316.500376508  1.27521187143  0.0940592352452
-1.47527750884  94  329  329.128618291  1.64292926057  0.0933271457517
-1.47527750884  94  342  341.757317784  1.57741368339  -0.0115922814687
-1.47527750884  94  355  354.550585506  1.33917297955  -0.0140062344903
-1.47527750884  94  367  367.489607607  1.48063254237  0.0894308302678
-1.47527750884  94  380  380.474202243  1.50103128048  0.0443367300711
-1.47527750884  94  394  393.533671563  1.54227136373  0.0190553520134
-1.47527750884  95  407  406.603209856  1.64212448201  0.0290842230432
-1.47527750884  95  420  419.868369006  1.72224958032  0.0046158707288
-1.47527750884  95  433  433.287128386  1.7204486954  0.0628008981278
-1.47527750884  95  447  446.71515172  1.69781183902  0.0373660807619
-1.47527750884  95  460  460.31309518  1.67845148544  0.0915403095137
-1.47527750884  95  474  473.948978673  1.74737137215  0.0353887988125
-1.47527750884  95  488  487.715567749  1.67987741042  0.0417046643284
-1.47527750884  95  502  501.590873604  1.58244426336  0.0381801863486
-1.47527750884  95  516  515.570983885  1.46047921722  -0.0122245411332
-1.47527750884  95  530  529.660821368  1.58678101125  -0.0127721125779
-1.47527750884  95  544  543.894649233  1.74240005064  0.0103004134108
-1.47527750884  95  558  558.251904654  1.72769120488  0.0420681028933
-1.47527750884  95  573  572.644198361  1.7140292852  -0.0176005179541
-1.47527750884  95  587  587.243310529  1.80620377654  0.0587063569201
-1.47527750884  95  602  601.868979444  1.8173790535  0.0263156091658
-1.47527750884  95  617  616.619782902  1.75368785496  0.0107259908914
-1.47527750884  95  632  631.512822075  1.72249975134  0.058160667963
-1.47527750884  95  646  646.503699002  1.62815368877  0.0715610389243
-1.47527750884  95  662  661.601700436  1.66640426687  0.0443405113426
-1.47527750884  94  677  676.991063059  1.82615677548  0.0623359369112
-1.47527750884  94  692  692.386030521  1.67159022904  0.0840924961787
-1.47527750884  94  708  707.820832131  1.78605194548  -0.00187910364442
-1.47527750884  94  723  723.499365238  1.67225219024  0.0505867655532
-1.47527750884  94  739  739.268405829  1.84709697343  0.0414279966245
-1.47527750884  94  755  755.142103996  1.90405715251  0.0438299744718
-1.47527750884  94  771  771.156315063  1.8934293728  0.0621579926866
-1.47527750884  94  787  787.290582195  1.87774542089  0.0669206933375
-1.47527750884  94  804  803.522867706  1.75591001899  0.0421959454037
-1.47527750884  94  820  819.932310014  1.8993907858  0.0709115870398
-1.47527750884  94  836  836.474936831  1.61697753299  0.0565954773261
-1.47527750884  93  853  853.368962623  1.77185876218  0.105744673523
-1.47527750884  93  870  870.222013965  1.8240284176  0.1027876702
-1.47527750884  93  887  887.207549836  1.89628941181  0.0339411157864
-1.47527750884  93  904  904.355383624  1.82701011521  0.0163131003825
-1.47527750884  93  922  921.612910519  1.83750236991  -0.00620161562416
-1.47527750884  93  939  939.079943344  1.97413131172  0.0212908694007
-1.47527750884  93  957  956.637352915  2.08462858861  -0.0640297458728
-1.47527750884  92  975  974.508872985  1.83947737702  0.0284341799072
-1.47527750884  92  992  992.422003719  1.7931008314  0.092151882497
-1.47527750884  92  1010  1010.45296789  1.76787490526  0.0627034442162
-1.29534950884  92  8  7.57899511371  1.33596344124  0.0926592397358
-1.29534950884  92  18  18.0680376928  1.55123980614  0.0619793455401
-1.29534950884  92  29  28.5398765595  1.30117394453  -0.0116710012909
-1.29534950884  93  39  39.1209488929  1.58271322602  0.0127379654683
-1.29534950884  93  50  49.7421645561  1.51357156666  -0.028842529217
-1.29534950884  93  61  60.5115332753  1.2497038324  -0.00379408115215
-1.29534950884  93  71  71.37599191  1.451634814  0.057417687628
-1.29534950884  93  82  82.2823500154  1.5314455785  0.103494808454
-1.29534950884  93  93  93.236080115  1.57803773546  0.0795639003794
-1.29534950884  93  104  104.292096006  1.50724408059  0.10496804561
-1.29534950884  93  115  115.410548544  1.39966949083  0.148047631722
-1.29534950884  94  126  126.495767006  1.2419038081  0.0608662354964
-1.29534950884  94  138  137.713598601  1.50086815481  -0.0181967552705
-1.29534950884  94  149  149.136955183  1.60085567791  0.136265631857
-1.29534950884  94  161  160.504740251  1.27249139203  0.00431166579521
-1.29534950884  94  172  171.997998105  1.60573663763  -0.0138115540604
-1.29534950884  94  184  183.56659922  1.30127822193  0.00354213629016
-1.29534950884  94  195  195.292504988  1.5660239641  0.0501339916926
-1.29534950884  94  207  206.972164442  1.64378953588  -0.0369202145124
-1.29534950884  94  219  218.790065187  1.58706731232  -0.0173746682381
-1.29534950884  95  231  230.624976587  1.45132195423  -0.0315985645088
-1.29534950884  95  243  242.628475055  1.50029631027  -0.0301276698419
-1.29534950884  95  255  254.70701933  1.60233321917  -0.00393320109538
-1.29534950884  95  267  266.886099642  1.66708570136  0.00676866926909
-1.29534950884  95  279  279.184238306  1.66306904184  0.0706972996188
-1.29534950884  95  291  291.500107454  1.35089546655  0.11120910611
-1.29534950884  95  304  303.890849164  1.65205483845  0.0326175071173
-1.29534950884  95  316  316.447306465  1.4348700661  0.116932737104
-1.29534950884  95  329  329.021721709  1.68125789684  0.0641419399161
-1.29534950884  95  342  341.664272923  1.50775522247  -0.0158808792925
-1.29534950884  95  355  354.499993049  1.38084794648  0.041561412236
-1.29534950884  95  367  367.413064424  1.56875953307  0.0968042584162
-1.29534950884  95  380  380.383869466  1.60045877816  0.0621490275729
-1.29534950884  95  393  393.456318656  1.61973529807  0.0453635870072
-1.29534950884  95  407  406.603314628  1.64302994181  0.0284293072093
-1.29534950884  96  420  419.736354158  1.65502950999  -0.112766385941
-1.29534950884  96  433  433.180122194  1.73228969111  0.0545782510975
-1.29534950884  96  447  446.596762369  1.63143524985  0.000680026445757
-1.29534950884  96  460  460.234868796  1.68084191223  0.106888132032
-1.29534950884  96  474  473.834527964  1.71800158324  0.0209704804204
-1.29534950884  96  488  487.600553563  1.54753780829  0.0346764550143
-1.29534950884  96  502  501.507517401  1.44218032191  0.0740360200803
-1.29534950884  96  515  515.504315356  1.4319160477  0.0560706946861
-1.29534950884  96  530  529.565529493  1.43628629451  -0.00795989335836
-1.29534950884  96  544  543.763252575  1.69373595425  -0.0176084565989
-1.29534950884  96  558  558.138770492  1.78163201223  0.0277817780506
-1.29534950884  96  573  572.54500354  1.65864701043  0.00731830262565
-1.29534950884  96  587  587.121074799  1.84091859077  0.0505740129704
-1.29534950884  96  602  601.744922835  1.79395282854  0.00477392270887
-1.29534950884  96  617  616.51069781  1.6858043593  0.029998924306
-1.29534950884  96  631  631.431810579  1.72807885702  0.0997202368436
-1.29534950884  96  646  646.419467739  1.66942813051  0.112611962403
-1.29534950884  95  662  661.601700436  1.66640426687  0.0443405113426
-1.29534950884  95  677  676.845742389  1.81252339759  0.0360433570088
-1.29534950884  95  692  692.26242378  1.73890434517  0.0801028988731
-1.29534950884  95  708  707.68947764  1.72943665157  -0.0141269943272
-1.29534950884  95  723  723.397449857  1.75188722198  0.0712612483136
-1.29534950884  95  739  739.121993671  1.89362104868  0.00847227297116
-1.29534950884  95  755  754.984696377  1.9078517859  0.0144761231449
-1.29534950884  95  771  771.010152717  1.903393321  0.0358556434126
-1.29534950884  95  787  787.142582506  1.92414896526  0.0417610208201
-1.29534950884  95  803  803.423011255  1.81397402443  0.08247505056
-1.29534950884  95  820  819.783744401  1.88094466422  0.0469108855061
-1.29534950884  95  836  836.365485429  1.75266229065  0.0751413984812
-1.29534950884  94  853  853.21450617  1.85230038374  0.084830274888
-1.29534950884  94  870  870.054454953  1.89423262566  0.0660716151557
-1.29534950884  94  887  887.04378279  1.92520108912  0.00364453991676
-1.29534950884  94  904  904.202669061  1.89913736679  0.0192751562984
-1.29534950884  94  921  921.493496551  1.77952786338  0.0354456710074
-1.29534950884  94  939  938.911314061  1.96120183848  -0.00165934450329
-1.29534950884  93  957  956.611955099  1.87441762231  -0.0179865109273
-1.29534950884  93  974  974.397653681  1.81363628725  0.076392511683
-1.29534950884  93  992  992.284843836  1.89374206356  0.0989919460748
-1.29534950884  93  1010  1010.33744602  1.84810934651  0.0898820245259
-1.11542150884  93  8  7.52602970311  1.25359230906  0.00789380016935
-1.11542150884  93  18  17.9995417549  1.55819130218  0.0430185200941
-1.11542150884  93  29  28.5069527239  1.25910641488  0.00754099140379
-1.11542150884  94  39  39.052248189  1.58437096294  -0.00612083588188
-1.11542150884  94  50  49.6933470311  1.42758117512  -0.041856077559
-1.11542150884  94  60  60.4805529782  1.240886794  0.0651222757111
-1.11542150884  94  71  71.3178005819  1.52370620028  0.0534558514565
-1.11542150884  94  82  82.2201658493  1.53499075179  0.0956803653466
-1.11542150884  94  93  93.1606157715  1.60311404362  0.0570547584892
-1.11542150884  94  104  104.233822884  1.51336272412  0.0967710382413
-1.11542150884  94  115  115.3629988  1.45427874523  0.15599429169
-1.11542150884  95  126  126.455136655  1.3163193172  0.116880651114
-1.11542150884  95  138  137.650259633  1.44986370914  -0.0288048120434
-1.11542150884  95  149  149.051220324  1.62758548981  0.110926323689
-1.11542150884  95  160  160.463203141  1.31332066801  0.0813039086454
-1.11542150884  95  172  171.909704406  1.60664247041  -0.0326364748689
-1.11542150884  95  184  183.515090613  1.28184265627  0.0294566671373
-1.11542150884  95  195  195.199717636  1.62310762764  0.0223688645805
-1.11542150884  95  207  206.886566215  1.61077815502  -0.0711737554779
-1.11542150884  95  219  218.712305111  1.52681164824  -0.0285667378002
-1.11542150884  95  231  230.615716613  1.41728629568  -0.057546749926
-1.11542150884  96  243  242.554187076  1.34869522315  -0.0372663364061
-1.11542150884  96  255  254.626590869  1.50429244551  -0.0113241631502
-1.11542150884  96  267  266.788085771  1.6110230619  -0.0171469453047
-1.11542150884  96  279  279.092220493  1.66940586094  0.0582712894836
-1.11542150884  96  291  291.447817561  1.41544159638  0.136781995242
-1.11542150884  96  304  303.786227943  1.60455385907  -0.0070024213447
-1.11542150884  96  316  316.380398329  1.48062647452  0.137261053673
-1.11542150884  96  329  328.917711663  1.67052783177  0.0412476586743
-1.11542150884  96  342  341.587367352  1.34845948075  -0.0068304212254
-1.11542150884  96  354  354.446758104  1.44098715848  0.100826482295
-1.11542150884  96  367  367.334996895  1.62233085697  0.0983243931994
-1.11542150884  96  380  380.29789454  1.63236214668  0.0599117041635
-1.11542150884  96  393  393.375716795  1.63348741525  0.0658909408405
-1.11542150884  96  407  406.516143412  1.53838575193  0.0214498570026
-1.11542150884  96  420  419.761892917  1.69004177571  -0.0145047772762
-1.11542150884  96  433  433.180122194  1.73228969111  0.0545782510975
-1.11542150884  97  447  446.530721872  1.60641399495  0.0521119329279
-1.11542150884  97  460  460.118271574  1.73034425634  0.0804730667929
-1.11542150884  97  474  473.727890575  1.66882202116  0.000152465965967
-1.11542150884  97  488  487.527059721  1.54366763405  0.0733963164377
-1.11542150884  97  501  501.440892498  1.54951780451  0.128685313918
-1.11542150884  97  515  515.429151738  1.57489651275  0.0854674626669
-1.11542150884  97  529  529.502391134  1.4372122856  0.0717227245767
-1.11542150884  97  544  543.662519217  1.61900240781  -0.0247903250399
-1.11542150884  97  558  558.016268478  1.78190386482  0.00313804568474
-1.11542150884  97  572  572.466718137  1.67908860563  0.037094622885
-1.11542150884  97  587  586.994117087  1.85522621016  0.0258751158505
-1.11542150884  97  602  601.644507183  1.73899479794  0.00569412052415
-1.11542150884  97  616  616.420349136  1.70231243719  0.0652033452612
-1.11542150884  96  631  631.414726838  1.86014736821  0.118225309963
-1.11542150884  96  646  646.412716328  1.67587024487  0.100271032486
-1.11542150884  96  662  661.503963255  1.5750595432  0.0741521868532
-1.11542150884  96  677  676.69876035  1.7299104515  0.0108050669927
-1.11542150884  96  692  692.120461775  1.82270791511  0.048984187086
-1.11542150884  96  708  707.578041113  1.60150422141  -0.00671968768038
-1.11542150884  96  723  723.26441586  1.80794268124  0.0587806243778
-1.11542150884  96  739  738.975084104  1.92603612007  -0.0175930329812
-1.11542150884  96  755  754.845699552  1.89038570564  -0.0105451550556
-1.11542150884  96  771  770.859564881  1.90748242601  0.0107484589594
-1.11542150884  96  787  786.994797422  1.92486878105  0.0252741805109
-1.11542150884  96  803  803.310529984  1.86653066659  0.10359591443
-1.11542150884  96  820  819.639834051  1.7839540542  0.0307704112078
-1.11542150884  95  836  836.336511035  1.96164448368  0.138607983953
-1.11542150884  95  853  853.053054119  1.87572678674  0.0394433780572
-1.11542150884  95  870  869.902626675  1.84946286239  0.0409096132208
-1.11542150884  95  887  886.871506426  1.91651117479  -0.0360362318433
-1.11542150884  95  904  904.0440694  1.93041787858  -0.00114419578204
-1.11542150884  95  921  921.359790953  1.86022994124  0.0452060098129
-1.11542150884  95  939  938.754552647  1.93894321711  -0.0255499780436
-1.11542150884  94  956  956.4868424  1.83758475487  0.0111653968084
-1.11542150884  94  974  974.254587734  1.90312585747  0.0900283190608
-1.11542150884  94  992  992.122784906  1.95666416778  0.0829397381247
-1.11542150884  94  1010  1010.17912728  1.94790197246  0.0824636143718
-0.935493508844  94  7  7.49818374339  1.24047436853  0.0736169239123
-0.935493508844  94  18  17.9354955851  1.54870993822  0.0248838774784
-0.935493508844  94  28  28.4753637643  1.19544133684  0.102063103812
-0.935493508844  95  39  39.0247397119  1.5499749052  0.0115426561197
-0.935493508844  95  50  49.6291961415  1.3978188006  -0.0443216920951
-0.935493508844  95  60  60.432327708  1.36260657021  0.0731492456584
-0.935493508844  95  71  71.252830227  1.54881858346  0.0451816511779
-0.935493508844  95  82  82.1533419364  1.58858973411  0.0757465009006
-0.935493508844  95  93  93.0898519586  1.61965961212  0.0449346467046
-0.935493508844  95  104  104.16767499  1.579328392  0.0812723795618
-0.935493508844  95  115  115.290971905  1.52446101798  0.145683269147
-0.935493508844  95  126  126.453080111  1.36021096193  0.0877860131677
-0.935493508844  96  138  137.589508566  1.33839457771  -0.0255868621755
-0.935493508844  96  149  148.974757495  1.64002350425  0.0748425159077
-0.935493508844  96  160  160.412868612  1.36083589432  0.088782644409
-0.935493508844  96  172  171.83763237  1.55969223036  -0.03800700948
-0.935493508844  96  183  183.481781303  1.30194403059  0.101791488693
-0.935493508844  96  195  195.120525654  1.66047237819  0.00764659103118
-0.935493508844  96  207  206.79358366  1.57552147071  -0.0754599105121
-0.935493508844  96  219  218.635044003  1.44391410477  -0.0278131136416
-0.935493508844  96  231  230.560857307  1.32330895127  -0.0376674261517
-0.935493508844  97  243  242.510539084  1.25923586014  -0.0177182065494
-0.935493508844  97  255  254.5658512  1.4297012057  0.0123974490787
-0.935493508844  97  267  266.71102901  1.56167004815  -0.0228440667456
-0.935493508844  97  279  278.996897902  1.67634417325  0.0353918380914
-0.935493508844  97  291  291.374787371  1.52010055988  0.139950699366
-0.935493508844  97  304  303.701839164  1.53115131  -0.00973081433309
-0.935493508844  97  316  316.303187293  1.58158291604  0.130764390446
-0.935493508844  97  329  328.820376084  1.65970866003  0.0188250487608
-0.935493508844  97  342  341.532752216  1.31261174288  0.0202948529261
-0.935493508844  97  354  354.364349363  1.55322910169  0.101263325324
-0.935493508844  97  367  367.245928616  1.66881032675  0.08224768256
-0.935493508844  97  380  380.194807961  1.70464753634  0.0343072908624
-0.935493508844  97  393  393.277033072  1.70125186315  0.0582598535813
-0.935493508844  97  406  406.443888378  1.59776656188  0.0616442540593
-0.935493508844  97  420  419.6693716  1.6352348301  -0.0099291151146
-0.935493508844  97  433  433.075805901  1.75997766247  0.0338322370186
-0.935493508844  97  447  446.530721872  1.60641399495  0.0521119329279
-0.935493508844  97  460  460.118686956  1.72995373259  0.0829681387222
-0.935493508844  98  474  473.663197643  1.72476251237  0.0646817729382
-0.935493508844  98  487  487.458418926  1.55855368872  0.112283700601
-0.935493508844  98  501  501.347028507  1.64396368478  0.121842553971
-0.935493508844  98  515  515.335991795  1.68344598011  0.0843804255856
-0.935493508844  98  529  529.421231179  1.60782335816  0.0957886967185
-0.935493508844  98  544  543.577777364  1.52259028852  0.0065226274822
-0.935493508844  98  558  557.888395081  1.76817351636  -0.0130324460662
-0.935493508844  98  572  572.367445486  1.71331376966  0.0599269822598
-0.935493508844  98  587  586.871093284  1.83347356466  0.00803416419436
-0.935493508844  98  602  601.540693828  1.72193038135  0.0279224179881
-0.935493508844  97  616  616.420349136  1.70231243719  0.0652033452612
-0.935493508844  97  631  631.324957732  1.76280116352  0.111735754951
-0.935493508844  97  646  646.308414609  1.71176057  0.107966200467
-0.935493508844  97  661  661.417556933  1.6539943738  0.125681506933
-0.935493508844  97  677  676.589194224  1.59676028335  0.00987170180221
-0.935493508844  97  692  691.976610093  1.84334847136  0.0160709182267
-0.935493508844  97  707  707.492456738  1.59058691521  0.0521276051332
-0.935493508844  97  723  723.13016232  1.87984002989  0.0381341745289
-0.935493508844  97  739  738.832396302  1.87492192985  -0.0358244467169
-0.935493508844  97  755  754.708469519  1.83100682204  -0.0278796431122
-0.935493508844  97  771  770.726423815  1.85753574301  0.00263491319326
-0.935493508844  97  787  786.83892522  1.89038754655  -0.00474839926553
-0.935493508844  97  803  803.179729437  1.90373458782  0.0910809625176
-0.935493508844  97  820  819.527282121  1.69124260421  0.0664236909038
-0.935493508844  96  836  836.244330554  1.8291156246  0.0879975421416
-0.935493508844  96  853  852.875531896  1.88756240417  -0.00244138572848
-0.935493508844  96  870  869.732957239  1.7954432315  0.0042432540062
-0.935493508844  96  887  886.720860257  1.84049447949  -0.0565562108216
-0.935493508844  96  904  903.874930466  1.92574762777  -0.03303812903
-0.935493508844  96  921  921.216458767  1.93979280146  0.056431084574
-0.935493508844  96  939  938.603603204  1.87606616594  -0.00990986082925
-0.935493508844  95  956  956.36875197  1.86054502316  0.0410889727836
-0.935493508844  95  974  974.109853236  1.94081043878  0.085423650961
-0.935493508844  95  992  991.943614188  1.97030219896  0.0497204937892
-0.935493508844  95  1010  1010.0098418  1.95578529015  0.0532140317078
-0.755565508844  95  7  7.45903414961  1.260908966  0.086727018038
-0.755565508844  95  18  17.8541667754  1.56411612148  -0.0103678735522
-0.755565508844  95  28  28.4455255815  1.250928899  0.114667081975
-0.755565508844  95  39  38.9849716279  1.59735636007  -0.0354499834928
-0.755565508844  96  50  49.5866201196  1.29113426494  -0.0336055102368
-0.755565508844  96  60  60.3927024791  1.36714228898  0.0774500594921
-0.755565508844  96  71  71.2073940421  1.57422911584  0.0524871639966
-0.755565508844  96  82  82.1008631427  1.57700752108  0.0796098155482
-0.755565508844  96  93  93.0195951766  1.63366737245  0.024589742972
-0.755565508844  96  104  104.087694888  1.59083764427  0.049840937003
-0.755565508844  96  115  115.238649675  1.55592783892  0.146765205872
-0.755565508844  96  126  126.404433253  1.37360700251  0.11044378622
-0.755565508844  97  138  137.539776183  1.27741019296  -0.0100369807834
-0.755565508844  97  149  148.889449844  1.61778264503  0.0532844910282
-0.755565508844  97  160  160.363424476  1.44410677228  0.0922412189786
-0.755565508844  97  172  171.748449857  1.52107286647  -0.0741249923339
-0.755565508844  97  183  183.426053695  1.39120773373  0.0943508520119
-0.755565508844  97  195  195.027770549  1.65815046497  -0.0148137838432
-0.755565508844  97  207  206.724509745  1.49028670914  -0.0815917663993
-0.755565508844  97  219  218.58139452  1.35233957158  0.0037011491558
-0.755565508844  97  231  230.512730369  1.29238324837  0.00361892244809
-0.755565508844  97  243  242.51495784  1.34415090621  0.016983270688
-0.755565508844  98  255  254.512713935  1.37804762669  0.0287588846642
-0.755565508844  98  267  266.631128244  1.51811593369  -0.0294142231653
-0.755565508844  98  279  278.909462602  1.67582108621  0.0186002988125
-0.755565508844  98  291  291.301326034  1.58335221792  0.137197989606
-0.755565508844  98  304  303.622664415  1.44417483199  -0.0113851028236
-0.755565508844  98  316  316.210409135  1.60241404781  0.107839331796
-0.755565508844  98  329  328.729720783  1.59121613971  -0.00309742996283
-0.755565508844  98  341  341.488014786  1.43864769574  0.0866107778951
-0.755565508844  98  354  354.272506913  1.60755549282  0.0922354771837
-0.755565508844  98  367  367.143719388  1.70598100906  0.0555959978066
-0.755565508844  98  380  380.111319213  1.70596968622  0.0348857512692
-0.755565508844  98  393  393.183805596  1.72441779463  0.0373041976985
-0.755565508844  98  406  406.3648729  1.64601581421  0.0694969422214
-0.755565508844  98  420  419.599209599  1.60936885953  0.0172966053084
-0.755565508844  98  433  432.967779396  1.77679696297  0.0210101329584
-0.755565508844  98  446  446.442796726  1.61096881657  0.0657452207251
-0.755565508844  98  460  460.011635623  1.74189694102  0.0608679892038
-0.755565508844  98  474  473.663197643  1.72476251237  0.0646817729382
-0.755565508844  98  487  487.458418926  1.55855368872  0.112283700601
-0.755565508844  98  501  501.347028507  1.64396368478  0.121842553971
-0.755565508844  99  515  515.230167853  1.74009994429  0.0644389343911
-0.755565508844  99  529  529.318486428  1.71064475972  0.0821776467964
-0.755565508844  99  544  543.505719502  1.61617552536  0.0563813972017
-0.755565508844  99  558  557.771296099  1.69430637802  -0.0468024528568
-0.755565508844  98  572  572.367445486  1.71331376966  0.0599269822598
-0.755565508844  98  587  586.871093284  1.83347356466  0.00803416419436
-0.755565508844  98  602  601.540751427  1.72586555904  0.0297868317571
-0.755565508844  98  616  616.323770971  1.74863829401  0.076047317659
-0.755565508844  98  631  631.203605365  1.85102435685  0.0954919776247
-0.755565508844  98  646  646.18910398  1.76875281555  0.100305344987
-0.755565508844  98  661  661.299137661  1.76378671316  0.115576169986
-0.755565508844  98  677  676.507031014  1.55429822839  0.0657510087405
-0.755565508844  98  692  691.838335623  1.80060509503  -0.0163862929309
-0.755565508844  98  707  707.388303871  1.73640542552  0.0666188336863
-0.755565508844  98  723  722.982622178  1.8902413311  0.00354204599163
-0.755565508844  98  739  738.691980956  1.81209354852  -0.0477547086645
-0.755565508844  98  755  754.592125321  1.77755577225  -0.00864626734668
-0.755565508844  98  771  770.593516181  1.81066513175  0.00181221930671
-0.755565508844  98  787  786.706557048  1.84220548827  -0.0118879717592
-0.755565508844  98  803  803.004336319  1.91570027857  0.0538960574551
-0.755565508844  98  819  819.434098988  1.70470603124  0.129496186542
-0.755565508844  97  836  836.10072296  1.90304143866  0.0653784472095
-0.755565508844  97  853  852.734391096  1.81299572981  -0.0232980192152
-0.755565508844  97  870  869.609304248  1.703366851  0.0119072450412
-0.755565508844  97  887  886.588581138  1.73297975867  -0.0516987177614
-0.755565508844  97  904  903.743694275  1.87095916558  -0.0325923081641
-0.755565508844  97  921  921.054725307  1.96531702612  0.0236646708103
-0.755565508844  96  939  938.553391283  1.92542256021  -0.00521965553345
-0.755565508844  96  956  956.240437183  1.92896106102  0.0618470970061
-0.755565508844  96  974  973.934407471  1.96833812424  0.0570490292934
-0.755565508844  96  992  991.771379445  1.9503064327  0.0181594479687
-0.755565508844  96  1010  1009.82533278  1.94500080109  0.0125725385527
-0.575637508844  96  7  7.42634327525  1.31918536561  0.0950136230474
-0.575637508844  96  18  17.7989990772  1.51214413639  -0.018757057131
-0.575637508844  96  28  28.4048933542  1.25877733862  0.114715695567
-0.575637508844  96  39  38.9152832176  1.57574502732  -0.0515348833816
-0.575637508844  97  50  49.5379002298  1.27172439339  -0.0289868736163
-0.575637508844  97  60  60.3471664838  1.47137719579  0.0821096232936
-0.575637508844  97  71  71.1398128791  1.59973003543  0.0293848916816
-0.575637508844  97  82  82.0288430081  1.62136871301  0.0558711452939
-0.575637508844  97  93  92.9503994855  1.61766437933  0.0111414162105
-0.575637508844  97  104  104.014280536  1.60773670314  0.0265811964199
-0.575637508844  97  115  115.161476963  1.59980994531  0.111587745687
-0.575637508844  97  126  126.350476973  1.46076939287  0.109586132032
-0.575637508844  98  138  137.502907869  1.21643503835  -0.0094429851863
-0.575637508844  98  149  148.818038224  1.59969955611  0.0367434172082
-0.575637508844  98  160  160.297437048  1.51546089998  0.0872801053929
-0.575637508844  98  172  171.677679202  1.44128253975  -0.0840849944446
-0.575637508844  98  183  183.342066117  1.51793626128  -0.0904991125296
-0.575637508844  98  195  194.940111147  1.6361727546  -0.0425475581673
-0.575637508844  98  207  206.65698047  1.42371881195  -0.0870789460362
-0.575637508844  98  219  218.521108276  1.29731615314  0.0231059317974
-0.575637508844  98  230  230.464376166  1.43183030794  0.0600142500422
-0.575637508844  98  242  242.463587998  1.45428198922  0.0596360923779
-0.575637508844  98  255  254.518602836  1.44394256566  0.0406319997767
-0.575637508844  99  267  266.58409297  1.47087655468  0.00741592617395
-0.575637508844  99  279  278.810386119  1.63380079724  -0.00193641546921
-0.575637508844  99  291  291.222142761  1.6342513951  0.125776273354
-0.575637508844  99  304  303.55538061  1.38622024198  0.00333851793845
-0.575637508844  99  316  316.120971931  1.65940584586  0.0881981748596
-0.575637508844  99  329  328.65083926  1.53998172536  -0.00113251238991
-0.575637508844  99  341  341.405091677  1.53820604626  0.0844474840243
-0.575637508844  99  354  354.18151904  1.67059688425  0.0577909937558
-0.575637508844  99  367  367.034895709  1.71028036412  0.0276877732716
-0.575637508844  99  380  379.989325873  1.72666864014  -0.00804120345828
-0.575637508844  99  393  393.0743512  1.75752904383  0.0108838353321
-0.575637508844  99  406  406.270522816  1.69930024819  0.0689043525045
-0.575637508844  99  420  419.513027482  1.67790345499  0.0323803975008
-0.575637508844  99  433  432.864921477  1.74815276488  0.00112674979152
-0.575637508844  99  446  446.36031932  1.68841555795  0.0734000073491
-0.575637508844  99  460  459.897012434  1.7420667243  0.0399455530029
-0.575637508844  99  474  473.560943853  1.62724511989  0.0388207250342
-0.575637508844  99  487  487.375843632  1.61855676048  0.120938231277
-0.575637508844  99  501  501.246894852  1.71309934113  0.104067697014
-0.575637508844  99  515  515.222574587  1.74224287843  0.0612466399685
-0.575637508844  99  529  529.318486428  1.71064475972  0.0821776467964
-0.575637508844  99  544  543.505719502  1.61617552536  0.0563813972017
-0.575637508844  99  558  557.774010644  1.70517633958  -0.0333297025338
-0.575637508844  99  572  572.253440084  1.77582014444  0.0395539575522
-0.575637508844  99  587  586.767058263  1.79435971038  0.0134689014874
-0.575637508844  99  601  601.436135701  1.78524025409  0.0446660896159
-0.575637508844  99  616  616.210015128  1.79316557373  0.0698864305703
-0.575637508844  99  631  631.06600028  1.84839567101  0.0595483260688
-0.575637508844  99  646  646.056818889  1.81864247455  0.0693408030176
-0.575637508844  99  661  661.180597911  1.85025013164  0.0897906031265
-0.575637508844  99  676  676.413330072  1.68768008546  0.104994389645
-0.575637508844  99  692  691.713169816  1.72940313946  -0.0275469653784
-0.575637508844  99  707  707.281691552  1.80023873578  0.0695456445003
-0.575637508844  99  723  722.846083993  1.84077885804  -0.00993936278582
-0.575637508844  99  739  738.592765634  1.78358965792  -0.0278971336402
-0.575637508844  99  754  754.490930267  1.80230041556  0.0300839509245
-0.575637508844  99  770  770.481441525  1.78975742391  0.0298372159998
-0.575637508844  99  787  786.593429404  1.8121881209  -0.00447950298234
-0.575637508844  99  803  802.874281674  1.88757066939  0.0365325477434
-0.575637508844  98  819  819.432746728  1.72552019631  0.124504283212
-0.575637508844  98  836  835.930063764  1.87625125628  0.0233600119049
-0.575637508844  98  853  852.604640564  1.69924594914  -0.0103731359611
-0.575637508844  98  870  869.504787226  1.65785768578  0.0520931447906
-0.575637508844  98  886  886.49109032  1.68059538373  0.00536854379244
-0.575637508844  98  904  903.596289599  1.78705249624  -0.0333500774883
-0.575637508844  98  921  920.896727207  1.95685115235  -0.00487880888376
-0.575637508844  97  938  938.496240722  1.81248131114  0.017446837097
-0.575637508844  97  956  956.07849422  1.9675526808  0.037068202053
-0.575637508844  97  974  973.758585231  1.9173432496  0.0262020208486
-0.575637508844  97  992  991.63633164  1.85518913526  0.0251883330341
-0.575637508844  97  1010  1009.68466776  1.86625102058  0.00363135526527
-0.395709508844  97  7  7.38751338498  1.35464211351  0.102836375551
-0.395709508844  97  18  17.744005893  1.45986167936  -0.029441295343
-0.395709508844  97  28  28.3575543183  1.36896813269  0.123365367511
-0.395709508844  97  39  38.8625486456  1.55018567638  -0.0508700172163
-0.395709508844  97  50  49.5398266239  1.22674855297  0.000272829984255
-0.395709508844  98  60  60.2849495537  1.49034320372  0.0762963288313
-0.395709508844  98  71  71.0741554107  1.60616879378  0.00618710613014
-0.395709508844  98  82  81.9612155691  1.59049640322  0.0427269548239
-0.395709508844  98  93  92.8823100993  1.60471305456  -0.0105636749336
-0.395709508844  98  104  103.945872705  1.59391045521  0.0150398237529
-0.395709508844  98  115  115.092120823  1.62304839356  0.0968454837268
-0.395709508844  98  126  126.288888435  1.50139483533  0.103062307749
-0.395709508844  98  138  137.506290114  1.28924157675  0.0375561225285
-0.395709508844  99  149  148.757450076  1.543359699  0.0386655748499
-0.395709508844  99  160  160.221918347  1.5836651494  0.0719383556992
-0.395709508844  99  172  171.627837324  1.40713060174  -0.0754669191964
-0.395709508844  99  183  183.298732536  1.52874114177  0.0890356149837
-0.395709508844  99  195  194.866087503  1.60223513794  -0.0590723496556
-0.395709508844  99  207  206.604545512  1.38381269127  -0.0760788613949
-0.395709508844  99  218  218.489841789  1.22961530539  0.150528598706
-0.395709508844  99  230  230.406591932  1.50350147126  0.0658250832275
-0.395709508844  99  242  242.409691781  1.52902613885  0.0785620710908
-0.395709508844  99  254  254.468487891  1.45758637023  0.0899370041594
-0.395709508844  100  267  266.515416877  1.36444286827  -0.0021271170519
-0.395709508844  100  279  278.727624337  1.57042724266  -0.0161062721053
-0.395709508844  100  291  291.132805119  1.67063591642  0.101264395609
-0.395709508844  100  304  303.509974278  1.3328407479  0.0381242265844
-0.395709508844  100  316  316.033113541  1.65460490738  0.0689830854383
-0.395709508844  100  329  328.575332056  1.38043291626  0.00400142817061
-0.395709508844  100  341  341.345832017  1.59727617443  0.10865118785
-0.395709508844  100  354  354.094720414  1.67417791301  0.0471186018396
-0.395709508844  100  367  366.923486589  1.71681834573  -0.00265418800031
-0.395709508844  100  380  379.904174283  1.70157675856  -0.0188053017424
-0.395709508844  100  393  392.979346503  1.7386362596  -0.0175397193987
-0.395709508844  100  406  406.177604356  1.73396171298  0.0388650221692
-0.395709508844  100  419  419.450571558  1.63260937953  0.0651148857976
-0.395709508844  100  433  432.762936096  1.71411775362  -0.0185819940361
-0.395709508844  100  446  446.292074151  1.67408525321  0.101008229381
-0.395709508844  100  460  459.786601235  1.71681990871  0.014515933466
-0.395709508844  100  473  473.495471361  1.54794058027  0.0839698415198
-0.395709508844  100  487  487.282388392  1.68806471623  0.126278725138
-0.395709508844  100  501  501.140393743  1.75941132864  0.0835928624626
-0.395709508844  100  515  515.097576612  1.76348588558  0.0314630299398
-0.395709508844  100  529  529.218721994  1.73768249248  0.0672708370798
-0.395709508844  100  543  543.423532621  1.62880932713  0.0867107266988
-0.395709508844  100  558  557.660327291  1.64691907951  -0.0504441493579
-0.395709508844  100  572  572.149688515  1.80926777609  0.0315169743076
-0.395709508844  100  587  586.642496409  1.7388705696  -0.0159323115765
-0.395709508844  100  601  601.356157968  1.79358670316  0.0681289831734
-0.395709508844  100  616  616.092872823  1.83281499716  0.0499780138599
-0.395709508844  100  631  630.938874854  1.83918858971  0.0420042054756
-0.395709508844  100  646  645.925821181  1.81161439285  0.042785944662
-0.395709508844  100  661  661.046748636  1.86119708467  0.070538545645
-0.395709508844  100  676  676.315155605  1.73716547517  0.107896469351
-0.395709508844  100  692  691.602820756  1.60052822707  -0.0236280367819
-0.395709508844  100  707  707.155575818  1.85752696125  0.0440936625759
-0.395709508844  100  723  722.704440909  1.80799501647  -0.0407157628142
-0.395709508844  100  738  738.497721231  1.72264512047  0.00366589533523
-0.395709508844  100  754  754.389725737  1.81093181951  0.044782794498
-0.395709508844  100  770  770.392501147  1.78788194497  0.0736215537657
-0.395709508844  100  786  786.481091822  1.75765564936  0.0290295718914
-0.395709508844  100  803  802.719714506  1.8486298505  0.0140180670459
-0.395709508844  99  819  819.323735472  1.78876141101  0.133531075011
-0.395709508844  99  836  835.77586155  1.82666393864  -0.00212014225541
-0.395709508844  99  853  852.503750294  1.67101123051  0.0313518515254
-0.395709508844  99  869  869.392592817  1.75677328936  0.0916665471942
-0.395709508844  99  886  886.372736399  1.80635194245  0.0281112399085
-0.395709508844  99  903  903.499844655  1.78559712049  0.00214596877287
-0.395709508844  99  921  920.759653659  1.91982509516  -0.0212127604416
-0.395709508844  98  938  938.373449927  1.86045657563  0.0425009745096
-0.395709508844  98  956  955.906792781  1.95550812941  0.0102641266248
-0.395709508844  98  974  973.619883896  1.85478295133  0.0330356936806
-0.395709508844  98  992  991.509254753  1.79939274509  0.0458147031293
-0.395709508844  98  1010  1009.54577704  1.77228157064  0.022627335775
-0.215781508844  98  7  7.34132909874  1.41796258851  0.104611387137
-0.215781508844  98  18  17.6961467564  1.4252223045  -0.0369391804963
-0.215781508844  98  28  28.310412827  1.39652324441  0.121664320624
-0.215781508844  98  39  38.8051942875  1.54333037901  -0.0565032009377
-0.215781508844  98  50  49.5208710395  1.25144743181  0.0197859060718
-0.215781508844  99  60  60.2281958477  1.54457491046  0.0644838983585
-0.215781508844  99  71  71.000942532  1.59931992006  -0.00908448246485
-0.215781508844  99  82  81.8963203164  1.60276453738  0.0269940451724
-0.215781508844  99  93  92.8162757758  1.5683946816  -0.0120784570045
-0.215781508844  99  104  103.869245502  1.59040502484  -0.00329892273483
-0.215781508844  99  115  115.016883554  1.62363315498  0.0821020946786
-0.215781508844  99  126  126.221726698  1.56357395226  0.103852901538
-0.215781508844  99  137  137.471209321  1.34373340293  0.0936003000155
-0.215781508844  100  149  148.669806286  1.48873209391  -0.0135351033314
-0.215781508844  100  160  160.15995895  1.58074754781  0.0651297662945
-0.215781508844  100  172  171.575997167  1.29832696872  -0.0536192606907
-0.215781508844  100  183  183.236320696  1.55549096324  0.107750557967
-0.215781508844  100  195  194.79658453  1.56905855665  -0.0668573715144
-0.215781508844  100  207  206.547923617  1.23968769622  -0.0652334634254
-0.215781508844  100  218  218.438533782  1.36802925381  0.103070210695
-0.215781508844  100  230  230.346940609  1.54613531914  0.07793323333
-0.215781508844  100  242  242.34572441  1.52580227194  0.0797557857361
-0.215781508844  100  254  254.40761226  1.46488671113  0.103295065181
-0.215781508844  100  267  266.52012433  1.34803280756  0.0138498340027
-0.215781508844  101  279  278.654570798  1.56140785603  -0.0162429708865
-0.215781508844  101  291  291.045787272  1.69407484755  0.0793442952608
-0.215781508844  101  303  303.467358492  1.43126458308  0.0995382779794
-0.215781508844  101  316  315.92014074  1.6752020802  0.0321636702721
-0.215781508844  101  329  328.529060033  1.30814564361  0.0652285136867
-0.215781508844  101  341  341.257349983  1.64558303985  0.0818310550595
-0.215781508844  101  354  353.991061512  1.71248205041  0.0275721281044
-0.215781508844  101  367  366.837863716  1.67043283426  -0.0232854792921
-0.215781508844  101  380  379.803207985  1.68268825084  -0.0368583857206
-0.215781508844  101  393  392.883470795  1.71825082266  -0.0290592901894
-0.215781508844  101  406  406.076973563  1.75348840254  0.0294777937284
-0.215781508844  101  419  419.365397049  1.6813646365  0.0605660318521
-0.215781508844  101  433  432.674465622  1.67641337314  -0.0120394221968
-0.215781508844  101  446  446.183519457  1.72952313202  0.0838001026222
-0.215781508844  101  460  459.700052815  1.6928338381  0.00502746807242
-0.215781508844  101  473  473.405568722  1.61971656435  0.0981644378395
-0.215781508844  101  487  487.189232267  1.72819950341  0.108071951065
-0.215781508844  101  501  501.020935422  1.75880811892  0.0608522765496
-0.215781508844  101  515  514.986140083  1.77211143196  0.00712373297295
-0.215781508844  101  529  529.111443927  1.78369781669  0.0529897060743
-0.215781508844  101  543  543.333884699  1.71321561328  0.0897211269083
-0.215781508844  101  558  557.586061544  1.5931797043  -0.0287946338192
-0.215781508844  101  572  572.028191691  1.81577307809  0.00249184878579
-0.215781508844  101  587  586.563310878  1.70252740226  0.0084860983669
-0.215781508844  101  601  601.238453144  1.81802637995  0.0523742749482
-0.215781508844  101  616  615.956591637  1.82066154279  0.0261848529137
-0.215781508844  101  631  630.8020815  1.83049958567  0.0101530604572
-0.215781508844  101  646  645.793019429  1.76548341699  0.0227254549909
-0.215781508844  101  661  660.917014539  1.82765838604  0.0372924415442
-0.215781508844  101  676  676.200168286  1.76524501673  0.0965933164528
-0.215781508844  101  692  691.517212228  1.59020075226  0.0146317345401
-0.215781508844  101  707  707.021906996  1.86519983608  0.0211256065783
-0.215781508844  101  723  722.605065794  1.7163189926  -0.0253798835307
-0.215781508844  101  738  738.389872707  1.78140178067  0.0269277584649
-0.215781508844  101  754  754.274979886  1.83905959504  0.0538648610738
-0.215781508844  101  770  770.279114893  1.84600628163  0.068352856754
-0.215781508844  101  786  786.378366028  1.79253482073  0.0503223606324
-0.215781508844  100  803  802.718173542  1.84037070851  0.00678226243111
-0.215781508844  100  819  819.180852362  1.87747158386  0.112822475436
-0.215781508844  100  836  835.640724152  1.72087843208  -0.0159679691288
-0.215781508844  100  852  852.403896877  1.70205477052  0.0800888219066
-0.215781508844  100  869  869.264001056  1.84346620553  0.0842987499903
-0.215781508844  100  886  886.240527528  1.86042920065  0.0277148367496
-0.215781508844  100  903  903.380347414  1.83928605649  0.0271833304586
-0.215781508844  100  921  920.624379027  1.85753290466  -0.0108555908146
-0.215781508844  99  938  938.242115341  1.91523368876  0.0307538616066
-0.215781508844  99  956  955.765255576  1.95632607104  0.00487981532717
-0.215781508844  99  973  973.492934096  1.82383732227  0.0596933376845
-0.215781508844  99  991  991.395432273  1.86523518644  0.0793888979109
-0.215781508844  99  1009  1009.45422608  1.82517634506  0.0806219221935
-0.0358535088439  99  7  7.3011028136  1.43789652501  0.0918448513578
-0.0358535088439  99  18  17.6525755355  1.39421212064  -0.0217481997105
-0.0358535088439  99  28  28.272161329  1.46225208535  0.123775056605
-0.0358535088439  99  39  38.7504857845  1.46334689547  -0.0714017872179
-0.0358535088439  99  49  49.4863429914  1.29312524741  0.0720228492482
-0.0358535088439  100  60  60.1697040674  1.56418896586  0.0138303879321
-0.0358535088439  100  71  70.9439919269  1.5841106866  -0.034104523801
-0.0358535088439  100  82  81.8318474139  1.56639527255  0.00129830732731
-0.0358535088439  100  93  92.7587378459  1.52988689942  -0.0299673072681
-0.0358535088439  100  104  103.811562856  1.53762328186  -0.0164016541537
-0.0358535088439  100  115  114.949484363  1.61938782669  0.0629156688424
-0.0358535088439  100  126  126.169611283  1.58691400938  0.0978023217857
-0.0358535088439  100  137  137.427738863  1.38484776576  0.113433733121
-0.0358535088439  100  149  148.676739913  1.49858526985  0.0185489425672
-0.0358535088439  101  160  160.08945261  1.61193319251  0.0434600042079
-0.0358535088439  101  172  171.537889694  1.24521000192  -0.0369376756462
-0.0358535088439  101  183  183.159596573  1.59205850054  0.0914671718126
-0.0358535088439  101  195  194.731301957  1.5092853368  -0.070128856018
-0.0358535088439  101  207  206.511342723  1.25867722052  -0.0125051895715
-0.0358535088439  101  218  218.378199656  1.48712454004  0.10008572515
-0.0358535088439  101  230  230.276973013  1.59663017521  0.0712347656579
-0.0358535088439  101  242  242.267361991  1.60417127111  0.07620416279
-0.0358535088439  101  254  254.356217929  1.52649459811  0.122831490962
-0.0358535088439  101  266  266.478316133  1.40272702217  0.0733947666763
-0.0358535088439  102  279  278.628924616  1.46119796378  0.00233166631524
-0.0358535088439  102  291  290.962957877  1.69297880658  0.059693882832
-0.0358535088439  102  303  303.413364544  1.49332768916  0.12010530127
-0.0358535088439  102  316  315.841973591  1.64097855792  0.0153856781692
-0.0358535088439  102  328  328.47668262  1.37230281672  0.117076502924
-0.0358535088439  102  341  341.154092346  1.66902815182  0.0648023418491
-0.0358535088439  102  354  353.903058055  1.67590181158  0.00755919630069
-0.0358535088439  102  367  366.754411545  1.64684615238  -0.0273383397556
-0.0358535088439  102  380  379.717675282  1.60574788335  -0.0388317871819
-0.0358535088439  102  393  392.786774014  1.68685661491  -0.0349582833431
-0.0358535088439  102  406  405.992043849  1.75526171307  0.0192174459898
-0.0358535088439  102  419  419.283917753  1.72413610885  0.0606286140886
-0.0358535088439  102  433  432.595053415  1.66520908846  -0.00154813430428
-0.0358535088439  102  446  446.092765289  1.73242115702  0.0721095454335
-0.0358535088439  102  460  459.619990032  1.65380052982  0.0275701563254
-0.0358535088439  102  473  473.322725288  1.68679993827  0.0975364544001
-0.0358535088439  102  487  487.070071072  1.75041496902  0.0898102637349
-0.0358535088439  102  501  500.914819413  1.76070328081  0.0340118576108
-0.0358535088439  102  515  514.871352978  1.74651715572  -0.0272348192442
-0.0358535088439  102  529  528.987593143  1.77151970973  0.0292329179047
-0.0358535088439  102  543  543.232462498  1.75078786788  0.0733522961954
-0.0358535088439  102  558  557.517913255  1.63514001774  0.0200149423483
-0.0358535088439  102  572  571.918549565  1.81368091371  -0.00797723785675
-0.0358535088439  102  586  586.474084711  1.71473637342  0.0385957260477
-0.0358535088439  102  601  601.129065603  1.85773590665  0.0400016326153
-0.0358535088439  102  616  615.85389213  1.83149316427  0.0281833973587
-0.0358535088439  102  631  630.698758297  1.76989196067  0.0136415430286
-0.0358535088439  102  646  645.684505118  1.75089353712  0.0270541254297
-0.0358535088439  102  661  660.780976438  1.78676872314  0.0135960928087
-0.0358535088439  102  676  676.071225162  1.83321156233  0.0720502072957
-0.0358535088439  102  691  691.428796769  1.7078860849  0.0667108452344
-0.0358535088439  102  707  706.864775882  1.86194537383  -0.013572864989
-0.0358535088439  102  723  722.512947355  1.67972703913  0.0140638417902
-0.0358535088439  102  738  738.267319628  1.84339730797  0.0168148880045
-0.0358535088439  102  754  754.148444645  1.89456466462  0.0426326713225
-0.0358535088439  102  770  770.147988882  1.89737398439  0.0616215053536
-0.0358535088439  102  786  786.254025552  1.84735126875  0.0547252669246
-0.0358535088439  101  803  802.595599263  1.7737227128  0.0138976224045
-0.0358535088439  101  819  819.03204843  1.91707521204  0.0754246903775
-0.0358535088439  101  836  835.544087368  1.60342644927  0.0161402115455
-0.0358535088439  101  852  852.281247327  1.7946648703  0.0873772323394
-0.0358535088439  101  869  869.124486941  1.91576283096  0.0610073460528
-0.0358535088439  101  886  886.101820495  1.90832644283  0.0044308523476
-0.0358535088439  101  903  903.261568208  1.91679830886  0.0335194132732
-0.0358535088439  100  921  920.63424496  1.92220130082  0.0431969384219
-0.0358535088439  100  938  938.081585826  1.96162079635  0.011935103981
-0.0358535088439  100  956  955.645612049  2.00440601818  0.0543790987272
-0.0358535088439  100  973  973.375466237  1.85929074646  0.0991593710108
-0.0358535088439  100  991  991.261074816  1.93441181597  0.104287462168
-0.0358535088439  100  1009  1009.31649856  1.88151630356  0.107503221628
0.144074491156  100  7  7.2513980816  1.48681753963  0.0874232852469
0.144074491156  100  18  17.6141377725  1.31878318558  -0.0334479420836
0.144074491156  100  28  28.2169527428  1.4696511691  0.110149949759
0.144074491156  100  39  38.6866889771  1.42348831783  -0.0906184021221
0.144074491156  100  49  49.4498516527  1.28314354833  0.0883754825499
0.144074491156  100  60  60.1877635227  1.53142722768  0.0731292320208
0.144074491156  101  71  70.8763100254  1.56355813447  -0.0475444961135
0.144074491156  101  82  81.7598134446  1.55368539546  -0.00740365812331
0.144074491156  101  93  92.7038807346  1.4837345763  -0.0240089602954
0.144074491156  101  104  103.751097275  1.54871609418  -0.0226521625681
0.144074491156  101  115  114.884295204  1.61981659676  0.0423080378705
0.144074491156  101  126  126.109742702  1.61124384898  0.0799974990856
0.144074491156  101  137  137.367387082  1.44511490981  0.107865908649
0.144074491156  101  149  148.619693535  1.39036085855  0.019250724784
0.144074491156  102  160  160.013831282  1.60127195358  0.025240299731
0.144074491156  102  172  171.504259746  1.2625220524  0.00251979886552
0.144074491156  102  183  183.098005611  1.61772742512  0.0729038766583
0.144074491156  102  195  194.666194367  1.45870157245  -0.0772884487696
0.144074491156  102  206  206.472461814  1.39235513163  0.0522670232504
0.144074491156  102  218  218.315459651  1.5342953125  0.102624688568
0.144074491156  102  230  230.203453838  1.60936481768  0.0552265147046
0.144074491156  102  242  242.189970176  1.61332184773  0.058802550209
0.144074491156  102  254  254.289131325  1.55736987493  0.114852405624
0.144074491156  102  266  266.422050136  1.46500314416  0.0985084420198
0.144074491156  102  279  278.591403492  1.48222222557  -0.000735224181365
0.144074491156  103  291  290.874360696  1.67694940508  0.050797349713
0.144074491156  103  303  303.332585992  1.56960750055  0.105651451338
0.144074491156  103  316  315.769211737  1.61039753483  0.0272400359891
0.144074491156  103  328  328.417967217  1.47024547407  0.137667813257
0.144074491156  103  341  341.077997377  1.68742483128  0.0482550049516
0.144074491156  103  354  353.810843742  1.64380510692  0.00447035964131
0.144074491156  103  367  366.678886087  1.59407505657  -0.0145591526791
0.144074491156  103  380  379.633141372  1.59455295381  -0.03748931662
0.144074491156  103  393  392.712124952  1.65255228504  -0.0281922801
0.144074491156  103  406  405.892679524  1.72006517055  0.0115184795263
0.144074491156  103  419  419.191441896  1.76102513025  0.0474745943798
0.144074491156  103  433  432.521743879  1.67180087837  0.0152483073492
0.144074491156  103  446  445.989363508  1.76530612472  0.0588857732743
0.144074491156  103  460  459.548219571  1.67135276059  0.0510422914594
0.144074491156  103  473  473.23196144  1.72056756731  0.091507230029
0.144074491156  103  487  486.967646388  1.74400038178  0.0673164790222
0.144074491156  103  501  500.811209432  1.73789454167  0.0239528804333
0.144074491156  103  515  514.759099136  1.69416990689  -0.0448314775228
0.144074491156  103  529  528.88464654  1.77214640955  0.00898893127568
0.144074491156  103  543  543.11083387  1.77479230322  0.0450762529167
0.144074491156  103  557  557.428189051  1.71667688016  0.039036485996
0.144074491156  103  572  571.79733932  1.79163932079  -0.0207043068706
0.144074491156  103  586  586.378635366  1.76362974964  0.0492949283996
0.144074491156  103  601  600.997400217  1.8559886727  0.0137856620327
0.144074491156  103  616  615.745517911  1.80287878124  0.0220385166415
0.144074491156  103  631  630.605774094  1.74376181287  0.0319583594047
0.144074491156  103  646  645.587111691  1.70504898653  0.0371385626416
0.144074491156  103  661  660.684702702  1.75344776689  0.028059386993
0.144074491156  103  676  675.938425628  1.83097368424  0.0515627145052
0.144074491156  103  691  691.330939364  1.78158432874  0.0726398822415
0.144074491156  103  707  706.761242454  1.81742224197  -0.00973548903067
0.144074491156  103  722  722.413206344  1.79092684101  0.0463911774105
0.144074491156  103  738  738.142522283  1.89556384735  0.00757482145794
0.144074491156  103  754  754.011760987  1.90593517544  0.0225839375031
0.144074491156  103  770  770.013720213  1.91900199475  0.0409589829691
0.144074491156  102  786  786.211485128  1.99586069384  0.0467641005808
0.144074491156  102  802  802.48864679  1.72502647961  0.0512175654846
0.144074491156  102  819  818.871018324  1.90973281025  0.041826037408
0.144074491156  102  835  835.449087914  1.70943345863  0.0772992293998
0.144074491156  102  852  852.144646613  1.85701976415  0.0680199707871
0.144074491156  102  869  868.960793135  1.9247798897  0.032334711385
0.144074491156  102  886  885.931603552  1.90868450088  -0.0348822582672
0.144074491156  102  903  903.105362541  1.95998563467  0.0122967360619
0.144074491156  101  921  920.511560492  1.81653603389  0.00982312418828
0.144074491156  101  938  937.918033942  1.95529128713  -0.00341406678456
0.144074491156  101  955  955.50391557  1.86468534634  0.0348320257521
0.144074491156  101  973  973.240928139  1.9200800631  0.0966920190639
0.144074491156  101  991  991.110831129  1.98928800136  0.0785950660799
0.144074491156  101  1009  1009.25832887  2.04509812594  0.0971040037489
0.324002491156  101  7  7.20290245574  1.50558407101  0.0916499612902
0.324002491156  101  18  17.5791991637  1.26484044448  -0.0214052036339
0.324002491156  101  28  28.1619131046  1.52850529852  0.0929088271347
0.324002491156  101  39  38.6582326715  1.35055736511  -0.0783535922082
0.324002491156  101  49  49.4052505375  1.36705860404  0.0940560186628
0.324002491156  101  60  60.1313713693  1.56679491935  0.0522104100604
0.324002491156  102  71  70.8147155242  1.53229694284  -0.0540368984505
0.324002491156  102  82  81.7229402724  1.51092937406  0.00915636914147
0.324002491156  102  93  92.6538935782  1.44022235244  -0.0227382779917
0.324002491156  102  104  103.704919088  1.49171766914  -0.0275866682466
0.324002491156  102  115  114.814326225  1.59408363257  0.0340125789748
0.324002491156  102  126  126.045170833  1.60104344848  0.0762412854453
0.324002491156  102  137  137.322681305  1.48631085799  0.120819950513
0.324002491156  102  149  148.569941688  1.30658904347  0.0352204526744
0.324002491156  102  160  160.022850053  1.60747198345  0.0393973838519
0.324002491156  103  171  171.465569889  1.34119907221  0.0599795026454
0.324002491156  103  183  183.019432557  1.62272700575  0.0659413262866
0.324002491156  103  195  194.619938299  1.41091949463  -0.0729913005462
0.324002491156  103  206  206.420722442  1.49883392595  0.0585588969115
0.324002491156  103  218  218.247348582  1.59640857563  0.0948011012354
0.324002491156  103  230  230.124241139  1.66267671231  0.0354050865092
0.324002491156  103  242  242.113466393  1.6406462623  0.045150145432
0.324002491156  103  254  254.21539677  1.61944642778  0.104479809927
0.324002491156  103  266  266.359393326  1.54199962111  0.0975453358175
0.324002491156  103  279  278.551909492  1.44698963893  0.0402544118823
0.324002491156  103  291  290.863883752  1.66935748902  0.0327940011991
0.324002491156  104  303  303.280957959  1.60299868066  0.126007020016
0.324002491156  104  316  315.674922033  1.51459295637  -0.00106548692812
0.324002491156  104  328  328.353378305  1.52243150703  0.147920306587
0.324002491156  104  341  340.974992047  1.7010419037  0.0077245781548
0.324002491156  104  354  353.722164059  1.58966092323  -0.0266833970645
0.324002491156  104  367  366.595186143  1.4951264422  -0.0234560022874
0.324002491156  104  380  379.573634041  1.44281680539  -0.0291409847062
0.324002491156  104  393  392.623689574  1.58667012477  -0.0394992945692
0.324002491156  104  406  405.805442875  1.71092125957  -0.00332746745231
0.324002491156  104  419  419.101762808  1.78338448531  0.0310656383255
0.324002491156  104  432  432.453555232  1.5779569414  0.049893476914
0.324002491156  104  446  445.897959318  1.75442529529  0.0434204502757
0.324002491156  104  459  459.481551283  1.57598808035  0.0877306767217
0.324002491156  104  473  473.131707603  1.76375584727  0.0703909588961
0.324002491156  104  487  486.846788238  1.73893024858  0.0300548793542
0.324002491156  104  501  500.697925496  1.65320884135  0.00241553165775
0.324002491156  104  515  514.652001917  1.61539802462  -0.0481306218655
0.324002491156  104  529  528.758245696  1.69013471683  -0.0263044283199
0.324002491156  104  543  542.992445695  1.80734598682  0.0270662731029
0.324002491156  104  557  557.346036197  1.76326464263  0.0589074628091
0.324002491156  104  572  571.70151351  1.74005955845  -0.0226557104718
0.324002491156  104  586  586.285133185  1.77966212608  0.0565268575696
0.324002491156  104  601  600.888794957  1.85960757744  0.00397026214317
0.324002491156  104  616  615.645080844  1.74985975288  0.0244093211519
0.324002491156  104  631  630.50653481  1.67920346416  0.0355459140966
0.324002491156  104  646  645.509787219  1.67147342474  0.0725625994776
0.324002491156  104  661  660.565165983  1.60619867583  0.0232461865674
0.324002491156  104  676  675.806280919  1.79671336679  0.024310418059
0.324002491156  104  691  691.205694091  1.82106279464  0.0587477079535
0.324002491156  104  707  706.638610594  1.73101063509  -0.01521207128
0.324002491156  104  722  722.309472087  1.80584315593  0.0584850025175
0.324002491156  104  738  738.005606662  1.89612980377  -0.022738220909
0.324002491156  104  754  753.883852028  1.88546409371  0.00658437701065
0.324002491156  104  770  769.866277488  1.90168762743  0.00896221787298
0.324002491156  103  786  786.134707675  1.8907181369  0.0490773098697
0.324002491156  103  802  802.398728507  1.76027355114  0.0898447354657
0.324002491156  103  819  818.746662619  1.85021098378  0.0323726681163
0.324002491156  103  835  835.342563617  1.79349556035  0.089854818615
0.324002491156  103  852  852.007815589  1.87533747543  0.0388689298477
0.324002491156  103  869  868.814822341  1.85965820101  0.00255636887274
0.324002491156  103  886  885.800336573  1.86931684022  -0.0522353234997
0.324002491156  103  903  902.934510825  1.93179314652  -0.035394166075
0.324002491156  102  920  920.392314753  1.83457342168  0.0453879142472
0.324002491156  102  938  937.763330578  1.94069947179  -0.0258113332309
0.324002491156  102  955  955.378120308  1.87440512283  0.0575722243001
0.324002491156  102  973  973.082486363  1.99047755329  0.0756577266094
0.324002491156  102  991  990.936920277  1.98498432326  0.0383608537208
0.324002491156  101  1009  1009.16103504  1.9558895732  0.0793514485764
0.503930491156  102  7  7.14937796675  1.53146415006  0.0590389066027
0.503930491156  102  18  17.5454367824  1.27944755112  -0.0710615591455
0.503930491156  102  28  28.1069267812  1.5306221069  0.0784305165005
0.503930491156  102  39  38.6066716131  1.30064607248  -0.0794635641568
0.503930491156  102  49  49.3735160771  1.43956650377  0.101293201006
0.503930491156  102  60  60.0699212162  1.56749242218  0.0374108830141
0.503930491156  103  71  70.7865685232  1.50352680208  -0.0442896521762
0.503930491156  103  82  81.6670936244  1.50250779024  -0.00480099813385
0.503930491156  103  93  92.610400926  1.3815129228  -0.0134813812737
0.503930491156  103  104  103.651751978  1.47691251222  -0.0230944641779
0.503930491156  103  115  114.756742603  1.55128863927  0.0294555090468
0.503930491156  103  126  125.967155703  1.61235742819  0.0404200941206
0.503930491156  103  137  137.262596484  1.5472758114  0.111765465687
0.503930491156  103  149  148.537702936  1.24380560577  0.0664209375971
0.503930491156  103  160  159.946668637  1.61954024135  0.00627750506309
0.503930491156  104  171  171.421552427  1.42686130291  0.0683751775792
0.503930491156  104  183  182.972116616  1.62250425634  0.129753130631
0.503930491156  104  195  194.56072014  1.29796807911  -0.0551606601837
0.503930491156  104  206  206.36962751  1.49617352555  0.0728330671305
0.503930491156  104  218  218.176759011  1.58567587761  0.0751406737277
0.503930491156  104  230  230.060095851  1.6449605949  0.0278353455849
0.503930491156  104  242  242.036011511  1.64702556158  0.0263894341257
0.503930491156  104  254  254.130864269  1.63528120158  0.0910672327804
0.503930491156  104  266  266.302210632  1.55008686999  0.105611854303
0.503930491156  104  278  278.502739288  1.30396994584  0.0880263959299
0.503930491156  104  291  290.77390679  1.63750859529  0.00698518886102
0.503930491156  105  303  303.2240058  1.55229592962  0.122283461545
0.503930491156  105  316  315.61298549  1.48511464498  0.00385583545243
0.503930491156  105  328  328.280061812  1.60347219303  0.143465548368
0.503930491156  105  341  340.897888272  1.69075330553  0.00942101539115
0.503930491156  105  354  353.64644331  1.52383533778  -0.00966476377931
0.503930491156  105  367  366.54223523  1.47012079376  0.0129025428677
0.503930491156  105  380  379.518032809  1.48337034498  0.00902807744506
0.503930491156  105  393  392.56282505  1.54580860164  -0.0105532558609
0.503930491156  105  406  405.704693454  1.67355758193  -0.0176377264317
0.503930491156  105  419  418.994127935  1.77117342508  0.00390708949443
0.503930491156  105  432  432.376171061  1.65382328279  0.0571792200184
0.503930491156  105  446  445.800657344  1.73706153964  0.0262173789371
0.503930491156  105  459  459.400179663  1.64055176673  0.0936005899938
0.503930491156  105  473  473.026231934  1.75504795715  0.0539025760914
0.503930491156  105  487  486.745256852  1.69423627226  0.0231022607878
0.503930491156  105  501  500.616632264  1.56092588497  0.0176590781656
0.503930491156  105  515  514.585764041  1.49665521317  -0.0287481171382
0.503930491156  105  529  528.671080713  1.62968156548  -0.0230329944509
0.503930491156  105  543  542.871373408  1.78490418795  -0.00863136385317
0.503930491156  105  557  557.242097994  1.7849257598  0.0525902931276
0.503930491156  105  572  571.608638908  1.6953015809  -0.0164230048554
0.503930491156  105  586  586.175237621  1.81107760093  0.0517175741598
0.503930491156  105  601  600.770357651  1.81628311871  -0.0102666806564
0.503930491156  105  616  615.541990666  1.72405529849  0.0179861833595
0.503930491156  105  630  630.423654974  1.67842556265  0.0832991738276
0.503930491156  105  645  645.423192781  1.69820543877  0.110641628803
0.503930491156  105  660  660.493465778  1.54200787467  0.084158601429
0.503930491156  105  676  675.690175309  1.72510429856  0.0112912210327
0.503930491156  105  691  691.085318398  1.84262321317  0.0344797303664
0.503930491156  105  707  706.548377068  1.65353600079  0.000742115548793
0.503930491156  105  722  722.196707167  1.86422250039  0.0431179009984
0.503930491156  105  738  737.89384553  1.87717020433  -0.025274957062
0.503930491156  105  754  753.760673067  1.85929754136  -0.00884549196178
0.503930491156  104  770  769.800933008  1.9735339618  -0.00316023244315
0.503930491156  104  786  785.987828024  1.90705855848  0.0240194343757
0.503930491156  104  802  802.286608058  1.80564286707  0.0971725311401
0.503930491156  104  819  818.607219243  1.75908597418  0.0240819611534
0.503930491156  104  835  835.216329321  1.86840161198  0.0746171942444
0.503930491156  104  852  851.852244554  1.85925453641  0.0101757684965
0.503930491156  104  869  868.669935762  1.80066288324  -0.0138345126063
0.503930491156  104  886  885.672806512  1.77292431406  -0.0590966470315
0.503930491156  104  903  902.805744407  1.91096808675  -0.0446116699109
0.503930491156  103  920  920.263883498  1.88387897157  0.042953399541
0.503930491156  103  938  937.639257375  1.90245800202  -0.0179767112288
0.503930491156  103  955  955.243777794  1.92956159169  0.0517174190942
0.503930491156  103  973  972.930587078  1.96716918355  0.0421124186295
0.503930491156  103  991  990.78290912  1.9225524814  0.0123209141161
0.503930491156  102  1009  1008.98246255  1.96225547815  0.0330911126142
0.683858491156  103  7  7.10026133763  1.5543161909  0.055631642213
0.683858491156  103  18  17.5052088078  1.22171578076  -0.0627960070691
0.683858491156  103  28  28.0396277972  1.5600785439  0.0482530830337
0.683858491156  103  39  38.5773891155  1.26644737155  -0.0682632396467
0.683858491156  103  49  49.316431211  1.5062186194  0.0783626237524
0.683858491156  103  60  60.0113388854  1.58424903163  0.0258791338165
0.683858491156  103  71  70.7574218346  1.50580782444  -0.081729221577
0.683858491156  104  82  81.6198165348  1.40155244641  -0.0156984453287
0.683858491156  104  93  92.5607579598  1.32071175335  -0.0259161167475
0.683858491156  104  104  103.60937152  1.42407632435  -0.0216504126891
0.683858491156  104  115  114.703493489  1.52112574289  0.00884649219123
0.683858491156  104  126  125.905634694  1.59607389311  0.0285098344417
0.683858491156  104  137  137.209561064  1.57683475999  0.108944578238
0.683858491156  104  148  148.500765509  1.22397837021  0.127572063673
0.683858491156  104  160  159.871270194  1.57775937493  -0.00855032485369
0.683858491156  104  171  171.431775158  1.40415450215  0.136410707581
0.683858491156  105  183  182.938290422  0.0198917956614  0.350672339592
0.683858491156  105  195  194.527911151  1.25274135637  -0.0303261322482
0.683858491156  105  206  206.309984252  1.54460842535  0.0670235509653
0.683858491156  105  218  218.1025271  1.64192365322  0.0628743597281
0.683858491156  105  230  229.981663224  1.66842319946  0.00209628603909
0.683858491156  105  242  241.967003204  1.63405056741  -0.00333495546542
0.683858491156  105  254  254.054926631  1.67838229409  0.069651681882
0.683858491156  105  266  266.231014054  1.62468168656  0.0954049648214
0.683858491156  105  278  278.448804847  1.42609272448  0.102695870649
0.683858491156  105  291  290.710132353  1.60478802874  0.0236112354223
0.683858491156  105  303  303.193545165  1.64670161149  0.109301177633
0.683858491156  106  316  315.56662477  1.38250167593  0.0364684435288
0.683858491156  106  328  328.202220426  1.64282999672  0.116604974338
0.683858491156  106  341  340.803068671  1.64326105025  -0.0256410848339
0.683858491156  106  354  353.590539682  1.48890914047  0.00607315046736
0.683858491156  106  366  366.484991494  1.44965998047  0.0671257664623
0.683858491156  106  379  379.465054685  1.57837595714  0.0563113184159
0.683858491156  106  393  392.505400912  1.59603184016  0.0149335217565
0.683858491156  106  406  405.649875074  1.68471932474  0.0295164737216
0.683858491156  106  419  418.899850713  1.77204979084  -0.0083864806735
0.683858491156  106  432  432.301680103  1.66953461132  0.0583722322132
0.683858491156  106  446  445.723001159  1.70627366963  0.0338621466579
0.683858491156  106  459  459.317914511  1.70379852182  0.0948499998663
0.683858491156  106  473  472.922655401  1.75201671232  0.0326701396235
0.683858491156  106  487  486.654105552  1.65180085768  0.00878676067407
0.683858491156  106  501  500.530476668  1.47558683964  0.0382579503255
0.683858491156  106  515  514.511538799  1.41185044227  -0.0124770557838
0.683858491156  106  529  528.583049494  1.57535177593  -0.00433836062397
0.683858491156  106  543  542.774329082  1.73531666535  -0.0134565349461
0.683858491156  106  557  557.117612647  1.83402720725  0.0205409775549
0.683858491156  106  572  571.543146598  1.71020372329  0.0157477910522
0.683858491156  106  586  586.080140737  1.81096460595  0.0444606953223
0.683858491156  106  601  600.677906305  1.78078536704  -0.00781774871166
0.683858491156  106  615  615.463906317  1.73862592218  0.0601658196029
0.683858491156  106  630  630.335078005  1.74073251274  0.0881956070978
0.683858491156  106  645  645.323758273  1.75683233485  0.10525223259
0.683858491156  106  660  660.411110748  1.65868386808  0.102654666523
0.683858491156  106  676  675.599204057  1.65084061244  0.0172052765002
0.683858491156  106  691  690.960925056  1.85836122506  0.0104166347009
0.683858491156  106  706  706.465874742  1.65988250951  0.0504292648361
0.683858491156  106  722  722.061283536  1.90099314478  0.0281196938694
0.683858491156  106  738  737.768414072  1.84189533029  -0.0397414167726
0.683858491156  106  754  753.650127904  1.83769204859  0.00041229993534
0.683858491156  105  770  769.747516616  1.87269026975  0.00776464026561
0.683858491156  105  786  785.862326688  1.89588784543  0.00171995968037
0.683858491156  105  802  802.163426679  1.87920660812  0.0912207052778
0.683858491156  105  819  818.517398682  1.68781348369  0.0654480758904
0.683858491156  105  835  835.06375841  1.92236185181  0.0425468100971
0.683858491156  105  852  851.711193954  1.78941950883  -0.0128722206457
0.683858491156  105  869  868.566810492  1.70847719973  0.00357662716743
0.683858491156  105  886  885.555244059  1.71845392641  -0.0408768863687
0.683858491156  104  903  902.804917772  1.90825236565  -0.0411986277119
0.683858491156  104  920  920.12825855  1.93738454171  0.040581346779
0.683858491156  104  938  937.51706619  1.85167558547  -0.00468125348467
0.683858491156  104  955  955.096245415  1.98159588352  0.0396813322614
0.683858491156  104  973  972.766073844  1.94797889373  0.0163939694373
0.683858491156  104  991  990.634661316  1.85574137196  0.00778784750728
0.683858491156  103  1009  1008.81966234  1.94388341743  0.00544345744415
0.863786491156  104  7  7.03843122396  1.58149376908  0.0267221712467
0.863786491156  104  17  17.5029457822  1.22863434078  0.0672016446759
0.863786491156  104  28  28.0086678507  1.54615768978  0.0396105964174
0.863786491156  104  39  38.5492015312  1.22907002005  -0.0680427709284
0.863786491156  104  49  49.2873887939  1.50338416118  0.0936905153329
0.863786491156  104  60  59.9522774863  1.56415279207  -0.00363627166653
0.863786491156  104  71  70.7103369204  1.49518488269  -0.0831821940659
0.863786491156  105  82  81.5817797288  1.36736901501  -0.00403659344213
0.863786491156  105  93  92.548018342  1.47455131585  0.0793790112407
0.863786491156  105  104  103.561152712  1.32719448816  -0.0197987768957
0.863786491156  105  115  114.648814963  1.47188396308  0.00837821062637
0.863786491156  105  126  125.824418919  1.58466616073  -0.00420588584639
0.863786491156  105  137  137.141058185  1.60259498259  0.077805663046
0.863786491156  105  148  148.474700294  1.26913203507  0.163394322832
0.863786491156  105  160  159.794672283  1.57473071561  -0.0381056086859
0.863786491156  105  171  171.370373751  1.45367054663  0.0967976819395
0.863786491156  106  183  182.808972363  1.58812958526  0.0164971118278
0.863786491156  106  194  194.49182908  1.31240774018  0.0165510713467
0.863786491156  106  206  206.248631545  1.56722757321  0.0569311908729
0.863786491156  106  218  218.032553682  1.64753240849  0.0398377161425
0.863786491156  106  230  229.910906142  1.64775025324  -0.00632529062832
0.863786491156  106  242  241.90818721  1.6868356412  0.00309103956783
0.863786491156  106  254  253.964189424  1.66762284458  -0.00659911074741
0.863786491156  106  266  266.160199175  1.6371808359  0.0751395027341
0.863786491156  106  278  278.389466442  1.49761282474  0.113546817325
0.863786491156  106  291  290.648650849  1.56202528514  0.0171947492427
0.863786491156  106  303  303.104769086  1.6910253308  0.0671218394601
0.863786491156  106  316  315.567751506  1.40358631586  0.0404762690271
0.863786491156  107  328  328.112727637  1.67440179722  0.0901571020091
0.863786491156  107  341  340.729908277  1.64620603604  -0.0263454824523
0.863786491156  107  354  353.527423451  1.5443275719  0.0171482309228
0.863786491156  107  366  366.426168292  1.59063079545  0.0763354552234
0.863786491156  107  379  379.390660137  1.67500300917  0.0601837941569
0.863786491156  107  392  392.444310375  1.61888568668  0.0390552080195
0.863786491156  107  406  405.568664876  1.67050148918  0.0200026734468
0.863786491156  107  419  418.822084013  1.76800726214  -0.0033351398094
0.863786491156  107  432  432.217432933  1.75086647342  0.0525727857472
0.863786491156  107  446  445.643538215  1.70523596166  0.032835472965
0.863786491156  107  459  459.225303681  1.75973397383  0.0683284450341
0.863786491156  107  473  472.835598335  1.74699798947  0.018649638418
0.863786491156  107  487  486.596964674  1.67971894306  0.0364305848599
0.863786491156  107  500  500.48299205  1.60881206964  0.0835512317152
0.863786491156  107  514  514.451264637  1.62462331233  0.0400584692061
0.863786491156  107  529  528.514138097  1.58492646826  0.0238010865632
0.863786491156  107  543  542.677890971  1.70807945171  -0.0304204135077
0.863786491156  107  557  557.02015993  1.83940182814  0.000802886076892
0.863786491156  107  571  571.452161242  1.76741962811  0.0408141367753
0.863786491156  107  586  585.959387042  1.82561500645  0.021581103834
0.863786491156  107  601  600.586271694  1.77779779691  0.00507319975357
0.863786491156  107  615  615.37733978  1.78251163988  0.0661991382135
0.863786491156  107  630  630.23004442  1.7756065999  0.0864951042332
0.863786491156  107  645  645.216675647  1.8087187915  0.0920455703746
0.863786491156  107  660  660.306939492  1.74533452495  0.0904319951047
0.863786491156  107  676  675.513364245  1.67295740781  0.0526318172921
0.863786491156  107  691  690.834432559  1.8416790785  -0.00703149593276
0.863786491156  107  706  706.369260425  1.7874439068  0.0656309975372
0.863786491156  107  722  721.927667894  1.88418346048  -0.00218195035415
0.863786491156  107  738  737.661099471  1.81255952026  -0.0308991704855
0.863786491156  106  754  753.657301227  1.89785069426  0.0391704124257
0.863786491156  106  770  769.633016785  1.83641603446  0.00922268904738
0.863786491156  106  786  785.733160818  1.87404212052  -0.000338053583211
0.863786491156  106  802  802.021289732  1.8863456373  0.0591221926778
0.863786491156  106  818  818.432063853  1.69535444424  0.119927837742
0.863786491156  106  835  834.912580499  1.90381953383  0.00715975415798
0.863786491156  106  852  851.595916242  1.68204671525  0.00748844151045
0.863786491156  106  868  868.469450701  1.65895269572  0.0656782233009
0.863786491156  106  885  885.457176092  1.76876352432  0.00800509055135
0.863786491156  105  903  902.672459793  1.85228023523  -0.0513133976488
0.863786491156  105  920  919.979845215  1.95451163606  0.0185314791427
0.863786491156  105  937  937.407325785  1.87847332461  0.0242339463115
0.863786491156  105  955  954.939548726  1.97507563959  0.0120968127978
0.863786491156  105  973  972.635157758  1.87120863084  0.0117913569788
0.863786491156  105  991  990.516661461  1.75909533692  0.0277592745483
0.863786491156  104  1009  1008.66720547  1.85736823337  -0.00465169988934
1.04371449116  105  7  7.00210986619  1.57886943158  0.0128469683837
1.04371449116  105  17  17.4717602383  1.25050466247  0.0943971260887
1.04371449116  105  28  27.950300695  1.58572924544  0.0301638918486
1.04371449116  105  39  38.524473392  1.2426070218  -0.0371331126414
1.04371449116  105  49  49.2283635262  1.53180399963  0.0670876715052
1.04371449116  105  60  59.9054357967  1.57196826503  -0.0151520283424
1.04371449116  105  71  70.6776818736  1.44223477211  -0.0649598452857
1.04371449116  105  82  81.5806700719  1.29747936819  0.00535172588675
1.04371449116  106  92  92.5056532847  1.95421136402  0.193678053785
1.04371449116  106  104  103.536782871  1.32735658755  0.0112483666732
1.04371449116  106  115  114.612329994  1.44881191502  0.000270875156569
1.04371449116  106  126  125.785561208  1.55043443529  0.00105841344881
1.04371449116  106  137  137.081440695  1.61938710774  0.0601981418027
1.04371449116  106  148  148.431340534  1.30364115738  0.166314899036
1.04371449116  106  160  159.742926809  1.50816947746  -0.0535202925919
1.04371449116  106  171  171.319580978  1.51504287108  0.086084569533
1.04371449116  107  183  182.78238043  1.55511334205  0.0412204670068
1.04371449116  107  194  194.4521737  1.43150318108  0.0408058945386
1.04371449116  107  206  206.173803099  1.62988679192  0.022250380975
1.04371449116  107  218  217.958657756  1.65551917631  0.021950565028
1.04371449116  107  230  229.823411474  1.62114274666  -0.0397689466642
1.04371449116  107  242  241.764144196  1.4882449225  -0.0352557733574
1.04371449116  107  254  253.858700591  1.64478423809  -0.109553328358
1.04371449116  107  266  266.075722065  1.69521704907  0.0594270016563
1.04371449116  107  278  278.32593438  1.55507385495  0.106230826065
1.04371449116  107  291  290.59257318  1.49793993396  0.0286881075596
1.04371449116  107  303  303.032778837  1.69524572598  0.0645279695801
1.04371449116  107  316  315.513470752  1.44436103795  0.0438318890529
1.04371449116  107  328  328.073554356  1.64260881358  0.0418063441702
1.04371449116  108  341  340.652045925  1.54333567641  -0.0442971646175
1.04371449116  108  353  353.48514489  1.45759895625  0.0676544033107
1.04371449116  108  366  366.370373032  1.58706280501  0.0803467841627
1.04371449116  108  379  379.336169732  1.68951777814  0.0609201150913
1.04371449116  108  392  392.374877547  1.60615766842  0.0479566230011
1.04371449116  108  406  405.513537698  1.61062237328  0.0292973649318
1.04371449116  108  419  418.731890847  1.70299014753  -0.0323063579887
1.04371449116  108  432  432.138364224  1.75649346588  0.04788530324
1.04371449116  108  446  445.566581892  1.65851448907  0.0362137076283
1.04371449116  108  459  459.139737022  1.77251239598  0.0733667600695
1.04371449116  108  473  472.726016712  1.72188363376  -0.00656343261037
1.04371449116  108  487  486.514254468  1.52038108315  0.053180811145
1.04371449116  108  500  500.418999009  1.57383128564  0.115699596972
1.04371449116  108  514  514.391775779  1.61985674549  0.0782239459165
1.04371449116  108  528  528.460225556  1.55778763732  0.0828628343899
1.04371449116  108  543  542.591456104  1.61373286477  -0.0286266129069
1.04371449116  108  557  556.89421638  1.81550735582  -0.0337308632824
1.04371449116  108  571  571.374996794  1.77468639105  0.0480493314911
1.04371449116  108  586  585.859409357  1.83791756153  0.00432415001008
1.04371449116  108  600  600.496914595  1.740372906  0.0241869809115
1.04371449116  108  615  615.287155036  1.81091544132  0.07500440784
1.04371449116  108  630  630.127933069  1.82304435983  0.0781372538703
1.04371449116  108  645  645.098243311  1.85421009934  0.0648543845896
1.04371449116  108  660  660.21085994  1.79410091508  0.101134186222
1.04371449116  108  675  675.435073262  1.67176550211  0.101180053855
1.04371449116  108  691  690.703539375  1.75744483291  -0.0348069870954
1.04371449116  108  706  706.276853632  1.80981989306  0.0664941956246
1.04371449116  108  722  721.814518182  1.85274641275  -0.0149739505859
1.04371449116  108  738  737.567316575  1.77074496785  -0.0157777881279
1.04371449116  107  754  753.544010023  1.81543606795  0.0168363775447
1.04371449116  107  770  769.541955575  1.82887215923  0.0349084897725
1.04371449116  107  786  785.636386265  1.83903835584  0.00601854416677
1.04371449116  107  802  801.887736925  1.88202225054  0.0381526789194
1.04371449116  107  818  818.320632295  1.76607417533  0.124081689036
1.04371449116  107  835  834.778141568  1.84855043062  -0.0153368025093
1.04371449116  107  852  851.509643133  1.72633488403  0.0416812769339
1.04371449116  107  868  868.365910795  1.76655626351  0.0885766818532
1.04371449116  107  885  885.339839302  1.85111742733  0.0057510431241
1.04371449116  106  903  902.563449356  1.79675300551  -0.0309503618436
1.04371449116  106  920  919.820328894  1.95075944385  -0.00944831883794
1.04371449116  106  937  937.287037633  1.93055233974  0.0299193413796
1.04371449116  106  955  954.790122221  1.95596052182  -0.0161510188701
1.04371449116  106  973  972.512819838  1.80437171456  0.037805387539
1.04371449116  105  991  990.523551925  1.96793357515  0.103603422413
1.04371449116  105  1009  1008.55784287  1.76667995436  0.0170256161303
1.22364249116  106  7  6.96660042032  1.57009591219  0.00527579443719
1.22364249116  106  17  17.4601130477  1.24894974356  0.104908347341
1.22364249116  106  28  27.9227173359  1.54646776529  0.0240610441448
1.22364249116  106  39  38.502152465  1.23508912186  -0.0430251727686
1.22364249116  106  49  49.1995896216  1.541272373  0.0635861167783
1.22364249116  106  60  59.8703572083  1.55943517961  -0.0221284796454
1.22364249116  106  71  70.6380811674  1.41346091097  -0.0690019566228
1.22364249116  106  82  81.5606759183  1.3124510772  0.0049771091492
1.22364249116  107  92  92.3447052809  1.62900623927  0.0290772022954
1.22364249116  107  104  103.506052795  1.46152655459  0.0283298095074
1.22364249116  107  115  114.581535248  1.43624284425  0.032544804673
1.22364249116  107  126  125.735844128  1.55595112457  -0.0134326673257
1.22364249116  107  137  137.026682577  1.62959042071  0.0425806156283
1.22364249116  107  148  148.399991773  1.38032523945  0.173304718595
1.22364249116  107  160  159.695015261  1.50968333353  -0.055840009085
1.22364249116  107  171  171.257129922  1.55951956913  0.056663066941
1.22364249116  107  183  182.744879231  1.56485821248  -0.00462536001973
1.22364249116  108  194  194.410620022  1.44268212643  0.0403731188807
1.22364249116  108  206  206.121715168  1.61760155357  0.0183755805119
1.22364249116  108  218  217.915493741  1.62980995879  0.00430707501689
1.22364249116  108  230  229.778531487  1.59349664102  -0.0422285251729
1.22364249116  108  242  241.76500256  1.57997906111  -0.0243437575753
1.22364249116  108  254  253.844720157  1.64786898368  0.0145737887272
1.22364249116  108  266  266.011752185  1.67606352799  0.037701875118
1.22364249116  108  278  278.267813002  1.5859526637  0.10589432571
1.22364249116  108  291  290.528659316  1.32739790287  0.0368550764621
1.22364249116  108  303  302.941936703  1.69997845907  0.0334494199362
1.22364249116  108  315  315.471988565  1.42814366815  0.105612918542
1.22364249116  108  328  328.043987191  1.68500665362  0.0804669013881
1.22364249116  109  341  340.599986463  1.52330401984  -0.0198518945298
1.22364249116  109  353  353.432036988  1.55858063836  0.0756419979722
1.22364249116  109  366  366.307096294  1.63359402662  0.0708497562077
1.22364249116  109  379  379.249371366  1.72362207513  0.049626504192
1.22364249116  109  392  392.303283982  1.68945664928  0.0359564816112
1.22364249116  109  405  405.454677941  1.63013890196  0.0518738057581
1.22364249116  109  419  418.658903072  1.69474786936  -0.0295688074169
1.22364249116  109  432  432.051771829  1.76464813335  0.0331040394436
1.22364249116  109  445  445.491532977  1.64756152077  0.0596778092773
1.22364249116  109  459  459.040650112  1.77527361919  0.0402939947176
1.22364249116  109  473  472.644655092  1.67636621486  -0.00658742349462
1.22364249116  109  486  486.450448963  1.53514896125  0.100131477878
1.22364249116  109  500  500.33069461  1.6370003636  0.104176233483
1.22364249116  109  514  514.289211297  1.67986348369  0.0567569391624
1.22364249116  109  528  528.378777803  1.64768898188  0.0797031915859
1.22364249116  109  543  542.530914402  1.6047715481  0.00369471503692
1.22364249116  109  557  556.803663955  1.77432158448  -0.0497083852578
1.22364249116  109  571  571.275672647  1.82208874859  0.0397224140765
1.22364249116  109  586  585.751983507  1.79139465682  -0.0048549677385
1.22364249116  109  600  600.406689501  1.75497328197  0.0277928216243
1.22364249116  109  615  615.176132035  1.85234412502  0.056102966694
1.22364249116  109  630  630.015622281  1.84992117996  0.0554480516546
1.22364249116  109  645  644.977811534  1.8824173443  0.0352740264649
1.22364249116  109  660  660.09891095  1.816021705  0.0721042971686
1.22364249116  109  675  675.33720901  1.73972384674  0.0945621035992
1.22364249116  109  691  690.61440209  1.70518390212  -0.0400235504863
1.22364249116  109  706  706.150077593  1.86231345681  0.0432745424026
1.22364249116  109  722  721.708883591  1.78679421172  -0.0313571488997
1.22364249116  108  738  737.567958353  1.77909832358  -0.0201107019913
1.22364249116  108  753  753.451447668  1.83802514329  0.0416505469657
1.22364249116  108  769  769.440783647  1.81426311823  0.054412480536
1.22364249116  108  786  785.527046546  1.78488182172  0.0217626123678
1.22364249116  108  802  801.752852473  1.86563304761  0.0179196435329
1.22364249116  108  818  818.196079423  1.84489538082  0.11141883952
1.22364249116  108  835  834.656407473  1.75440267822  -0.0264785668417
1.22364249116  108  851  851.409418005  1.7520045645  0.0785867099016
1.22364249116  108  868  868.247533926  1.83997678963  0.0796609454518
1.22364249116  107  885  885.351648373  1.79937848394  0.0590458273566
1.22364249116  107  902  902.455614417  1.824999976  0.00553285039733
1.22364249116  107  920  919.699912636  1.88450385753  -0.0170823411209
1.22364249116  107  937  937.139578449  1.96743294967  0.0146202310921
1.22364249116  107  955  954.657713479  1.88873083584  -0.0214954912911
1.22364249116  107  972  972.415999863  1.80437532649  0.0741489606913
1.22364249116  106  990  990.412492093  1.81718800529  0.0747515212284
1.22364249116  106  1008  1008.44273972  1.77536610761  0.0617048641719
1.40357049116  106  7  6.99709463847  1.58936503597  0.0974879529209
1.40357049116  107  17  17.4115047968  1.28660728152  0.126594098834
1.40357049116  107  28  27.8528996904  1.51885837217  -0.011587137914
1.40357049116  107  38  38.4789523405  1.22971832211  0.0400665422788
1.40357049116  107  49  49.1475075958  1.56780804092  0.0523852144292
1.40357049116  107  60  59.8142945242  1.54670671824  -0.0433898747394
1.40357049116  107  71  70.6046372795  1.38573587001  -0.0874083529285
1.40357049116  107  82  81.5238275408  1.39920283197  0.0129457600842
1.40357049116  108  92  92.4678395971  1.43642127985  0.0962896376493
1.40357049116  108  103  103.478578097  1.37482838526  0.0680899239847
1.40357049116  108  115  114.5400656  1.33423062859  0.0313842359598
1.40357049116  108  126  125.683088657  1.48632880346  -0.0341060920203
1.40357049116  108  137  136.966667179  1.63106196958  0.0229292989131
1.40357049116  108  148  148.346940731  1.43001324927  0.167561135056
1.40357049116  108  160  159.66654685  1.46839831837  -0.0374096332979
1.40357049116  108  171  171.212069666  1.58044655524  0.0561506096875
1.40357049116  108  183  182.700172002  1.53192055715  -0.0290927696751
1.40357049116  109  194  194.384016724  1.43150982329  0.0750747339479
1.40357049116  109  206  206.05727864  1.61892415266  -0.0135350574454
1.40357049116  109  218  217.841833006  1.63465780337  -0.0272241256275
1.40357049116  109  230  229.720403991  1.58371202395  -0.066820225675
1.40357049116  109  242  241.699462972  1.58581296879  -0.0388411005799
1.40357049116  109  254  253.772213778  1.64297989554  0.00423321384358
1.40357049116  109  266  265.939806186  1.69275681885  0.0200863025267
1.40357049116  109  278  278.203404843  1.67001610304  0.0793486490277
1.40357049116  109  290  290.493906197  1.37739561399  0.0973400095599
1.40357049116  109  303  302.864692297  1.68671935769  0.0209824224132
1.40357049116  109  315  315.412073045  1.53780124627  0.106659389726
1.40357049116  109  328  327.951183233  1.7027575128  0.0450173117394
1.40357049116  109  341  340.600096187  1.52210598318  -0.0261087553974
1.40357049116  110  353  353.374693808  1.60088778603  0.0616718769552
1.40357049116  110  366  366.236729299  1.65169289457  0.0526849681703
1.40357049116  110  379  379.170386664  1.73066193091  0.00269312300429
1.40357049116  110  392  392.230819935  1.6896505307  0.0158144399634
1.40357049116  110  405  405.393033141  1.67639627723  0.0444204266096
1.40357049116  110  419  418.60601875  1.68280662307  -0.0224603404705
1.40357049116  110  432  431.957491215  1.75993847163  0.00607846910097
1.40357049116  110  445  445.42785894  1.68484828692  0.0404168628827
1.40357049116  110  459  458.947357748  1.77590518675  0.0191786867032
1.40357049116  110  473  472.580513624  1.64954412424  0.00626462482771
1.40357049116  110  486  486.380135228  1.59927784556  0.10039079896
1.40357049116  110  500  500.25166471  1.68890901735  0.0931079050482
1.40357049116  110  514  514.198943195  1.72163096897  0.0289118191735
1.40357049116  110  528  528.298876791  1.68206032815  0.077192234093
1.40357049116  110  542  542.467066464  1.63373286226  0.0384014640532
1.40357049116  110  557  556.706818901  1.73419463158  -0.0666193013576
1.40357049116  110  571  571.189246711  1.85476472941  0.0231000798714
1.40357049116  110  586  585.666933262  1.80212838748  -0.0153529670871
1.40357049116  110  600  600.329490694  1.77375963529  0.0250587138036
1.40357049116  110  615  615.072815788  1.85490899233  0.0304887579404
1.40357049116  110  630  629.908132685  1.84714191384  0.0278266040214
1.40357049116  110  645  644.872117469  1.85260103509  0.023711200844
1.40357049116  110  660  659.992930918  1.82374767112  0.0560810305554
1.40357049116  110  675  675.235650194  1.79280244669  0.0833302917072
1.40357049116  110  691  690.535602904  1.64440275824  -0.0251675641181
1.40357049116  110  706  706.03985255  1.83826291621  0.0253987337734
1.40357049116  110  722  721.60976838  1.71049986714  -0.0461107377494
1.40357049116  109  737  737.476000002  1.77113306867  0.0100081020825
1.40357049116  109  753  753.353204866  1.8567860706  0.0473477868188
1.40357049116  109  769  769.332967762  1.85098779331  0.052244337265
1.40357049116  109  785  785.435636137  1.81501836693  0.0333235906659
1.40357049116  109  802  801.659908103  1.82479363018  0.0161227801066
1.40357049116  109  818  818.073563005  1.90834601613  0.0811234037191
1.40357049116  109  835  834.555767652  1.67989553916  -0.0147073137416
1.40357049116  109  851  851.308295151  1.82052193749  0.073016375721
1.40357049116  109  868  868.136923591  1.86049175198  0.0659323872494
1.40357049116  108  885  885.207392615  1.90703086048  0.00450052648773
1.40357049116  108  902  902.346027598  1.83996967159  0.0234915153787
1.40357049116  108  920  919.587254413  1.83183902182  -0.0141915409942
1.40357049116  108  937  937.00138688  1.95773728427  -0.0110136759859
1.40357049116  108  955  954.547970272  1.84476566202  -0.00737659345665
1.40357049116  108  972  972.301424289  1.84275914926  0.0782937766894
1.40357049116  107  990  990.286476798  1.8526625913  0.064677392986
1.40357049116  107  1008  1008.33586559  1.84560143955  0.086943095099
