# Band 1C   Etalon 1A   Slice 7
# Distortion map version 06.04.00 - date 2018-10-04
# Trace (isoalpha): Take pixel trace along specified slice, specified alpha position trace is built by taking the pixel in every detector row with alpha value closest to the one specified 
# xpos[i] = np.argmin(alpha_img[i,:])+funcs.find_nearest(alpha_img[i,:][(slice_img[i,:]!=0)],alpha_pos)
#    alpha       x  y      center         FWHM          skewness
0.0  216  9  8.58474933582  1.20966871305  0.0683036976745
0.0  216  19  18.9902533659  1.48229678349  0.0933382273873
0.0  217  29  29.491348868  1.15870937944  0.169668533447
0.0  217  40  39.9809381449  1.49705174253  0.057267734863
0.0  217  51  50.5475240841  1.21519080723  0.05106534304
0.0  217  61  61.2884275095  1.42381173781  0.181047489692
0.0  217  72  71.9570359556  1.51484533938  0.0638382266268
0.0  217  83  82.7375244583  1.45676916693  0.0523040757437
0.0  217  94  93.6113821049  1.31125161987  0.0628549795436
0.0  218  105  104.58933453  1.2600725148  0.0391031816203
0.0  218  116  115.632670121  1.29459541959  0.101596890714
0.0  218  127  126.725882585  1.444500805  0.0695422797286
0.0  218  138  137.939481244  1.5271921021  0.0968202047915
0.0  218  149  149.270086077  1.42658688769  0.253120306277
0.0  218  161  160.521882947  1.23104041581  0.0656876224015
0.0  218  172  171.929109828  1.5473356208  0.0533477233815
0.0  218  183  183.473005434  1.24947086271  0.168611314864
0.0  218  195  195.01707916  1.61120996756  0.0602745908163
0.0  219  207  206.643292972  1.47723118205  -0.0128427520798
0.0  219  218  218.456891749  1.3055667264  0.170026143654
0.0  219  230  230.290706196  1.55726402934  0.147237246744
0.0  219  242  242.179667484  1.59262637567  0.134165682401
0.0  219  254  254.172940974  1.60965974966  0.175698931824
0.0  219  266  266.251332476  1.54719025032  0.184357073796
0.0  219  278  278.404415337  1.44453216824  0.205554006094
0.0  219  291  290.562655048  1.32360414197  0.0726009829168
0.0  219  303  302.919438678  1.65085493316  0.0773529094709
0.0  219  315  315.396591473  1.44692879886  0.175874850294
0.0  219  328  327.843731076  1.64537792587  0.0564929428967
0.0  219  340  340.482187595  1.37347423917  0.0692668207636
0.0  220  353  353.227865603  1.66754133654  0.117346363894
0.0  220  366  365.990654003  1.70455666693  0.0715922433607
0.0  220  379  378.848937717  1.72480004121  0.00813581750252
0.0  220  392  391.830392721  1.70459625678  0.0326407039756
0.0  220  405  404.913650428  1.74302484817  0.0606911436309
0.0  220  418  418.13414292  1.74161876122  0.0977366482319
0.0  220  431  431.408283893  1.57211034077  0.136387308657
0.0  220  445  444.718911496  1.69114342129  0.054996812803
0.0  220  458  458.254437479  1.65928758603  0.137432369181
0.0  220  472  471.782256577  1.67979239063  0.0581582182928
0.0  220  485  485.500531806  1.38872514347  0.147575516417
0.0  220  499  499.323135289  1.67967559011  0.127980792008
0.0  220  513  513.218815524  1.77304693039  0.0673259042518
0.0  220  527  527.219572568  1.7649001142  0.0816493435761
0.0  220  541  541.345613458  1.7349970105  0.0794100685722
0.0  220  556  555.52326025  1.70450318819  0.0274645355367
0.0  220  570  569.861231674  1.8410502499  0.0335530824512
0.0  220  584  584.339557309  1.7054402265  0.116938645206
0.0  220  599  598.830749671  1.83267722822  0.0281516510519
0.0  220  614  613.52549485  1.628575812  0.0824669742026
0.0  220  628  628.367874482  1.62457206517  0.151684257436
0.0  220  643  643.280060204  1.77274012062  0.121105267953
0.0  220  658  658.318443761  1.73945563525  0.0968040614983
0.0  220  673  673.463738319  1.69187174451  0.0589299330383
0.0  220  689  688.707825  1.82293269818  -0.0200574396435
0.0  220  704  704.172198248  1.89084392873  0.0603361498353
0.0  220  720  719.660946475  1.8674576399  0.00348493755911
0.0  219  735  735.372358966  1.84881387104  0.0664706822021
0.0  219  751  751.148537546  1.90573625049  0.0880702829284
0.0  219  767  767.038498003  1.9218707717  0.079018844667
0.0  219  783  783.086229758  1.89410134377  0.0719956787306
0.0  219  799  799.309645212  1.80230250297  0.132454356384
0.0  219  816  815.577901449  1.83040405153  -0.0974408439078
0.0  219  832  832.106925516  1.91647741452  0.0322868073545
0.0  219  849  848.687732709  1.88727053768  -0.0149692636232
0.0  219  865  865.491243159  1.84869639368  0.0302857197451
0.0  218  882  882.432337421  1.86551761263  0.0159749288748
0.0  218  899  899.479696008  1.87444394768  0.0442405104594
0.0  218  917  916.652658272  1.91213466049  0.0164208063873
0.0  218  934  934.014221069  1.9748494474  0.048260803895
0.0  218  951  951.497319138  1.81849994175  0.0812298235823
0.0  218  969  969.193778548  1.93765000205  0.126781102396
0.0  217  987  987.029356876  1.98355742299  0.052806521936
0.0  217  1005  1005.05092857  1.98379785648  0.0538275441175
-1.38480230193  209  8  8.4105956053  1.17062384847  0.203460362927
-1.38480230193  209  19  18.6774559072  1.29196291872  0.0282362833269
-1.38480230193  209  29  29.26284187  1.35669607687  0.211521428471
-1.38480230193  209  40  39.6509983727  1.26836119095  -0.00719273928076
-1.38480230193  210  50  50.3915443434  1.20086541412  0.188004225201
-1.38480230193  210  61  60.9984377649  1.5245638905  0.0887960952354
-1.38480230193  210  72  71.6861396298  1.34493919252  -0.0123449326251
-1.38480230193  210  83  82.5317670806  1.18357096273  0.0888671858632
-1.38480230193  210  93  93.4588631692  1.30798259953  0.0862895875891
-1.38480230193  210  104  104.43867663  1.18866296018  0.174987447745
-1.38480230193  210  115  115.472674788  1.1675542833  0.245391781114
-1.38480230193  210  127  126.529003768  1.16609879419  0.139453278182
-1.38480230193  211  138  137.715175933  1.4061519155  0.0478858134961
-1.38480230193  211  149  149.058077851  1.53826146658  0.194938390683
-1.38480230193  211  160  160.410674902  1.28282616986  0.17295981375
-1.38480230193  211  172  171.734148867  1.4749424644  0.000649233676957
-1.38480230193  211  183  183.33681294  1.414034307  0.197494453542
-1.38480230193  211  195  194.833313347  1.57922172209  0.00385482632391
-1.38480230193  211  207  206.510755931  1.29704427948  0.0265670171645
-1.38480230193  211  218  218.313961861  1.47895996553  0.171636876799
-1.38480230193  211  230  230.11315442  1.63010294074  0.0959632959415
-1.38480230193  212  242  242.033170321  1.61471593563  0.0735732231896
-1.38480230193  212  254  254.044910299  1.64325381093  0.142889853347
-1.38480230193  212  266  266.130365236  1.60631576211  0.146382986987
-1.38480230193  212  278  278.315673624  1.47549287431  0.210423649185
-1.38480230193  212  290  290.507238466  1.20443124378  0.176772520458
-1.38480230193  212  303  302.807302367  1.60151339484  0.0520664233148
-1.38480230193  212  315  315.330917556  1.51623719404  0.181944935677
-1.38480230193  212  328  327.762438224  1.58327393205  0.0466100428468
-1.38480230193  212  340  340.436472088  1.35758043532  0.121998959224
-1.38480230193  212  353  353.142900236  1.65559486364  0.094411617802
-1.38480230193  212  366  365.907092674  1.67101230695  0.0363047080366
-1.38480230193  212  379  378.771343087  1.67545832543  -0.015261922673
-1.38480230193  212  392  391.776524615  1.69700389278  0.00234495496856
-1.38480230193  212  405  404.877363062  1.77040088647  0.0324290530972
-1.38480230193  212  418  418.116682383  1.69946036236  0.157593972361
-1.38480230193  213  431  431.384239128  1.59272556175  0.121822512629
-1.38480230193  213  445  444.718241441  1.68159338845  0.0431601704608
-1.38480230193  213  458  458.260328622  1.64002563074  0.142666357641
-1.38480230193  213  472  471.77860069  1.68794896851  0.0373132608448
-1.38480230193  213  486  485.51241714  1.44666840696  0.111931915914
-1.38480230193  213  499  499.34831743  1.62460637266  0.120022067127
-1.38480230193  213  513  513.245000529  1.71055787365  0.0597343221347
-1.38480230193  213  527  527.276077728  1.72893553733  0.0920705792795
-1.38480230193  213  541  541.39775913  1.69024183772  0.0718058523899
-1.38480230193  213  556  555.583756208  1.70437449332  0.00194390951804
-1.38480230193  213  570  569.935142058  1.81577906528  0.0339593846618
-1.38480230193  213  584  584.406323811  1.65936865595  0.0876778918478
-1.38480230193  213  599  598.932875268  1.84096323748  0.0449947456512
-1.38480230193  213  614  613.60613939  1.68854562061  0.0515046536101
-1.38480230193  213  628  628.452288454  1.54656972135  0.130270681348
-1.38480230193  213  643  643.397124207  1.64556917561  0.119363965602
-1.38480230193  212  658  658.440258281  1.59671681604  0.0862244797427
-1.38480230193  212  674  673.569628207  1.68935070923  -0.00796911451761
-1.38480230193  212  689  688.873559699  1.87097349662  -0.0153235888824
-1.38480230193  212  704  704.335962741  1.77957694993  0.0591575755882
-1.38480230193  212  720  719.838301523  1.88842711687  -0.000491834661036
-1.38480230193  212  736  735.518730867  1.83396113209  0.0216884330399
-1.38480230193  212  751  751.347168046  1.84736481427  0.0950044044085
-1.38480230193  212  767  767.248811784  1.86867043336  0.0972649935157
-1.38480230193  212  783  783.304278194  1.81134703361  0.104075305183
-1.38480230193  212  799  799.490431223  1.63277466956  0.129116764008
-1.38480230193  212  816  815.793073773  1.88422100797  0.017670400031
-1.38480230193  212  832  832.356556003  1.78952564199  0.066266256664
-1.38480230193  211  849  848.981209034  1.94301262224  0.00222789303661
-1.38480230193  211  866  865.744823734  1.92027776923  -0.010924269428
-1.38480230193  211  883  882.64975844  1.88568185126  -0.0415305115962
-1.38480230193  211  900  899.733230177  1.92506737205  0.000948409556594
-1.38480230193  211  917  916.950660961  1.95884443729  0.0344628399828
-1.38480230193  211  934  934.316615536  1.87019955844  0.0575854098398
-1.38480230193  210  952  951.83647206  1.9160329891  0.0410717262816
-1.38480230193  210  970  969.515191604  1.76706057385  0.0802760274099
-1.38480230193  210  987  987.400088528  1.82543237844  0.109751504833
-1.38480230193  210  1005  1005.40462649  1.83509827267  0.0845228950877
-1.20487430193  210  8  8.44074480238  1.15361300017  0.190750751394
-1.20487430193  210  19  18.7204717364  1.34510201678  0.0247788849265
-1.20487430193  210  29  29.3030311125  1.32129325537  0.222178983325
-1.20487430193  210  40  39.7015704071  1.33003132038  0.00758093383644
-1.20487430193  211  50  50.4178218929  1.16995933847  0.198466613078
-1.20487430193  211  61  61.0517092668  1.52031270503  0.113709222003
-1.20487430193  211  72  71.7282509536  1.41014129544  0.00761140617715
-1.20487430193  211  83  82.5615465388  1.21861856082  0.0633000389435
-1.20487430193  211  93  93.4782191191  1.26715349695  0.0748719368856
-1.20487430193  211  104  104.465127694  1.20551310413  0.179260874242
-1.20487430193  211  115  115.491368394  1.1293482442  0.238848556834
-1.20487430193  211  127  126.546466555  1.18800898843  0.12343410619
-1.20487430193  212  138  137.735459944  1.40568404299  0.0337620926741
-1.20487430193  212  149  149.088266923  1.5406782101  0.213078722209
-1.20487430193  212  160  160.431112495  1.25950388544  0.151068173448
-1.20487430193  212  172  171.76843147  1.47022315811  0.00687605238672
-1.20487430193  212  183  183.367855929  1.36008386864  0.198400303415
-1.20487430193  212  195  194.850666724  1.56184859687  0.00644117622943
-1.20487430193  212  207  206.522516302  1.26830625474  0.0087250201893
-1.20487430193  212  218  218.345591533  1.42685964313  0.183373134412
-1.20487430193  212  230  230.140925017  1.58135276201  0.110059258758
-1.20487430193  212  242  242.038637875  1.61465815787  0.10337785444
-1.20487430193  213  254  254.06489233  1.63520357294  0.152412077103
-1.20487430193  213  266  266.151330174  1.62471579989  0.143639026017
-1.20487430193  213  278  278.330172245  1.47708015131  0.21321173164
-1.20487430193  213  291  290.509595417  1.22577723705  0.143516678839
-1.20487430193  213  303  302.829261971  1.6344995763  0.0526023927499
-1.20487430193  213  315  315.34588329  1.48630825098  0.190611731092
-1.20487430193  213  328  327.774449048  1.62207621825  0.0421505559017
-1.20487430193  213  340  340.443698159  1.35725848547  0.11684601819
-1.20487430193  213  353  353.148245064  1.65612643444  0.0896046117203
-1.20487430193  213  366  365.917832485  1.69200143137  0.0368350143785
-1.20487430193  213  379  378.791394616  1.69319200911  -0.0128709898961
-1.20487430193  213  392  391.777067015  1.71411678033  0.00368526205842
-1.20487430193  213  405  404.893875566  1.75091291484  0.0467908286893
-1.20487430193  213  418  418.090089911  1.72460231451  0.0815538877402
-1.20487430193  213  431  431.383942244  1.59574363686  0.119676389705
-1.20487430193  214  445  444.729548112  1.69121289584  0.0507532082297
-1.20487430193  214  458  458.255261601  1.63707980064  0.131456040958
-1.20487430193  214  472  471.792131132  1.68262446856  0.0470368133884
-1.20487430193  214  486  485.516420512  1.47221694031  0.104349294721
-1.20487430193  214  499  499.353553422  1.63055672946  0.119773229316
-1.20487430193  214  513  513.234109517  1.7364082742  0.0459698900856
-1.20487430193  214  527  527.274195258  1.72737922078  0.0914285643161
-1.20487430193  214  541  541.390096062  1.70827920988  0.0708370053735
-1.20487430193  214  556  555.572905145  1.71469241783  -0.00407550828691
-1.20487430193  214  570  569.928509007  1.83088846262  0.0304620741255
-1.20487430193  214  584  584.399477745  1.69845426707  0.081933051881
-1.20487430193  214  599  598.920566954  1.82861152188  0.0431634340409
-1.20487430193  214  614  613.605158603  1.70900886246  0.052285578559
-1.20487430193  214  628  628.439287904  1.53834300066  0.126413755328
-1.20487430193  213  643  643.397195414  1.64414787232  0.121282275907
-1.20487430193  213  658  658.424353107  1.58814246398  0.0871608579334
-1.20487430193  213  674  673.557897728  1.68238366362  -0.00307437012007
-1.20487430193  213  689  688.856159317  1.88432271473  -0.0204748996933
-1.20487430193  213  704  704.325809845  1.80771226061  0.064929858797
-1.20487430193  213  720  719.814127779  1.89964311601  -0.00229136023487
-1.20487430193  213  735  735.503311728  1.8137825097  0.0310906439645
-1.20487430193  213  751  751.312139572  1.83344239344  0.0914416544737
-1.20487430193  213  767  767.223662071  1.86799733838  0.098011670092
-1.20487430193  213  783  783.280976729  1.83227452885  0.100419218751
-1.20487430193  213  799  799.471149776  1.65171735933  0.140738204326
-1.20487430193  213  816  815.768228423  1.85222235062  0.0234584345431
-1.20487430193  212  832  832.348964091  1.79475230165  0.0562763264418
-1.20487430193  212  849  848.955914766  1.939161887  0.0128424540566
-1.20487430193  212  866  865.713480781  1.90014539663  -0.0132630620963
-1.20487430193  212  883  882.61716532  1.8686319807  -0.0433212368628
-1.20487430193  212  900  899.688169498  1.91904162579  -0.00770659918477
-1.20487430193  212  917  916.89016049  1.95289680721  0.0254950452951
-1.20487430193  212  934  934.286294746  1.87274557769  0.0687272759971
-1.20487430193  211  952  951.793913868  1.9077572437  0.0494172734119
-1.20487430193  211  969  969.490213028  1.80179877331  0.101124849687
-1.20487430193  211  987  987.354538912  1.87868054007  0.10171095038
-1.20487430193  211  1005  1005.35623166  1.84270431989  0.0781174986061
-1.02494630193  211  8  8.46377878867  1.132070883  0.183343598641
-1.02494630193  211  19  18.7652412781  1.39488600583  0.041983624804
-1.02494630193  211  29  29.3364698558  1.28014562314  0.229809660996
-1.02494630193  211  40  39.7197356072  1.36660360297  -0.000685968379107
-1.02494630193  211  50  50.4096408686  1.20712604874  0.125665530433
-1.02494630193  212  61  61.0956353393  1.50537318566  0.129726037065
-1.02494630193  212  72  71.7631191169  1.44638904924  0.013859070978
-1.02494630193  212  83  82.5798274443  1.2356704875  0.0501155843727
-1.02494630193  212  94  93.5071000046  1.23210885376  0.0687339333142
-1.02494630193  212  104  104.484768493  1.16453973435  0.1686066615
-1.02494630193  212  115  115.503785955  1.1726001336  0.204489869939
-1.02494630193  212  127  126.558835328  1.22509397404  0.0946667118676
-1.02494630193  212  138  137.751506214  1.44775665121  0.0560243288346
-1.02494630193  213  149  149.115731754  1.53243983941  0.219607895229
-1.02494630193  213  160  160.448494789  1.28174822719  0.161897948899
-1.02494630193  213  172  171.788008274  1.49278674965  0.00520132913147
-1.02494630193  213  183  183.38419145  1.33250676686  0.21335862837
-1.02494630193  213  195  194.875113756  1.58427070078  0.0112389566057
-1.02494630193  213  207  206.540526049  1.27728646882  0.015014843147
-1.02494630193  213  218  218.359768251  1.39942717326  0.182950928438
-1.02494630193  213  230  230.170560538  1.60224139693  0.115941141593
-1.02494630193  213  242  242.057340379  1.64327892307  0.0960282159814
-1.02494630193  214  254  254.087373679  1.61914008584  0.171297781497
-1.02494630193  214  266  266.16555902  1.59347497206  0.147445525216
-1.02494630193  214  278  278.338779795  1.46103820865  0.209859688646
-1.02494630193  214  291  290.518978521  1.23034321164  0.141556623402
-1.02494630193  214  303  302.833649082  1.62642855039  0.0537322754443
-1.02494630193  214  315  315.353193028  1.50941976946  0.192522970058
-1.02494630193  214  328  327.787080662  1.62288680938  0.0478042150289
-1.02494630193  214  340  340.447671529  1.36140811682  0.117550822586
-1.02494630193  214  353  353.15914055  1.66796758697  0.0926187818664
-1.02494630193  214  366  365.929232957  1.68713041666  0.0450428503589
-1.02494630193  214  379  378.79490122  1.69664133092  -0.0110965777999
-1.02494630193  214  392  391.792004809  1.68693199397  0.0074203609697
-1.02494630193  214  405  404.895561498  1.75322044445  0.0388596445561
-1.02494630193  214  418  418.104217982  1.70785947541  0.084825153176
-1.02494630193  214  431  431.394845233  1.61492193358  0.108226091979
-1.02494630193  214  445  444.717642637  1.69958772154  0.0384335518603
-1.02494630193  214  458  458.255261601  1.63707980064  0.131456040958
-1.02494630193  215  472  471.796829526  1.7029770473  0.0651060081831
-1.02494630193  215  485  485.504487632  1.4509579948  0.112938930247
-1.02494630193  215  499  499.332154186  1.64466455417  0.100803098117
-1.02494630193  215  513  513.229517332  1.7393609828  0.0461846301507
-1.02494630193  215  527  527.256773457  1.74281953846  0.0895316407203
-1.02494630193  215  541  541.363561118  1.73182580123  0.0538022404238
-1.02494630193  215  556  555.568400958  1.72465006464  0.010899765311
-1.02494630193  215  570  569.911401896  1.81950752422  0.0373546857311
-1.02494630193  215  584  584.387811873  1.71902412132  0.0833312340002
-1.02494630193  215  599  598.910361858  1.83791094302  0.045752338647
-1.02494630193  214  614  613.605158603  1.70900886246  0.052285578559
-1.02494630193  214  628  628.43917891  1.53611881703  0.131408112899
-1.02494630193  214  643  643.379259466  1.68681038459  0.116523862336
-1.02494630193  214  658  658.419572341  1.62889303065  0.0894493167496
-1.02494630193  214  674  673.543937221  1.68127589275  -0.00439033268715
-1.02494630193  214  689  688.829689559  1.88107593045  -0.0299316340143
-1.02494630193  214  704  704.297728811  1.81675103597  0.051907721815
-1.02494630193  214  720  719.798830315  1.87497810611  -0.000151152994771
-1.02494630193  214  735  735.471778681  1.81204480825  0.0267957978157
-1.02494630193  214  751  751.290886605  1.84730925034  0.0960206423872
-1.02494630193  214  767  767.198326708  1.87732553347  0.0974473712692
-1.02494630193  214  783  783.244567307  1.85683898285  0.0985906204553
-1.02494630193  214  799  799.444193288  1.67533263468  0.141258278082
-1.02494630193  214  816  815.737019174  1.84033610597  0.028543121761
-1.02494630193  213  832  832.31233898  1.79151455791  0.046689164512
-1.02494630193  213  849  848.906949352  1.94337769366  -0.00273450648202
-1.02494630193  213  866  865.684303068  1.89255844461  -0.0112363216056
-1.02494630193  213  883  882.585145479  1.83937845415  -0.0479461434484
-1.02494630193  213  900  899.64410861  1.89504343434  -0.0136228792235
-1.02494630193  213  917  916.852609974  1.96599400332  0.0218304668822
-1.02494630193  213  934  934.251579841  1.90321389937  0.0737854919106
-1.02494630193  212  952  951.740489305  1.90377244065  0.0434598871008
-1.02494630193  212  969  969.452477781  1.77091674468  0.130124114128
-1.02494630193  212  987  987.295439172  1.87739307688  0.0902797374556
-1.02494630193  212  1005  1005.31329443  1.88267935619  0.087412540172
-0.845018301926  212  8  8.49063514452  1.16238135706  0.176402932206
-0.845018301926  212  19  18.8029886984  1.3938666665  0.0534812436644
-0.845018301926  212  29  29.3699494718  1.2539379456  0.237553114396
-0.845018301926  212  40  39.7554298082  1.37231373526  0.00726889735747
-0.845018301926  212  50  50.4378825622  1.15822232855  0.169642035448
-0.845018301926  213  61  61.1337306422  1.50448073037  0.137982742752
-0.845018301926  213  72  71.7954810327  1.46082593372  0.0121822010826
-0.845018301926  213  83  82.6089643596  1.28702725171  0.0556011544401
-0.845018301926  213  94  93.5300032597  1.21226100928  0.108040937777
-0.845018301926  213  104  104.498725754  1.18632703756  0.143040000889
-0.845018301926  213  116  115.520262791  1.16601351401  0.162289930188
-0.845018301926  213  127  126.584375718  1.24966150404  0.0770920819814
-0.845018301926  213  138  137.769276764  1.44107378768  0.055304100171
-0.845018301926  214  149  149.166842979  1.49286484442  0.242349554751
-0.845018301926  214  160  160.4624082  1.2486592995  0.15896148188
-0.845018301926  214  172  171.809400536  1.49222273905  0.0168204464256
-0.845018301926  214  183  183.409059855  1.30898090397  0.208685798473
-0.845018301926  214  195  194.898079642  1.59269831233  0.016261316851
-0.845018301926  214  207  206.553871577  1.29145327718  0.0182212251105
-0.845018301926  214  218  218.377767361  1.38978816502  0.183916439548
-0.845018301926  214  230  230.187566476  1.56826217395  0.126076578891
-0.845018301926  214  242  242.07977624  1.62080004443  0.10040233588
-0.845018301926  214  254  254.096082526  1.61913568517  0.182535331719
-0.845018301926  215  266  266.182426172  1.58971696034  0.162634505912
-0.845018301926  215  278  278.347717292  1.47926341464  0.206164282257
-0.845018301926  215  291  290.52747618  1.22808355724  0.119793550099
-0.845018301926  215  303  302.86120254  1.64192624743  0.0726841040826
-0.845018301926  215  315  315.363418973  1.49238703011  0.176525929441
-0.845018301926  215  328  327.800704906  1.63384336913  0.0613465066537
-0.845018301926  215  340  340.452892379  1.38621269744  0.124542820647
-0.845018301926  215  353  353.160445001  1.67444901263  0.0868892650272
-0.845018301926  215  366  365.924592976  1.70638490991  0.041528538012
-0.845018301926  215  379  378.802984761  1.70799151665  -0.0010405758704
-0.845018301926  215  392  391.797806727  1.70217788068  0.0165078909228
-0.845018301926  215  405  404.903125344  1.7618109217  0.0599614851663
-0.845018301926  215  418  418.101669818  1.73142089697  0.0773596286372
-0.845018301926  215  431  431.395270115  1.62424130922  0.110634587798
-0.845018301926  215  445  444.716002205  1.69982886622  0.0483132672088
-0.845018301926  215  458  458.256248404  1.65139283733  0.136046689117
-0.845018301926  215  472  471.789902504  1.7030676404  0.0617194085906
-0.845018301926  215  485  485.504487632  1.4509579948  0.112938930247
-0.845018301926  215  499  499.331692254  1.64817974556  0.0953368728128
-0.845018301926  216  513  513.244722794  1.74336642298  0.082143215446
-0.845018301926  216  527  527.24518875  1.75367566211  0.0848770958191
-0.845018301926  216  541  541.370009661  1.71930585165  0.0691900786243
-0.845018301926  216  556  555.565944659  1.7247432305  0.00824992037705
-0.845018301926  215  570  569.922628268  1.82436551095  0.0807988836181
-0.845018301926  215  584  584.387811873  1.71902412132  0.0833312340002
-0.845018301926  215  599  598.910361858  1.83791094302  0.045752338647
-0.845018301926  215  614  613.588984348  1.68548443579  0.0523934917384
-0.845018301926  215  628  628.417793083  1.60359040333  0.126839358327
-0.845018301926  215  643  643.356280573  1.68790630596  0.113867493033
-0.845018301926  215  658  658.394842488  1.68359606062  0.0820461975032
-0.845018301926  215  674  673.538525883  1.7213828508  0.00305547034396
-0.845018301926  215  689  688.819843627  1.8820903044  -0.0126895345057
-0.845018301926  215  704  704.262072809  1.83576440711  0.0470955321034
-0.845018301926  215  720  719.769268443  1.89782527224  -0.000898031972571
-0.845018301926  215  735  735.456046172  1.83964397036  0.0480117707234
-0.845018301926  215  751  751.247506844  1.88582143751  0.0865862929799
-0.845018301926  215  767  767.150845976  1.88085521616  0.0855647174637
-0.845018301926  215  783  783.224428812  1.85725705083  0.0907482141916
-0.845018301926  215  799  799.42343773  1.72557079736  0.124273741795
-0.845018301926  215  816  815.693183111  1.79954958181  -0.00346754806751
-0.845018301926  214  832  832.281916733  1.8587189895  0.0502925569446
-0.845018301926  214  849  848.866818391  1.93917596487  -0.0037404673891
-0.845018301926  214  866  865.637228546  1.87166886861  -0.01080203459
-0.845018301926  214  883  882.548949074  1.83806345241  -0.038991083666
-0.845018301926  214  900  899.607649538  1.91547304422  -0.00616411109744
-0.845018301926  214  917  916.808934725  1.95281149526  0.0152700309501
-0.845018301926  213  934  934.25207624  1.90041424324  0.0790677956463
-0.845018301926  213  952  951.700720761  1.89265265894  0.0351917615088
-0.845018301926  213  969  969.416958066  1.78520519532  0.134589985283
-0.845018301926  213  987  987.256364717  1.90877443034  0.0892440334753
-0.845018301926  213  1005  1005.26459815  1.90439436531  0.0810495525448
-0.665090301926  213  9  8.5126519939  1.22024036227  0.106941933163
-0.665090301926  213  19  18.8478054494  1.43529015966  0.0605003114662
-0.665090301926  213  29  29.3997341314  1.21459248018  0.237295109238
-0.665090301926  213  40  39.8056567463  1.41162152736  0.0313407914796
-0.665090301926  213  50  50.4669559628  1.16785785094  0.179241073558
-0.665090301926  214  61  61.1833027647  1.46951477209  0.152759379726
-0.665090301926  214  72  71.8470718696  1.44746933126  0.0435676675184
-0.665090301926  214  83  82.6257126213  1.33432990601  0.0411425503676
-0.665090301926  214  94  93.5503838736  1.19802815641  0.103786152749
-0.665090301926  214  105  104.51117057  1.18293643203  0.0968126114454
-0.665090301926  214  116  115.5421463  1.1751175243  0.16832501271
-0.665090301926  214  127  126.605254392  1.25602212351  0.0738059331624
-0.665090301926  214  138  137.803285252  1.48332706842  0.0655685081856
-0.665090301926  215  149  149.201353725  1.44938079475  0.291944373191
-0.665090301926  215  160  160.473738007  1.22482670466  0.137752892989
-0.665090301926  215  172  171.840786087  1.52548266067  0.0256293713351
-0.665090301926  215  183  183.418713213  1.33767225246  0.1923230532
-0.665090301926  215  195  194.921447652  1.5974834157  0.0221049546065
-0.665090301926  215  207  206.573938801  1.38311006128  0.00256219338804
-0.665090301926  215  218  218.38881463  1.37983161153  0.169971501068
-0.665090301926  215  230  230.208730838  1.58731032282  0.128215615938
-0.665090301926  215  242  242.104403694  1.63689959317  0.11071470164
-0.665090301926  215  254  254.103232805  1.6214091389  0.168804054704
-0.665090301926  216  266  266.187165113  1.60240143194  0.124166065568
-0.665090301926  216  278  278.366075725  1.43583174014  0.217337483421
-0.665090301926  216  291  290.533696517  1.25374662981  0.10786362091
-0.665090301926  216  303  302.865634316  1.63941728011  0.0597961762805
-0.665090301926  216  315  315.372041709  1.49175264914  0.185303615309
-0.665090301926  216  328  327.809965411  1.61865101907  0.0561715237899
-0.665090301926  216  340  340.466323416  1.32256730661  0.110190190301
-0.665090301926  216  353  353.186415344  1.67358532221  0.10899366977
-0.665090301926  216  366  365.944988247  1.68844031012  0.0549978599148
-0.665090301926  216  379  378.800154032  1.70183453729  -0.0157545085973
-0.665090301926  216  392  391.798199792  1.70663890817  0.0142214622268
-0.665090301926  216  405  404.911043763  1.76681128666  0.0570734691778
-0.665090301926  216  418  418.105511038  1.70508019798  0.0844872610794
-0.665090301926  216  431  431.401155644  1.57038116522  0.136725915811
-0.665090301926  216  445  444.709675318  1.68260056114  0.0341177099983
-0.665090301926  216  458  458.263544225  1.64148252997  0.150456689834
-0.665090301926  216  472  471.78631639  1.69030244628  0.0452319968913
-0.665090301926  216  485  485.503900539  1.34018364277  0.137079944528
-0.665090301926  216  499  499.335363773  1.64834632353  0.121239062157
-0.665090301926  216  513  513.244722794  1.74336642298  0.082143215446
-0.665090301926  216  527  527.24518875  1.75367566211  0.0848770958191
-0.665090301926  216  541  541.370009661  1.71930585165  0.0691900786243
-0.665090301926  216  556  555.565944659  1.7247432305  0.00824992037705
-0.665090301926  216  570  569.904659174  1.82274412069  0.0348530938268
-0.665090301926  216  584  584.375146708  1.68251764549  0.096828259639
-0.665090301926  216  599  598.891829782  1.8446871095  0.0334143888365
-0.665090301926  216  614  613.57039124  1.65261217168  0.0554327354454
-0.665090301926  216  628  628.411481909  1.60042690256  0.146308283018
-0.665090301926  216  643  643.342155887  1.72569333416  0.124805799012
-0.665090301926  216  658  658.382021465  1.64454185431  0.0997528121993
-0.665090301926  216  674  673.525989147  1.65319338113  0.0103238047064
-0.665090301926  216  689  688.784061909  1.87282113286  -0.0324270397721
-0.665090301926  216  704  704.262867888  1.83780515829  0.0663251628679
-0.665090301926  216  720  719.756217539  1.88358983203  0.0055883824795
-0.665090301926  216  735  735.436512713  1.80941965805  0.0499287678595
-0.665090301926  216  751  751.241799203  1.87520689096  0.0954209914179
-0.665090301926  216  767  767.139268828  1.8920463963  0.0936803019737
-0.665090301926  216  783  783.18024267  1.87014980978  0.0904881197709
-0.665090301926  216  799  799.406279541  1.70467247993  0.149368080998
-0.665090301926  215  816  815.712224882  1.83143431185  0.031301467664
-0.665090301926  215  832  832.245556143  1.86197366858  0.0410858241206
-0.665090301926  215  849  848.831860168  1.9335448208  -0.00614504794456
-0.665090301926  215  866  865.611585701  1.86874008849  -0.00284361776886
-0.665090301926  215  883  882.52061627  1.84919462329  -0.0302836708306
-0.665090301926  215  900  899.594025234  1.92244195435  0.011805609745
-0.665090301926  215  917  916.76982732  1.94102598646  0.0187638785217
-0.665090301926  214  934  934.196023175  1.90755610193  0.0667276762047
-0.665090301926  214  952  951.656092888  1.8592130518  0.0366962692601
-0.665090301926  214  969  969.37220124  1.81245428372  0.150243454735
-0.665090301926  214  987  987.205050948  1.91887662768  0.0931840530798
-0.665090301926  214  1005  1005.21311683  1.93194074783  0.0813624927986
-0.485162301926  214  9  8.5312723439  1.21420701836  0.0867319733884
-0.485162301926  214  19  18.8950773646  1.46133692583  0.0633876100091
-0.485162301926  214  29  29.4280378819  1.19865698361  0.21955840427
-0.485162301926  214  40  39.8418979443  1.43346275577  0.0316277445227
-0.485162301926  214  50  50.482767657  1.1412171731  0.148276533135
-0.485162301926  214  61  61.1930237548  1.46286440031  0.177680410433
-0.485162301926  215  72  71.8793604582  1.49771021784  0.0446707961418
-0.485162301926  215  83  82.6690207381  1.40163867124  0.0421741510836
-0.485162301926  215  94  93.5626463741  1.20533965107  0.0791453433459
-0.485162301926  215  105  104.531736806  1.16790993117  0.08541834165
-0.485162301926  215  116  115.553909271  1.16974408853  0.131582480158
-0.485162301926  215  127  126.628594796  1.30294137754  0.0626059660804
-0.485162301926  215  138  137.829094944  1.50255950916  0.0654158778171
-0.485162301926  215  149  149.187019464  1.47075857354  0.239914260782
-0.485162301926  216  160  160.4942434  1.23411309854  0.134290141729
-0.485162301926  216  172  171.870602433  1.51893785589  0.0365845866151
-0.485162301926  216  183  183.442259649  1.28811690598  0.201667048176
-0.485162301926  216  195  194.947125303  1.59825105733  0.0322266848878
-0.485162301926  216  207  206.585053544  1.39141060917  -0.000860580347614
-0.485162301926  216  218  218.407538762  1.32190365334  0.185138004561
-0.485162301926  216  230  230.23038925  1.55975519666  0.138035658353
-0.485162301926  216  242  242.126483974  1.60710828392  0.127422422025
-0.485162301926  216  254  254.114622317  1.58708421211  0.166169805951
-0.485162301926  216  266  266.200857038  1.58111761249  0.163669451298
-0.485162301926  217  278  278.382183661  1.42681851835  0.218606269779
-0.485162301926  217  291  290.544522397  1.26513351974  0.116138103275
-0.485162301926  217  303  302.883866949  1.65838234418  0.067789643588
-0.485162301926  217  315  315.380253858  1.46639535287  0.18904446818
-0.485162301926  217  328  327.814908698  1.6242056273  0.0518114959596
-0.485162301926  217  340  340.46962152  1.3465481324  0.103733784562
-0.485162301926  217  353  353.179810864  1.65666037237  0.102472529466
-0.485162301926  217  366  365.944706125  1.70455838338  0.0414302731806
-0.485162301926  217  379  378.809251123  1.70954341245  -0.00586065720767
-0.485162301926  217  392  391.803376204  1.7226262299  0.0183598502447
-0.485162301926  217  405  404.912175019  1.78382770973  0.0551568492485
-0.485162301926  217  418  418.106101575  1.73669254642  0.0847475260203
-0.485162301926  217  431  431.393437503  1.57037782193  0.13959747773
-0.485162301926  217  445  444.71229314  1.68816364574  0.0370548396975
-0.485162301926  217  458  458.253531806  1.65478339746  0.135702146357
-0.485162301926  217  472  471.779281476  1.69078157698  0.0402284078811
-0.485162301926  217  485  485.495759832  1.3699622039  0.120273147143
-0.485162301926  217  499  499.330985244  1.65700197204  0.115390784873
-0.485162301926  217  513  513.225922824  1.7547922375  0.0680153694418
-0.485162301926  217  527  527.242164891  1.76103845602  0.0920463287176
-0.485162301926  217  541  541.3616142  1.71021554367  0.0833860703392
-0.485162301926  217  556  555.550056207  1.70904824806  0.0071529057929
-0.485162301926  217  570  569.889779614  1.82912651393  0.0326782785892
-0.485162301926  217  584  584.371354405  1.68602343913  0.105021284629
-0.485162301926  217  599  598.87653463  1.86554100807  0.033742193593
-0.485162301926  217  614  613.554677703  1.63418704523  0.068371249989
-0.485162301926  217  628  628.396674508  1.6127121603  0.135031848538
-0.485162301926  217  643  643.323968879  1.73922180417  0.124759739717
-0.485162301926  217  658  658.364453904  1.6881008318  0.10280621324
-0.485162301926  217  673  673.497157178  1.65573276734  0.0319746216285
-0.485162301926  217  689  688.77571726  1.86177777034  -0.012724296182
-0.485162301926  217  704  704.235445237  1.84748969581  0.0669694903853
-0.485162301926  217  720  719.724952971  1.89141296232  0.00111773413807
-0.485162301926  217  735  735.412429881  1.80085370644  0.0538880420696
-0.485162301926  217  751  751.21381399  1.86696165149  0.100813807071
-0.485162301926  217  767  767.104543796  1.90117018126  0.0902306603315
-0.485162301926  217  783  783.14743883  1.88555099996  0.0825991058058
-0.485162301926  217  799  799.379742073  1.73601954741  0.147256908262
-0.485162301926  216  816  815.674408176  1.82547031693  0.0180272555626
-0.485162301926  216  832  832.219723894  1.86015018121  0.0465540957688
-0.485162301926  216  849  848.799197218  1.91934313426  -0.00539470127704
-0.485162301926  216  866  865.58132964  1.84173514448  0.00591827643094
-0.485162301926  216  882  882.498241857  1.83058292984  0.0033467616515
-0.485162301926  216  900  899.548529583  1.87176958125  0.0132472614384
-0.485162301926  216  917  916.721644047  1.92883516589  0.0177355612333
-0.485162301926  215  934  934.156064521  1.92521075102  0.0628073436252
-0.485162301926  215  952  951.608434222  1.85288458062  0.0403463255867
-0.485162301926  215  969  969.331805951  1.85324679617  0.14755674399
-0.485162301926  215  987  987.142665979  1.9591670002  0.0667634429144
-0.485162301926  215  1005  1005.16724008  1.94667830688  0.0731182885524
-0.305234301926  215  9  8.55792776247  1.2069811691  0.0763585708605
-0.305234301926  215  19  18.942167276  1.4758807082  0.0798606680906
-0.305234301926  215  29  29.4435181795  1.160523559  0.206505634299
-0.305234301926  215  40  39.8765433098  1.46996274983  0.0274743238712
-0.305234301926  215  50  50.5037413936  1.12835069631  0.144463663581
-0.305234301926  215  61  61.2256588317  1.44987190003  0.172620443316
-0.305234301926  216  72  71.9057573131  1.48498866949  0.0391223913566
-0.305234301926  216  83  82.6994535774  1.43674686813  0.0453289692992
-0.305234301926  216  94  93.587979277  1.24009947304  0.0789573128576
-0.305234301926  216  105  104.550405051  1.20406397253  0.0523407195183
-0.305234301926  216  116  115.581815791  1.20698283187  0.134750898723
-0.305234301926  216  127  126.664711244  1.35264954583  0.0622205299166
-0.305234301926  216  138  137.869284731  1.49271296088  0.073729286219
-0.305234301926  216  149  149.220938059  1.47309842314  0.236207594418
-0.305234301926  217  161  160.513970459  1.23429766152  0.105433525784
-0.305234301926  217  172  171.896408538  1.55628515175  0.032799134417
-0.305234301926  217  183  183.447166957  1.25175810345  0.18973062983
-0.305234301926  217  195  194.991757189  1.60500881312  0.0461935302424
-0.305234301926  217  207  206.600970797  1.41408582019  -0.00966517437712
-0.305234301926  217  218  218.428001162  1.32789182144  0.191505186886
-0.305234301926  217  230  230.251999675  1.54925820329  0.143698461195
-0.305234301926  217  242  242.139846545  1.61898698894  0.122554262342
-0.305234301926  217  254  254.140562242  1.6263337016  0.180726121718
-0.305234301926  217  266  266.214511856  1.58518247687  0.165876378664
-0.305234301926  218  278  278.391915493  1.40701115897  0.225258038407
-0.305234301926  218  291  290.551148911  1.27521032572  0.0924908671627
-0.305234301926  218  303  302.912676904  1.66753650666  0.0750687661504
-0.305234301926  218  315  315.400057723  1.4563060969  0.187272059099
-0.305234301926  218  328  327.83890985  1.61671733365  0.0548022510629
-0.305234301926  218  340  340.475627263  1.32966933548  0.114998096223
-0.305234301926  218  353  353.19582943  1.6590283276  0.101101032016
-0.305234301926  218  366  365.955191052  1.70667922912  0.0495519502864
-0.305234301926  218  379  378.819009527  1.71142751973  0.00345495246918
-0.305234301926  218  392  391.826366849  1.7207776064  0.0338810932583
-0.305234301926  218  405  404.909564467  1.7654463964  0.0418574276722
-0.305234301926  218  418  418.116644933  1.71630879844  0.0874598656013
-0.305234301926  218  431  431.40052778  1.60547574087  0.127737896009
-0.305234301926  218  445  444.719909585  1.70500008767  0.0514446505108
-0.305234301926  218  458  458.261095703  1.65678715098  0.141743547697
-0.305234301926  218  472  471.774018846  1.69593152244  0.0342419897475
-0.305234301926  218  486  485.508081588  1.46680443761  0.107447480484
-0.305234301926  218  499  499.326155842  1.65715106174  0.117993725498
-0.305234301926  218  513  513.215741255  1.75130684649  0.0566487373405
-0.305234301926  218  527  527.234167774  1.75827537099  0.092210428095
-0.305234301926  218  541  541.347614855  1.73407283144  0.0749000868107
-0.305234301926  218  556  555.538991741  1.70965865444  0.0176848426629
-0.305234301926  218  570  569.879215102  1.82563712177  0.037281896142
-0.305234301926  218  584  584.357878369  1.69995847485  0.0954456173838
-0.305234301926  218  599  598.869085687  1.85879481973  0.0394535161304
-0.305234301926  218  614  613.544425206  1.67826240176  0.0594953859694
-0.305234301926  218  628  628.385181784  1.64370334479  0.135529230028
-0.305234301926  218  643  643.317656078  1.74888135597  0.118850144528
-0.305234301926  218  658  658.350158334  1.69333080097  0.102672088622
-0.305234301926  218  673  673.491265125  1.67565467897  0.0369921213578
-0.305234301926  218  689  688.751640852  1.86939896076  -0.013338570579
-0.305234301926  218  704  704.213934606  1.86480620671  0.0646568567534
-0.305234301926  218  720  719.70682279  1.87790254695  0.00500841456648
-0.305234301926  218  735  735.395948303  1.84408215178  0.0615322862958
-0.305234301926  218  751  751.17992434  1.88250741893  0.0983198793028
-0.305234301926  218  767  767.066036522  1.9119508806  0.0855771227278
-0.305234301926  218  783  783.112411658  1.88397254546  0.0807331285705
-0.305234301926  217  799  799.380200617  1.73002286313  0.152367190697
-0.305234301926  217  816  815.647021684  1.80278047433  0.0224845144642
-0.305234301926  217  832  832.186960482  1.90294439094  0.0529282223541
-0.305234301926  217  849  848.765830101  1.90356375577  -0.00788195247696
-0.305234301926  217  866  865.55436693  1.82547158612  0.0123844845907
-0.305234301926  217  882  882.460847104  1.82999055884  0.00310304217013
-0.305234301926  217  900  899.508393957  1.86827310054  0.0279739566445
-0.305234301926  216  917  916.697943538  1.94113461116  0.00193019637945
-0.305234301926  216  934  934.104627616  1.9669239823  0.0546755750754
-0.305234301926  216  952  951.57013509  1.8065483029  0.0439120341221
-0.305234301926  216  969  969.290003609  1.90080332988  0.146813258572
-0.305234301926  216  987  987.090460072  1.98752951858  0.0704023105555
-0.305234301926  216  1005  1005.10885549  1.95995137557  0.0737216487606
-0.125306301926  216  9  8.58474933582  1.20966871305  0.0683036976745
-0.125306301926  216  19  18.9891525107  1.48117186135  0.0880243607194
-0.125306301926  216  29  29.4703278592  1.17584634955  0.198784290211
-0.125306301926  216  40  39.9340134325  1.46679746906  0.0417081173067
-0.125306301926  216  51  50.5234443338  1.19270070077  0.0589562911332
-0.125306301926  216  61  61.2558670893  1.431551158  0.176733491829
-0.125306301926  216  72  71.9318876792  1.5242724893  0.0568383049807
-0.125306301926  217  83  82.7375244583  1.45676916693  0.0523040757437
-0.125306301926  217  94  93.6113821049  1.31125161987  0.0628549795436
-0.125306301926  217  105  104.572751663  1.21028703738  0.0651984916312
-0.125306301926  217  116  115.600765149  1.25425683742  0.111178667028
-0.125306301926  217  127  126.686136718  1.3952653717  0.0508227329013
-0.125306301926  217  138  137.910944757  1.52880782233  0.0871929172309
-0.125306301926  217  149  149.240535057  1.44548989986  0.23113577149
-0.125306301926  217  161  160.513997746  1.23308464722  0.104079702959
-0.125306301926  218  172  171.929109828  1.5473356208  0.0533477233815
-0.125306301926  218  183  183.473005434  1.24947086271  0.168611314864
-0.125306301926  218  195  195.014984691  1.61037832628  0.0493979617824
-0.125306301926  218  207  206.61614269  1.43176460293  -0.0166690708045
-0.125306301926  218  218  218.437776675  1.28570069134  0.179481629792
-0.125306301926  218  230  230.271520574  1.53128849069  0.150365007882
-0.125306301926  218  242  242.172144836  1.58321871825  0.146126493378
-0.125306301926  218  254  254.159433149  1.59006254616  0.178942769121
-0.125306301926  218  266  266.229609931  1.56950474501  0.173603957996
-0.125306301926  218  278  278.386657521  1.40931654627  0.209858145998
-0.125306301926  219  291  290.562655048  1.32360414197  0.0726009829168
-0.125306301926  219  303  302.919438678  1.65085493316  0.0773529094709
-0.125306301926  219  315  315.396591473  1.44692879886  0.175874850294
-0.125306301926  219  328  327.843731076  1.64537792587  0.0564929428967
-0.125306301926  219  340  340.486600452  1.376548028  0.0989801578774
-0.125306301926  219  353  353.192777537  1.66007833639  0.0993486124743
-0.125306301926  219  366  365.960294014  1.72980524226  0.0526045085487
-0.125306301926  219  379  378.836500479  1.72542870822  0.0141723210579
-0.125306301926  219  392  391.827780969  1.73590649667  0.0317198160823
-0.125306301926  219  405  404.91366707  1.77003994878  0.056673259665
-0.125306301926  219  418  418.114394735  1.72432847807  0.0927191982396
-0.125306301926  219  431  431.397218504  1.63000092198  0.103953072586
-0.125306301926  219  445  444.719789441  1.71620868911  0.0617005581642
-0.125306301926  219  458  458.255264786  1.64805227344  0.141304187663
-0.125306301926  219  472  471.774608745  1.70430565746  0.0446897203195
-0.125306301926  219  485  485.503290742  1.50181034483  0.119300123367
-0.125306301926  219  499  499.321483916  1.67857206584  0.122012622187
-0.125306301926  219  513  513.204522063  1.754702062  0.0517597843102
-0.125306301926  219  527  527.227938226  1.74499262117  0.0851843169516
-0.125306301926  219  541  541.340933458  1.75836148632  0.0677668472463
-0.125306301926  219  556  555.534498929  1.73921510699  0.0227778924544
-0.125306301926  219  570  569.863357993  1.82162013618  0.039401084043
-0.125306301926  219  584  584.352824248  1.72399599972  0.0993562116827
-0.125306301926  219  599  598.849989497  1.84080593651  0.0433329498057
-0.125306301926  219  614  613.540339708  1.68402632331  0.0757863484351
-0.125306301926  219  628  628.363998567  1.67521459584  0.125272545273
-0.125306301926  219  643  643.291905691  1.74675950492  0.113956489462
-0.125306301926  219  658  658.3211329  1.71820317808  0.0887201082167
-0.125306301926  219  673  673.472164805  1.72300816379  0.0405788455839
-0.125306301926  219  689  688.722280665  1.85298731619  -0.0154956957026
-0.125306301926  219  704  704.184673998  1.86921879763  0.0565023901052
-0.125306301926  219  720  719.678776316  1.88319574652  0.0167803472725
-0.125306301926  219  735  735.36375473  1.86148852641  0.0575874440164
-0.125306301926  219  751  751.148537546  1.90573625049  0.0880702829284
-0.125306301926  219  767  767.038498003  1.9218707717  0.079018844667
-0.125306301926  219  783  783.085872172  1.89433098996  0.0698322264395
-0.125306301926  218  799  799.344245007  1.78178506248  0.142497456429
-0.125306301926  218  816  815.610641129  1.82020616438  -0.021342384851
-0.125306301926  218  832  832.143661398  1.91188142584  0.0393189605366
-0.125306301926  218  849  848.726873734  1.89460388863  0.000211053890882
-0.125306301926  218  866  865.516856662  1.82759021899  0.0144809694927
-0.125306301926  218  882  882.432485115  1.86126261756  0.0188510399421
-0.125306301926  218  899  899.479696008  1.87444394768  0.0442405104594
-0.125306301926  217  917  916.684248411  1.93207770394  0.00338712930479
-0.125306301926  217  934  934.056892096  1.96315224329  0.0485135460203
-0.125306301926  217  952  951.546146796  1.82375914537  0.0679961697527
-0.125306301926  217  969  969.24452996  1.93064312831  0.136263478549
-0.125306301926  217  987  987.029356876  1.98355742299  0.052806521936
-0.125306301926  216  1005  1005.10734564  1.95991593815  0.062862540322
0.0546216980744  217  9  8.61518500354  1.25032193246  0.042803457653
0.0546216980744  217  19  19.0410242146  1.46969020288  0.119200703734
0.0546216980744  217  29  29.491348868  1.15870937944  0.169668533447
0.0546216980744  217  40  39.9809381449  1.49705174253  0.057267734863
0.0546216980744  217  51  50.5475240841  1.21519080723  0.05106534304
0.0546216980744  217  61  61.2884275095  1.42381173781  0.181047489692
0.0546216980744  217  72  71.9570359556  1.51484533938  0.0638382266268
0.0546216980744  218  83  82.771061971  1.46681222008  0.0525453394608
0.0546216980744  218  94  93.6436317856  1.3436923266  0.0644769240698
0.0546216980744  218  105  104.589293863  1.25944989244  0.0380867708335
0.0546216980744  218  116  115.632670121  1.29459541959  0.101596890714
0.0546216980744  218  127  126.725882585  1.444500805  0.0695422797286
0.0546216980744  218  138  137.939481244  1.5271921021  0.0968202047915
0.0546216980744  218  149  149.270086077  1.42658688769  0.253120306277
0.0546216980744  218  161  160.521882947  1.23104041581  0.0656876224015
0.0546216980744  219  172  171.967685583  1.56938593863  0.0646602083714
0.0546216980744  219  183  183.484460104  1.21290462556  0.167179933969
0.0546216980744  219  195  195.039625707  1.61079089603  0.0536826651277
0.0546216980744  219  207  206.643292972  1.47723118205  -0.0128427520798
0.0546216980744  219  218  218.456891749  1.3055667264  0.170026143654
0.0546216980744  219  230  230.290706196  1.55726402934  0.147237246744
0.0546216980744  219  242  242.179667484  1.59262637567  0.134165682401
0.0546216980744  219  254  254.172940974  1.60965974966  0.175698931824
0.0546216980744  219  266  266.251332476  1.54719025032  0.184357073796
0.0546216980744  219  278  278.404415337  1.44453216824  0.205554006094
0.0546216980744  219  291  290.547099585  1.23955866629  -0.0956623878951
0.0546216980744  220  303  302.939526774  1.66316890441  0.0765237078642
0.0546216980744  220  315  315.415870487  1.42350064464  0.183995873039
0.0546216980744  220  328  327.866672018  1.65725853669  0.0557335316723
0.0546216980744  220  340  340.487706932  1.30276818965  0.0905717925784
0.0546216980744  220  353  353.227865603  1.66754133654  0.117346363894
0.0546216980744  220  366  365.990654003  1.70455666693  0.0715922433607
0.0546216980744  220  379  378.848937717  1.72480004121  0.00813581750252
0.0546216980744  220  392  391.830392721  1.70459625678  0.0326407039756
0.0546216980744  220  405  404.913650428  1.74302484817  0.0606911436309
0.0546216980744  220  418  418.13414292  1.74161876122  0.0977366482319
0.0546216980744  220  431  431.408283893  1.57211034077  0.136387308657
0.0546216980744  220  445  444.718911496  1.69114342129  0.054996812803
0.0546216980744  220  458  458.254437479  1.65928758603  0.137432369181
0.0546216980744  220  472  471.782256577  1.67979239063  0.0581582182928
0.0546216980744  220  485  485.500531806  1.38872514347  0.147575516417
0.0546216980744  220  499  499.323135289  1.67967559011  0.127980792008
0.0546216980744  220  513  513.218815524  1.77304693039  0.0673259042518
0.0546216980744  220  527  527.219572568  1.7649001142  0.0816493435761
0.0546216980744  220  541  541.345613458  1.7349970105  0.0794100685722
0.0546216980744  220  556  555.52326025  1.70450318819  0.0274645355367
0.0546216980744  220  570  569.861231674  1.8410502499  0.0335530824512
0.0546216980744  220  584  584.339557309  1.7054402265  0.116938645206
0.0546216980744  220  599  598.830749671  1.83267722822  0.0281516510519
0.0546216980744  220  614  613.52549485  1.628575812  0.0824669742026
0.0546216980744  220  628  628.367874482  1.62457206517  0.151684257436
0.0546216980744  220  643  643.280060204  1.77274012062  0.121105267953
0.0546216980744  220  658  658.318443761  1.73945563525  0.0968040614983
0.0546216980744  220  673  673.463738319  1.69187174451  0.0589299330383
0.0546216980744  220  689  688.707825  1.82293269818  -0.0200574396435
0.0546216980744  220  704  704.172198248  1.89084392873  0.0603361498353
0.0546216980744  220  720  719.660946475  1.8674576399  0.00348493755911
0.0546216980744  220  735  735.352481024  1.84856450055  0.062067350042
0.0546216980744  220  751  751.111328639  1.91425389349  0.0824076508163
0.0546216980744  220  767  767.000655329  1.96212416744  0.0647055182903
0.0546216980744  219  783  783.09895043  1.88576613651  0.113267363118
0.0546216980744  219  799  799.309645212  1.80230250297  0.132454356384
0.0546216980744  219  816  815.577901449  1.83040405153  -0.0974408439078
0.0546216980744  219  832  832.106925516  1.91647741452  0.0322868073545
0.0546216980744  219  849  848.687732709  1.88727053768  -0.0149692636232
0.0546216980744  219  865  865.491243159  1.84869639368  0.0302857197451
0.0546216980744  219  882  882.395762551  1.86133431686  0.0153557237544
0.0546216980744  219  899  899.440294552  1.90008870101  0.0391284690347
0.0546216980744  218  917  916.652658272  1.91213466049  0.0164208063873
0.0546216980744  218  934  934.014221069  1.9748494474  0.048260803895
0.0546216980744  218  951  951.497319138  1.81849994175  0.0812298235823
0.0546216980744  218  969  969.193646282  1.93799484394  0.12565597737
0.0546216980744  218  987  986.983685817  1.98268376656  0.0456755577772
0.0546216980744  217  1005  1005.05092916  1.98379758925  0.0538306462857
0.234549698074  218  9  8.64751650769  1.25616019693  0.0462196093003
0.234549698074  218  19  19.0883471733  1.45720018685  0.122088180558
0.234549698074  218  30  29.5153734447  1.20246793374  0.105234763402
0.234549698074  218  40  40.0236927382  1.46342616078  0.0797332120501
0.234549698074  218  51  50.5718730181  1.21510739905  0.0401387996578
0.234549698074  218  61  61.3254382096  1.39242705417  0.179217669944
0.234549698074  218  72  71.9986582589  1.4993951653  0.0672255195977
0.234549698074  219  83  82.8092083119  1.50953779933  0.0698260422038
0.234549698074  219  94  93.6754821836  1.42379524526  0.0610703001176
0.234549698074  219  105  104.622127598  1.34350276793  0.0270785419747
0.234549698074  219  116  115.656512186  1.36194820662  0.0932593843854
0.234549698074  219  127  126.753709015  1.47689291184  0.0702462540442
0.234549698074  219  138  137.964749166  1.54227007489  0.085559041154
0.234549698074  219  149  149.297599674  1.40788823183  0.263921735743
0.234549698074  219  161  160.538396303  1.23121696203  0.0573388128498
0.234549698074  219  172  171.975558011  1.60067153837  0.0199609741181
0.234549698074  220  183  183.503494897  1.24052303329  0.155500664204
0.234549698074  220  195  195.065777153  1.61033927657  0.0518966848811
0.234549698074  220  207  206.662092727  1.47095506451  -0.0126596697359
0.234549698074  220  218  218.470509922  1.2508939732  0.155278773522
0.234549698074  220  230  230.305782722  1.50370307758  0.149535519726
0.234549698074  220  242  242.202345928  1.58007227497  0.137500809509
0.234549698074  220  254  254.203546437  1.57223628181  0.191958316227
0.234549698074  220  266  266.271822347  1.53296632039  0.177924668744
0.234549698074  220  278  278.413360933  1.39425032554  0.200850910738
0.234549698074  220  291  290.555872202  1.26886527677  -0.0693320579204
0.234549698074  221  303  302.955487681  1.64513803451  0.0956995782001
0.234549698074  221  315  315.427964139  1.40940091413  0.1797119146
0.234549698074  221  328  327.873110213  1.63751124716  0.0635679447354
0.234549698074  221  340  340.497860218  1.28929977161  0.0870868161312
0.234549698074  221  353  353.225501601  1.65035586456  0.0937752514847
0.234549698074  221  366  365.976698163  1.71371494982  0.0447416853837
0.234549698074  221  379  378.844569713  1.72197169217  0.00544666063742
0.234549698074  221  392  391.830923425  1.72290714061  0.0249790534369
0.234549698074  221  405  404.93414825  1.75753072075  0.0690101700364
0.234549698074  221  418  418.124599756  1.72552736932  0.0862648603671
0.234549698074  221  431  431.407016224  1.59469334082  0.130716312744
0.234549698074  221  445  444.715118636  1.69349239758  0.0506488157976
0.234549698074  221  458  458.262326861  1.65656648944  0.139980309643
0.234549698074  221  472  471.774489934  1.69182938643  0.0397194340334
0.234549698074  221  485  485.493452201  1.361492345  0.148168424768
0.234549698074  221  499  499.315504327  1.66938992632  0.121388377721
0.234549698074  221  513  513.199024141  1.76477138696  0.0636054164465
0.234549698074  221  527  527.217104491  1.74820521959  0.0907187669348
0.234549698074  221  541  541.342934254  1.73925739246  0.0888503445617
0.234549698074  221  556  555.520482834  1.71612260897  0.0291881222562
0.234549698074  221  570  569.838909179  1.82217455624  0.0283005047137
0.234549698074  221  584  584.322259996  1.72381295841  0.104197785635
0.234549698074  221  599  598.828000177  1.83165353125  0.0327157572655
0.234549698074  221  614  613.517154038  1.62330815165  0.0815750170226
0.234549698074  221  628  628.343687202  1.68608275566  0.140273892493
0.234549698074  221  643  643.267050067  1.77015065694  0.119066954791
0.234549698074  221  658  658.306243256  1.74448395205  0.101388862109
0.234549698074  221  673  673.449103063  1.68243830705  0.0650010188949
0.234549698074  221  689  688.684493172  1.83382512604  -0.0263050240714
0.234549698074  221  704  704.14173072  1.88158208996  0.05604753331
0.234549698074  221  720  719.638669983  1.84218280232  0.0109171862259
0.234549698074  221  735  735.330574455  1.86170397174  0.0632161416595
0.234549698074  221  751  751.092232313  1.92077858182  0.075016621743
0.234549698074  221  767  766.959995437  1.9135329148  0.056898831903
0.234549698074  220  783  783.057723183  1.91659578208  0.0679122796802
0.234549698074  220  799  799.287267293  1.82265849889  0.138664463255
0.234549698074  220  815  815.489357685  1.84714829355  -0.0360414972924
0.234549698074  220  832  832.0693388  1.912497453  0.0219416212026
0.234549698074  220  849  848.662322897  1.85927790968  -0.014052203888
0.234549698074  220  865  865.473586218  1.82854904292  0.0493159090331
0.234549698074  220  882  882.366347369  1.89869467767  0.024443517775
0.234549698074  220  899  899.423774595  1.89494098247  0.0650230586894
0.234549698074  219  917  916.604520455  1.89495609922  0.0156578778485
0.234549698074  219  934  933.972572503  1.97780725723  0.0458180761569
0.234549698074  219  951  951.461477216  1.85125406437  0.0848747637833
0.234549698074  219  969  969.134544707  1.95347287819  0.105704810286
0.234549698074  219  987  986.917740363  1.96259238818  0.0218614604092
0.234549698074  218  1005  1004.98790841  1.98641919306  0.0303374170692
0.414477698074  219  9  8.66025580167  1.29579462212  0.0658465228174
0.414477698074  219  19  19.1453318691  1.43874292281  0.143056910911
0.414477698074  219  30  29.5332635624  1.19849044622  0.091072925366
0.414477698074  219  40  40.0704217248  1.48129503457  0.081547772825
0.414477698074  219  51  50.6028712191  1.25924045377  0.0357883053786
0.414477698074  219  61  61.3537441418  1.36415425526  0.189079742996
0.414477698074  219  72  72.038593651  1.5156853756  0.0730168279413
0.414477698074  219  83  82.7918352663  1.47582037239  0.0121946323564
0.414477698074  220  94  93.7088361466  1.41344819927  0.062305242837
0.414477698074  220  105  104.649005033  1.3651810433  0.00782205638024
0.414477698074  220  116  115.691298209  1.38820311746  0.0928890264533
0.414477698074  220  127  126.772450348  1.46683981392  0.06254534747
0.414477698074  220  138  138.000519934  1.51627500819  0.0962863773655
0.414477698074  220  149  149.329329916  1.36719591097  0.260564784471
0.414477698074  220  161  160.562730148  1.25132261327  0.0575348170037
0.414477698074  220  172  171.995843407  1.55397789947  0.047865603667
0.414477698074  221  184  183.509955969  1.24713336496  0.106426083146
0.414477698074  221  195  195.08826356  1.59604472023  0.066369392098
0.414477698074  221  207  206.688859062  1.50312711939  -0.0128210468396
0.414477698074  221  218  218.48504248  1.26215865432  0.154595970311
0.414477698074  221  230  230.327115345  1.51835327604  0.148772070813
0.414477698074  221  242  242.218641294  1.5789801325  0.134804926794
0.414477698074  221  254  254.213022927  1.59412167467  0.18065503368
0.414477698074  221  266  266.284177037  1.53693736541  0.183871626563
0.414477698074  221  278  278.432031041  1.36703147772  0.209982364233
0.414477698074  221  291  290.5850857  1.34495443885  0.0790442259113
0.414477698074  221  303  302.954297555  1.64539063865  0.0870090581645
0.414477698074  222  315  315.428513407  1.38577780639  0.170122186437
0.414477698074  222  328  327.894545964  1.63977240759  0.0807780870238
0.414477698074  222  340  340.502703767  1.2767883468  0.0818818540042
0.414477698074  222  353  353.173167838  1.67849246091  -0.250404584333
0.414477698074  222  366  365.9860182  1.70267623122  0.050114589622
0.414477698074  222  379  378.842958005  1.72332695437  -0.00130366017468
0.414477698074  222  392  391.839962072  1.72353148782  0.0300776653642
0.414477698074  222  405  404.932537885  1.76548180062  0.05127539788
0.414477698074  222  418  418.123451948  1.71776107177  0.0849255433891
0.414477698074  222  431  431.405687916  1.60571666818  0.114597347084
0.414477698074  222  445  444.718029107  1.70333139794  0.0500175379459
0.414477698074  222  458  458.260571676  1.64281007391  0.13901945447
0.414477698074  222  472  471.765899398  1.69046035295  0.034356572362
0.414477698074  222  485  485.503371812  1.4414464581  0.138733013413
0.414477698074  222  499  499.313339498  1.67210611489  0.114034324238
0.414477698074  222  513  513.195657123  1.7714933219  0.043369169846
0.414477698074  222  527  527.212843647  1.77542336298  0.0907160872611
0.414477698074  222  541  541.328661819  1.75658199827  0.0743119466641
0.414477698074  222  556  555.513499461  1.70585189719  0.0263272227688
0.414477698074  222  570  569.83613207  1.81112578499  0.028510244844
0.414477698074  222  584  584.320166838  1.74363158598  0.0998467723932
0.414477698074  222  599  598.817648178  1.83433369735  0.0353594885761
0.414477698074  222  613  613.505182903  1.65225463375  0.0935896483093
0.414477698074  222  628  628.328643884  1.68287487809  0.1376442829
0.414477698074  222  643  643.239718894  1.79178456581  0.110189006611
0.414477698074  222  658  658.275848372  1.75407125264  0.0842217545657
0.414477698074  222  673  673.443049905  1.72876144221  0.0712496890925
0.414477698074  222  689  688.666887978  1.81141772282  -0.0243708766693
0.414477698074  222  704  704.131885786  1.89046148371  0.0607225533655
0.414477698074  222  720  719.622362175  1.86994818452  0.0103165762068
0.414477698074  222  735  735.292068856  1.87834749427  0.0570581790241
0.414477698074  222  751  751.063438376  1.94736849263  0.0715345680052
0.414477698074  221  767  766.940248429  1.94401892558  0.0475904008068
0.414477698074  221  783  783.023306517  1.9215153829  0.0591240637126
0.414477698074  221  799  799.25562974  1.83672217788  0.133614406418
0.414477698074  221  816  815.586236815  1.65822561971  0.239085109537
0.414477698074  221  832  832.027878004  1.93533175565  0.0164021076559
0.414477698074  221  849  848.628168304  1.85642417861  -0.00737010632267
0.414477698074  221  865  865.438051498  1.82566354981  0.0529255883256
0.414477698074  221  882  882.333930994  1.89470938442  0.0211034200843
0.414477698074  220  899  899.416789076  1.8916883502  0.0563127630086
0.414477698074  220  917  916.564787693  1.85966876604  0.022638266725
0.414477698074  220  934  933.913301417  1.96497069315  0.0332192156467
0.414477698074  220  951  951.427864087  1.80112064785  0.103933076984
0.414477698074  220  969  969.082021729  1.97829385042  0.102381081568
0.414477698074  220  987  986.872986546  1.95981070552  0.0336464824562
0.414477698074  219  1005  1004.9303245  1.97045740583  0.0185894951237
0.594405698074  219  9  8.67941835882  1.26924230307  0.0325378737877
0.594405698074  220  19  19.1952038663  1.43382439359  0.14942900487
0.594405698074  220  30  29.5659260523  1.2224618618  0.0713014177198
0.594405698074  220  40  40.126110513  1.44807726516  0.0988904475738
0.594405698074  220  51  50.632986042  1.28757299348  0.0250037778929
0.594405698074  220  61  61.400676115  1.28975093579  0.19641598234
0.594405698074  220  72  72.0897928021  1.49985205059  0.0901971752017
0.594405698074  220  83  82.8413039734  1.51193025571  0.0610828895662
0.594405698074  221  94  93.7427381335  1.45847809687  0.0579632358159
0.594405698074  221  105  104.67825808  1.39947793739  0.0148207886506
0.594405698074  221  116  115.719230254  1.45708294136  0.0840279726047
0.594405698074  221  127  126.82424555  1.51576694325  0.0805362980277
0.594405698074  221  138  138.034728219  1.53566418925  0.105469914932
0.594405698074  221  149  149.353169645  1.31621966763  0.261115225029
0.594405698074  221  161  160.577918279  1.25537423898  0.0575989390851
0.594405698074  221  172  172.022904939  1.57531399029  0.0610793141979
0.594405698074  222  184  183.527024797  1.24498801828  0.0994880998964
0.594405698074  222  195  195.129114324  1.58686851708  0.0771634780932
0.594405698074  222  207  206.71727233  1.53498073065  -0.0109662442347
0.594405698074  222  218  218.488201012  1.19197006051  0.139095902743
0.594405698074  222  230  230.334513997  1.49378500758  0.136504936466
0.594405698074  222  242  242.244009312  1.54692324113  0.141005734804
0.594405698074  222  254  254.24440988  1.55952626633  0.199239921046
0.594405698074  222  266  266.297061407  1.52146600501  0.183734478413
0.594405698074  222  278  278.437161811  1.39273766457  0.185303869858
0.594405698074  222  291  290.600740674  1.42325906503  0.0666007721501
0.594405698074  222  303  302.969730141  1.666450127  0.0977631623987
0.594405698074  222  315  315.433261632  1.37833408704  0.195883757499
0.594405698074  223  328  327.892880326  1.648088388  0.065836741279
0.594405698074  223  341  340.517651834  1.36274590756  0.0583150646933
0.594405698074  223  353  353.236976143  1.64037441105  0.0703604570876
0.594405698074  223  366  365.995062041  1.71975821926  0.0404484320188
0.594405698074  223  379  378.868905856  1.73258703635  0.0114407942712
0.594405698074  223  392  391.84376545  1.71636772423  0.0251033266308
0.594405698074  223  405  404.93792854  1.77113853026  0.0578360328067
0.594405698074  223  418  418.125169893  1.72675120552  0.0764389003417
0.594405698074  223  431  431.390609442  1.62892804422  0.096392083202
0.594405698074  223  445  444.724828653  1.72555843757  0.0528599605634
0.594405698074  223  458  458.240056767  1.66024173056  0.117565897902
0.594405698074  223  472  471.774098073  1.69004645404  0.0429207953588
0.594405698074  223  485  485.480972056  1.48118855265  0.113755164035
0.594405698074  223  499  499.302570552  1.68747809169  0.107948836636
0.594405698074  223  513  513.18977082  1.76612443806  0.0383227606534
0.594405698074  223  527  527.197130041  1.76959056753  0.0780066346896
0.594405698074  223  541  541.309631545  1.75841077319  0.0648590201536
0.594405698074  223  556  555.499718266  1.73383742127  0.031463198831
0.594405698074  223  570  569.835476336  1.81024261835  0.0493075446654
0.594405698074  223  584  584.29737953  1.76124149914  0.0917363009915
0.594405698074  223  599  598.80898357  1.82609052486  0.0398279140091
0.594405698074  223  613  613.492708667  1.65815248466  0.0975695993225
0.594405698074  223  628  628.302666374  1.69722494232  0.129177513525
0.594405698074  223  643  643.232259054  1.78027756386  0.103613588257
0.594405698074  223  658  658.256435736  1.76490640244  0.0794641637601
0.594405698074  223  673  673.403697278  1.74336845376  0.0566475392339
0.594405698074  223  689  688.651112555  1.83061559343  -0.0155931940149
0.594405698074  223  704  704.090584071  1.89967754014  0.0457062723495
0.594405698074  223  720  719.598647865  1.85461507029  0.00961855119627
0.594405698074  223  735  735.282525127  1.87123810448  0.05948088349
0.594405698074  223  751  751.040388891  1.93298615194  0.0680307434279
0.594405698074  222  767  766.938999865  1.91902790405  0.0534766560034
0.594405698074  222  783  782.994796782  1.93538751896  0.0592924075448
0.594405698074  222  799  799.221257911  1.85990637265  0.129361476427
0.594405698074  222  816  815.538420451  1.8290299695  0.122302706883
0.594405698074  222  832  831.987630522  1.92223421162  0.00572675665604
0.594405698074  222  849  848.596023942  1.81320729723  -0.0063940758585
0.594405698074  222  865  865.40558506  1.85629301274  0.0613473896255
0.594405698074  222  882  882.298667714  1.91243285762  0.0258156686226
0.594405698074  221  899  899.375754342  1.87546569546  0.0574702085103
0.594405698074  221  917  916.526058206  1.86080925822  0.0228148573558
0.594405698074  221  934  933.867432087  1.96724609297  0.0271548415748
0.594405698074  221  951  951.393949298  1.83627084482  0.104634130956
0.594405698074  221  969  969.031846805  1.97737045884  0.086229126547
0.594405698074  220  987  986.861979667  1.95456637733  0.0216254573977
0.594405698074  220  1005  1004.87687785  1.97501003002  0.0118313453093
0.774333698074  220  9  8.71992029616  1.33940563495  0.0349708500897
0.774333698074  221  19  19.2432208179  1.37670533369  0.175801814133
0.774333698074  221  30  29.5930290565  1.24746019011  0.0678083933733
0.774333698074  221  40  40.1786591812  1.42808639153  0.123952321282
0.774333698074  221  51  50.6679273123  1.32122523401  0.0229399488981
0.774333698074  221  61  61.4213211303  1.24628894877  0.177977450119
0.774333698074  221  72  72.1271049095  1.50529239609  0.0939104249916
0.774333698074  221  83  82.8867977563  1.53767717902  0.0737667764359
0.774333698074  222  94  93.7654620197  1.49651117453  0.0589984515355
0.774333698074  222  105  104.71114501  1.43390056718  0.0227809602229
0.774333698074  222  116  115.765008008  1.47842558641  0.106433895851
0.774333698074  222  127  126.865646161  1.53655406602  0.0853134884921
0.774333698074  222  138  138.086803444  1.51571239468  0.135468205974
0.774333698074  222  149  149.381570825  1.32758799595  0.248915989536
0.774333698074  222  161  160.59716698  1.29310079467  0.0240931611211
0.774333698074  222  172  172.060564913  1.54717997059  0.061927153455
0.774333698074  222  184  183.528301021  1.22621867945  0.083308413951
0.774333698074  223  195  195.153079232  1.58165711485  0.0805040882996
0.774333698074  223  207  206.741308714  1.54358823057  -0.0197820366877
0.774333698074  223  219  218.509805327  1.29435467125  0.10258993343
0.774333698074  223  230  230.351968934  1.50271405759  0.125257995517
0.774333698074  223  242  242.266570399  1.57733143023  0.131439549952
0.774333698074  223  254  254.258085405  1.56052551602  0.188755290113
0.774333698074  223  266  266.316333766  1.52486168768  0.175429087506
0.774333698074  223  278  278.444510722  1.3519259108  0.192501281618
0.774333698074  223  291  290.623605062  1.49317002626  0.0685410646752
0.774333698074  223  303  302.979870806  1.64649197799  0.100564679697
0.774333698074  223  315  315.428773326  1.41547397935  0.163317747465
0.774333698074  224  328  327.918173449  1.64480205447  0.0695988828618
0.774333698074  224  341  340.514953421  1.31039966851  0.0309511703497
0.774333698074  224  353  353.268829008  1.60544384403  0.112131493679
0.774333698074  224  366  366.023615393  1.71155000078  0.0642908043564
0.774333698074  224  379  378.876212393  1.71532081027  0.00524179487298
0.774333698074  224  392  391.860115821  1.71585033679  0.0259953285227
0.774333698074  224  405  404.946184986  1.76512367612  0.055511615403
0.774333698074  224  418  418.143909094  1.7414510843  0.0855162958266
0.774333698074  224  431  431.41486954  1.5840963643  0.127507440904
0.774333698074  224  445  444.728525899  1.71668319453  0.036176876113
0.774333698074  224  458  458.258477422  1.63913772536  0.142532022913
0.774333698074  224  472  471.769863399  1.69792927494  0.0293693094465
0.774333698074  224  485  485.49676259  1.38566948156  0.138994380149
0.774333698074  224  499  499.316500965  1.6706695244  0.11328597916
0.774333698074  224  513  513.185822831  1.7605129008  0.0471290075721
0.774333698074  224  527  527.20015341  1.77647680439  0.0821825672613
0.774333698074  224  541  541.321482441  1.74648349018  0.0676878515671
0.774333698074  224  556  555.503761848  1.70891202063  0.0240166131542
0.774333698074  224  570  569.813990337  1.8154521763  0.0226121093696
0.774333698074  224  584  584.303621853  1.72078458076  0.105063797034
0.774333698074  224  599  598.786845994  1.81580451451  0.0166830342495
0.774333698074  224  613  613.501943987  1.64822591073  0.108918916482
0.774333698074  224  628  628.297450483  1.69625237668  0.13304806746
0.774333698074  224  643  643.213776325  1.7961584177  0.10023819217
0.774333698074  224  658  658.250021459  1.76126084293  0.0887424243665
0.774333698074  224  673  673.404140474  1.73666066569  0.0593912814714
0.774333698074  224  689  688.64259145  1.77946227185  -0.0246245984327
0.774333698074  224  704  704.077633292  1.8835541792  0.0458503134741
0.774333698074  224  720  719.579312511  1.84865177477  0.00349543294948
0.774333698074  224  735  735.251148069  1.88468126492  0.0584255820158
0.774333698074  223  751  751.053167499  1.92918838286  0.113296165662
0.774333698074  223  767  766.908620667  1.91554549224  0.048290428681
0.774333698074  223  783  782.963328709  1.91332598783  0.044473722248
0.774333698074  223  799  799.188178903  1.87580509453  0.117635019258
0.774333698074  223  815  815.490942552  1.76567601625  0.0905879138401
0.774333698074  223  832  831.956915694  1.90132440821  -0.00308106057425
0.774333698074  223  849  848.562111247  1.84600959044  -0.0110776373876
0.774333698074  223  865  865.365399834  1.8852570763  0.0482399803144
0.774333698074  223  882  882.265242028  1.92849237953  0.0153863042704
0.774333698074  222  899  899.340935643  1.91588701319  0.0526116191989
0.774333698074  222  916  916.506469572  1.85753832332  0.0379583554945
0.774333698074  222  934  933.819108392  1.95687741434  0.0133317345403
0.774333698074  222  951  951.349434831  1.83584795743  0.105909874486
0.774333698074  222  969  968.979578401  1.9729004709  0.0726828043808
0.774333698074  221  987  986.805121321  1.93360291646  -0.000687556990514
0.774333698074  221  1005  1004.83388159  1.94628516606  0.00222295376867
0.954261698074  221  9  8.76095338661  1.37155606331  0.0371729708958
0.954261698074  221  19  19.2858017193  1.40756611953  0.177521897659
0.954261698074  222  30  29.6291068146  1.2715465936  0.0673795012156
0.954261698074  222  40  40.2257663283  1.40110116548  0.143359608091
0.954261698074  222  51  50.6987413927  1.36814732124  0.0161591831304
0.954261698074  222  61  61.4509206723  1.24139443032  0.186571010665
0.954261698074  222  72  72.1645035223  1.4669973071  0.0988500516977
0.954261698074  222  83  82.9300737444  1.54115943416  0.0852292516755
0.954261698074  222  94  93.7862480142  1.48605396369  0.0698652771264
0.954261698074  223  105  104.750525172  1.48072450448  0.0249815316228
0.954261698074  223  116  115.78614544  1.51425315437  0.111561886497
0.954261698074  223  127  126.900361828  1.54645382405  0.0981570609449
0.954261698074  223  138  138.120252064  1.52604782375  0.126451467093
0.954261698074  223  149  149.400183258  1.29156275921  0.262097090227
0.954261698074  223  161  160.61927648  1.33042604321  0.0315386443686
0.954261698074  223  172  172.099347376  1.55632519866  0.0794758926234
0.954261698074  223  184  183.535944871  1.25542620949  0.0684544795644
0.954261698074  224  195  195.166906817  1.59093736012  0.0470658538284
0.954261698074  224  207  206.751031306  1.54231266064  -0.0212299906039
0.954261698074  224  219  218.519068375  1.25493023964  0.0820623382794
0.954261698074  224  230  230.379643126  1.44874345249  0.12787761578
0.954261698074  224  242  242.281691514  1.52843238786  0.140013294607
0.954261698074  224  254  254.289148173  1.50128892748  0.204469023753
0.954261698074  224  266  266.337909562  1.46916176362  0.177695712466
0.954261698074  224  278  278.459313173  1.26780955797  0.18142110732
0.954261698074  224  291  290.625265902  1.44924464232  0.0538900901945
0.954261698074  224  303  303.002914645  1.66829295533  0.100343744103
0.954261698074  224  315  315.460325779  1.35768967712  0.182170995167
0.954261698074  224  328  327.927257555  1.64687327864  0.08528553499
0.954261698074  225  341  340.520898735  1.35763159901  0.036836369916
0.954261698074  225  353  353.271659896  1.63125614915  0.109640865348
0.954261698074  225  366  366.019885152  1.70070221648  0.0555461411986
0.954261698074  225  379  378.881687996  1.73085869238  0.00994335896508
0.954261698074  225  392  391.864482473  1.7364123598  0.0300188055838
0.954261698074  225  405  404.946783053  1.75397867472  0.0607761718875
0.954261698074  225  418  418.137666961  1.73989464019  0.0869120651596
0.954261698074  225  431  431.408501661  1.60780863404  0.115815812172
0.954261698074  225  445  444.724789845  1.70122417982  0.0500002657203
0.954261698074  225  458  458.254153153  1.64622995595  0.137721534172
0.954261698074  225  472  471.768153284  1.69262869204  0.045144520379
0.954261698074  225  485  485.492645046  1.42860372525  0.134269905252
0.954261698074  225  499  499.308733765  1.66562848487  0.11343514882
0.954261698074  225  513  513.180018103  1.77015544117  0.0446321811152
0.954261698074  225  527  527.192352918  1.76640007876  0.0738618481404
0.954261698074  225  541  541.316558743  1.74329207057  0.0775331186195
0.954261698074  225  555  555.50271222  1.71526762262  0.0362212279089
0.954261698074  225  570  569.806334658  1.79779987719  0.021493227733
0.954261698074  225  584  584.277855306  1.74986329366  0.0861083048669
0.954261698074  225  599  598.765390545  1.8194960976  0.0101607811503
0.954261698074  225  613  613.484644274  1.62577790143  0.109737459962
0.954261698074  225  628  628.283630441  1.70239103682  0.132156118316
0.954261698074  225  643  643.204535392  1.79901742805  0.101511017179
0.954261698074  225  658  658.225847996  1.77993714167  0.0959980091086
0.954261698074  225  673  673.393908175  1.75244455622  0.0747726611375
0.954261698074  225  689  688.60449526  1.7856750583  -0.0320695097141
0.954261698074  225  704  704.047210467  1.89605933053  0.0423218632159
0.954261698074  225  720  719.554229563  1.83891808003  0.0205250666447
0.954261698074  225  735  735.235756035  1.88502443706  0.0593760040984
0.954261698074  224  751  751.009402865  1.93660180151  0.0635772147497
0.954261698074  224  767  766.885087559  1.92665114449  0.045124042459
0.954261698074  224  783  782.931979598  1.92044751975  0.0399221558056
0.954261698074  224  799  799.159825214  1.90067056289  0.119202638046
0.954261698074  224  815  815.467520215  1.68612689244  0.077778363196
0.954261698074  224  832  831.897970549  1.92568948847  -0.0366532353136
0.954261698074  224  849  848.521315993  1.80280734436  -0.00488438871527
0.954261698074  224  865  865.343883573  1.8871735141  0.0653587158741
0.954261698074  223  882  882.275913649  1.91149882132  0.0380131340527
0.954261698074  223  899  899.302457261  1.9320414102  0.0379841042816
0.954261698074  223  916  916.468902582  1.84699922622  0.0374091070887
0.954261698074  223  934  933.787664899  1.9551997685  0.0215074692976
0.954261698074  223  951  951.312645902  1.90292248299  0.097186726156
0.954261698074  223  969  968.918597434  1.96730630825  0.0565429393942
0.954261698074  222  987  986.755723913  1.92092401385  -0.00569412115812
0.954261698074  222  1005  1004.76236774  1.92754456877  -0.0111229828844
1.13418969807  222  9  8.81796096858  1.4452755131  0.0488789188594
1.13418969807  222  19  19.2951352328  1.37465451233  0.18510458261
1.13418969807  223  30  29.6582055958  1.28883961134  0.0568789722418
1.13418969807  223  40  40.2644401251  1.39962608067  0.146802391353
1.13418969807  223  51  50.7431183346  1.41551009509  0.0231778084943
1.13418969807  223  61  61.4670566275  1.18003968121  0.165169257003
1.13418969807  223  72  72.1989573875  1.47679911012  0.109343360744
1.13418969807  223  83  82.9857546798  1.54280808644  0.11246725818
1.13418969807  223  94  93.828284965  1.53180715727  0.0768351293148
1.13418969807  224  105  104.789037411  1.51405715568  0.0246034442982
1.13418969807  224  116  115.832154485  1.50513567872  0.113963036577
1.13418969807  224  127  126.939676992  1.55759215216  0.10511454165
1.13418969807  224  138  138.167883429  1.49279745809  0.163425674118
1.13418969807  224  149  149.428913372  1.24505309376  0.25629010898
1.13418969807  224  161  160.643412336  1.38611106996  0.0159023650311
1.13418969807  224  172  172.127043556  1.5261850887  0.0871528985523
1.13418969807  224  184  183.559951762  1.26903090663  0.0656333992933
1.13418969807  224  195  195.178365633  1.5767797097  0.0833749639721
1.13418969807  225  207  206.780143286  1.55952945438  -0.00400606032912
1.13418969807  225  219  218.536087162  1.2760936338  0.0875850489406
1.13418969807  225  230  230.396955118  1.4649708098  0.132857741003
1.13418969807  225  242  242.300882497  1.55870857511  0.142330696806
1.13418969807  225  254  254.302477949  1.52428797038  0.201801522794
1.13418969807  225  266  266.351633411  1.49471167425  0.175112710218
1.13418969807  225  278  278.475545645  1.3042394338  0.185054454762
1.13418969807  225  291  290.642033698  1.49573903706  0.0527628216055
1.13418969807  225  303  303.028270489  1.66838810212  0.108420497236
1.13418969807  225  315  315.461230015  1.37465175073  0.167001575243
1.13418969807  225  328  327.927629836  1.64652586594  0.0673876801483
1.13418969807  225  341  340.522104406  1.40717377636  0.0352452975058
1.13418969807  226  353  353.286019805  1.60128642799  0.10867721222
1.13418969807  226  366  366.036728756  1.69321087528  0.0597017161367
1.13418969807  226  379  378.891410131  1.72681094776  0.00511914729046
1.13418969807  226  392  391.86513709  1.73720485354  0.0244454718808
1.13418969807  226  405  404.951063571  1.75470175348  0.0564520994596
1.13418969807  226  418  418.142481246  1.70609391117  0.0828702714893
1.13418969807  226  431  431.414663376  1.62959937107  0.107142473181
1.13418969807  226  445  444.730573631  1.72007062428  0.0506674758821
1.13418969807  226  458  458.255724127  1.66242217608  0.132716610303
1.13418969807  226  472  471.773086662  1.70024747888  0.0439405944689
1.13418969807  226  485  485.491856483  1.45490763645  0.136054160675
1.13418969807  226  499  499.299447399  1.67724165515  0.110581536182
1.13418969807  226  513  513.176504134  1.79866641685  0.0396720378124
1.13418969807  226  527  527.187171928  1.7823798095  0.0745012307884
1.13418969807  226  541  541.310821869  1.75626097485  0.082532538121
1.13418969807  226  555  555.490695025  1.72330926971  0.0331732109789
1.13418969807  226  570  569.7997013  1.81229452065  0.0272830998758
1.13418969807  226  584  584.279852914  1.76048667078  0.0948768159092
1.13418969807  226  599  598.759360922  1.80903375358  0.0254942139453
1.13418969807  226  613  613.466160922  1.66433287212  0.10213609431
1.13418969807  226  628  628.27033614  1.74583976169  0.11732871268
1.13418969807  226  643  643.167764084  1.81633718571  0.0795960871929
1.13418969807  226  658  658.213782615  1.77158349323  0.0906877180453
1.13418969807  226  673  673.379260829  1.764496166  0.0732479328963
1.13418969807  226  689  688.588702752  1.77289160589  -0.0212467638606
1.13418969807  226  704  704.024365515  1.88876859287  0.0367116549732
1.13418969807  226  720  719.542736538  1.83895406321  0.0137417770923
1.13418969807  225  735  735.235551013  1.8860017713  0.0583940090677
1.13418969807  225  751  750.965935262  1.94235419299  0.0479950858153
1.13418969807  225  767  766.849655693  1.92337514276  0.0323428287333
1.13418969807  225  783  782.899349082  1.91017587847  0.0290868628732
1.13418969807  225  799  799.117407337  1.91124152036  0.0991231720454
1.13418969807  225  815  815.441630402  1.73581970895  0.0866619027114
1.13418969807  225  832  831.873125242  1.91613238871  -0.0255891578283
1.13418969807  225  849  848.504169154  1.79128340939  0.0114585532121
1.13418969807  225  865  865.303436795  1.89737291487  0.0583039043406
1.13418969807  224  882  882.218490941  1.9591976864  0.0224334408783
1.13418969807  224  899  899.262575703  1.93138022229  0.0528458557259
1.13418969807  224  916  916.429808099  1.83041707225  0.0549277938681
1.13418969807  224  934  933.743171426  1.95290973571  0.00986201113986
1.13418969807  224  951  951.272938937  1.90610565446  0.101360694072
1.13418969807  224  969  968.882158081  1.97093274644  0.0563056803117
1.13418969807  223  987  986.711401295  1.89404531911  -0.00869539758794
1.13418969807  223  1005  1004.73306669  1.91515987438  0.0011201631422
1.31411769807  223  9  8.8647705873  1.46002215994  0.0585543743835
1.31411769807  223  19  19.3264447694  1.34897099254  0.18737205454
1.31411769807  224  30  29.6767942756  1.28762028518  0.0699853254786
1.31411769807  224  40  40.3015988307  1.32400999685  0.150439347525
1.31411769807  224  51  50.7767669793  1.43936742466  0.018839029519
1.31411769807  224  61  61.5005020454  1.17168341964  0.160570924001
1.31411769807  224  72  72.2426297877  1.44064861797  0.119465070823
1.31411769807  224  83  83.0240546233  1.55141583323  0.11262683041
1.31411769807  224  94  93.8712963824  1.53921364892  0.0898805604583
1.31411769807  224  105  104.803936579  1.54142303516  0.0673314455858
1.31411769807  225  116  115.86875648  1.54093223432  0.129697684831
1.31411769807  225  127  126.98013712  1.57669440571  0.125202562374
1.31411769807  225  138  138.190777455  1.51075214937  0.159694012879
1.31411769807  225  149  149.437678638  1.20828243605  0.250291722903
1.31411769807  225  161  160.674167942  1.432853494  0.0245397302158
1.31411769807  225  172  172.152986405  1.5464325412  0.104748597694
1.31411769807  225  184  183.581613385  1.30073722098  0.0644662226058
1.31411769807  225  195  195.218523184  1.53714063425  0.108162759613
1.31411769807  226  207  206.818415394  1.58353165552  0.0260194157762
1.31411769807  226  219  218.547088102  1.40124062575  0.039770520203
1.31411769807  226  230  230.416187296  1.4233900789  0.12641750067
1.31411769807  226  242  242.322376137  1.51969429015  0.125763526018
1.31411769807  226  254  254.320792247  1.51769286682  0.19845937044
1.31411769807  226  266  266.367289832  1.47354340452  0.16080675226
1.31411769807  226  278  278.48455462  1.31499171413  0.161157742386
1.31411769807  226  291  290.671407631  1.56594613079  0.059761548267
1.31411769807  226  303  303.056266958  1.68518193098  0.110441904897
1.31411769807  226  315  315.47609322  1.37022633651  0.159291592196
1.31411769807  226  328  327.974045587  1.65369848661  0.105913416545
1.31411769807  226  341  340.534215977  1.40314675559  0.0360897094408
1.31411769807  227  353  353.298674108  1.56712742469  0.129527337974
1.31411769807  227  366  366.055523609  1.68913994875  0.0697024508936
1.31411769807  227  379  378.905727169  1.73418933759  0.00761524957504
1.31411769807  227  392  391.875734477  1.73335554291  0.0260000006446
1.31411769807  227  405  404.982994029  1.75947639006  0.0766180170366
1.31411769807  227  418  418.143035523  1.72849812898  0.07077642809
1.31411769807  227  431  431.404405085  1.65255782994  0.083919714412
1.31411769807  227  445  444.736576259  1.74564832704  0.0512952633596
1.31411769807  227  458  458.254349494  1.68700163214  0.116880531802
1.31411769807  227  472  471.792052406  1.73035951081  0.0610637575527
1.31411769807  227  485  485.47840724  1.59117829765  0.104623283518
1.31411769807  227  499  499.288048422  1.70416292341  0.0866624394416
1.31411769807  227  513  513.164892288  1.77707104506  0.04556842423
1.31411769807  227  527  527.191235506  1.78094401869  0.0808413956657
1.31411769807  227  541  541.288277034  1.78484998012  0.0519651857406
1.31411769807  227  555  555.490875863  1.75805813495  0.041024527438
1.31411769807  227  570  569.799380431  1.83323393951  0.0304970763831
1.31411769807  227  584  584.268135218  1.78155332183  0.0901855064552
1.31411769807  227  599  598.767444556  1.81822087196  0.0348973801402
1.31411769807  227  613  613.461109695  1.74473271029  0.09229875911
1.31411769807  227  628  628.255101676  1.76228877008  0.11330043724
1.31411769807  227  643  643.151268461  1.84563840759  0.0862230109414
1.31411769807  227  658  658.188716828  1.79660218941  0.0772289344045
1.31411769807  227  673  673.34265643  1.772419464  0.0486331573133
1.31411769807  227  689  688.577685688  1.79865028779  -0.0218019180136
1.31411769807  227  704  704.003492114  1.86976056885  0.0299862852423
1.31411769807  227  720  719.517916896  1.81987440305  0.00464479301239
1.31411769807  226  735  735.202005484  1.89961088902  0.0513712647802
1.31411769807  226  751  750.954708968  1.92289145205  0.0524517978666
1.31411769807  226  767  766.833062866  1.91102995875  0.0321270403679
1.31411769807  226  783  782.875357629  1.90980365372  0.0326555699277
1.31411769807  226  799  799.103153218  1.92823043389  0.0952863217021
1.31411769807  226  815  815.427505613  1.78553865093  0.0962614442408
1.31411769807  226  832  831.848896254  1.92223170019  -0.011094242944
1.31411769807  226  848  848.476469603  1.79371787506  0.0224265480101
1.31411769807  226  865  865.274582204  1.90570070117  0.0643835046698
1.31411769807  225  882  882.189361855  1.94659010651  0.0234332949947
1.31411769807  225  899  899.232584683  1.94694608419  0.047824091349
1.31411769807  225  916  916.413208813  1.84143974744  0.0540748012696
1.31411769807  225  934  933.706402073  1.91368480266  0.0123228646804
1.31411769807  225  951  951.239859666  1.94112382229  0.0951174854494
1.31411769807  224  969  968.863835537  1.95927448172  0.020303810934
1.31411769807  224  987  986.674486256  1.86759787952  -0.000497550279486
1.31411769807  224  1005  1004.67515007  1.88725785348  -0.00381952880242
