# Band 2C   Etalon 1B   Slice 9
# Distortion map version 06.04.00 - date 2018-10-09
# Trace (isoalpha): Take pixel trace along specified slice, specified alpha position trace is built by taking the pixel in every detector row with alpha value closest to the one specified 
# xpos[i] = np.argmin(alpha_img[i,:])+funcs.find_nearest(alpha_img[i,:][(slice_img[i,:]!=0)],alpha_pos)
#    alpha       x  y      center         FWHM          skewness
0.0  976  6  5.93453749182  1.8942368616  0.0131579299953
0.0  977  19  19.4916067327  1.89035416787  0.0147772389725
0.0  978  33  33.1652012386  1.85695637434  0.0290020628841
0.0  978  47  46.7943536058  1.84055502957  0.0282986934802
0.0  979  61  60.7259702778  1.81884052714  0.0129769458591
0.0  980  75  74.7877067089  1.80058265162  0.0191108217827
0.0  980  89  88.7725173925  1.75738330898  -0.0425772164724
0.0  981  103  103.078253364  1.79734902456  -0.0219849373722
0.0  982  117  117.493172547  1.8441506041  -0.0203691254895
0.0  982  132  131.883708513  1.80705065998  -0.00818188042432
0.0  983  147  146.550104225  1.83998381189  -0.0181964947882
0.0  984  161  161.325827486  2.00872699143  0.0207285014097
0.0  984  176  176.146351227  1.83007773241  -0.0252020164714
0.0  985  191  191.224107873  1.83267883208  -0.0231352484825
0.0  985  206  206.276670731  1.82439226199  -0.0189654218873
0.0  986  222  221.656627128  1.84620506356  0.0255587715489
0.0  986  237  236.986786028  1.80960449172  -0.0080512133454
0.0  987  253  252.646824817  1.80231026421  0.020707932407
0.0  987  268  268.300132044  1.78290161343  0.0114921640347
0.0  988  284  284.269503254  1.72976302242  0.046432655098
0.0  988  300  300.209812862  1.75773034716  0.00507972021961
0.0  988  316  316.332447518  1.73409777368  0.0109792469766
0.0  989  333  332.703057065  1.73437068821  -0.00601771494684
0.0  989  349  349.147910212  1.80656555889  0.00606477602218
0.0  989  366  365.694885087  1.83209219758  0.0281686961037
0.0  990  383  382.569931666  1.79464147961  -0.00592161353495
0.0  990  400  399.503805134  1.82437403634  0.0157996753349
0.0  990  417  416.549469446  1.82865584973  -0.00650557559314
0.0  990  434  433.80148058  1.87167859078  0.00231939728748
0.0  991  451  451.349644396  1.83947836133  0.0138823235495
0.0  991  469  468.911337362  1.89405813597  -0.0156316343277
0.0  991  487  486.684170582  1.86856942556  -0.0088541346819
0.0  991  505  504.625509121  1.88259948859  -0.0171289519588
0.0  991  523  522.739804241  1.8536976867  -0.0337730830087
0.0  991  541  541.063892089  1.91768863888  -0.0433798186875
0.0  991  560  559.580062321  1.8291211521  -0.034094048553
0.0  991  578  578.302403031  1.86104151773  -0.00741524193343
0.0  991  597  597.20320253  1.90937303611  -0.0140728539376
0.0  991  616  616.29315277  1.86667503491  0.00480039276298
0.0  991  636  635.572073883  1.87649061076  0.0029277167106
0.0  990  655  654.941002417  1.95262353285  -0.00599045634148
0.0  990  675  674.629768819  1.91538446815  -0.00744027429213
0.0  990  695  694.539148379  1.92700439636  0.00419696703744
0.0  989  715  714.548752088  1.99785797678  -0.00678711561189
0.0  989  735  734.876481813  2.03762209859  -0.0141901983243
0.0  989  755  755.460994712  2.04957883412  0.0065166043503
0.0  988  776  776.125730479  2.09119208373  -0.0263656672007
0.0  988  797  797.143821057  2.11184209434  -0.0462176191433
0.0  987  818  818.318904613  2.0620627421  -0.0333757591833
0.0  986  840  839.68494206  1.99452992134  -0.105306781818
0.0  986  861  861.459208481  2.03932296185  -0.0275360584828
0.0  985  883  883.350492444  2.06834582364  -0.00256324905402
0.0  984  905  905.47034021  2.0769939604  0.00523341243129
0.0  983  928  927.865244187  2.11450623402  -0.0104148936009
0.0  982  951  950.579309939  2.13262074412  -0.0158474562394
0.0  982  973  973.47278402  2.16154781447  -0.0109041962588
0.0  980  997  996.614481782  2.20189024353  -0.0721784931773
0.0  979  1020  1020.1671464  2.34498945181  0.00558688370149
-1.86865047081  985  7  7.42496802973  1.84687157141  0.0148016433543
-1.86865047081  986  21  20.9536270537  1.79820598021  0.0247247665016
-1.86865047081  986  34  34.4803619699  1.8140848058  0.0321253166878
-1.86865047081  987  48  48.255928026  1.75611132053  0.0233215316796
-1.86865047081  988  62  62.1816694229  1.71459193871  0.0372746443182
-1.86865047081  988  76  76.0402192986  1.67922242804  0.0406843322195
-1.86865047081  989  90  90.2066724353  1.72412243341  -0.0248984975118
-1.86865047081  990  104  104.485042064  1.71211706499  -0.0133585614362
-1.86865047081  990  119  118.746885545  1.78485993613  0.0152587139015
-1.86865047081  991  133  133.244006374  1.75596446182  -0.0510950528444
-1.86865047081  992  148  147.919573142  1.72164851663  -0.00623606007327
-1.86865047081  992  163  162.545888511  1.77342651409  -0.0338355519035
-1.86865047081  993  177  177.492012228  1.77726411097  -0.00919187513077
-1.86865047081  993  192  192.391671045  1.77456470912  -0.0303495644776
-1.86865047081  994  208  207.627118607  1.76693474166  0.0103655632036
-1.86865047081  994  223  222.812051079  1.76580243637  0.0139983733776
-1.86865047081  995  238  238.30334154  1.74625278623  -0.000449231866967
-1.86865047081  995  254  253.786247395  1.74021011319  0.0191985987393
-1.86865047081  996  270  269.574767423  1.74498107471  0.0207911963936
-1.86865047081  996  285  285.363397141  1.73134501495  -0.00285042979172
-1.86865047081  997  301  301.436757752  1.6943738539  -0.00158380707939
-1.86865047081  997  318  317.543258715  1.68261624333  -0.00868959156971
-1.86865047081  997  334  333.794358737  1.70934051382  6.0677709001e-05
-1.86865047081  998  350  350.353719646  1.66310796812  0.00617246320135
-1.86865047081  998  367  366.887485076  1.72372023428  -0.00869360915121
-1.86865047081  998  384  383.641169982  1.72187368962  0.00776104624212
-1.86865047081  999  401  400.644507289  1.72963061006  -0.0201475094841
-1.86865047081  999  418  417.705519718  1.75393364194  -0.00242153989604
-1.86865047081  999  435  434.919950329  1.76667401844  -0.0141309204765
-1.86865047081  999  452  452.341289645  1.8077213594  -0.0133401702785
-1.86865047081  999  470  469.900224911  1.80936698393  -0.0270376660496
-1.86865047081  1000  488  487.783112394  1.80327297767  -0.00347276890501
-1.86865047081  1000  506  505.693361807  1.8011768221  -0.034868505096
-1.86865047081  1000  524  523.798751608  1.79641803522  -0.0565145949855
-1.86865047081  1000  542  542.131480087  1.80284961209  -0.0479842362385
-1.86865047081  1000  561  560.594968899  1.74781980915  -0.0536949423901
-1.86865047081  1000  579  579.308490913  1.75827102123  -0.0409456264546
-1.86865047081  1000  598  598.171506272  1.76251498562  -0.0633841533097
-1.86865047081  999  617  617.167248752  1.81611060214  -0.0100504919299
-1.86865047081  999  636  636.431651246  1.78361381744  -0.0158630417492
-1.86865047081  999  656  655.883976507  1.82839515548  -0.0240911207302
-1.86865047081  999  676  675.568323067  1.82446723771  -0.0137645479895
-1.86865047081  998  695  695.391744267  1.62803685301  -0.204772281197
-1.86865047081  998  715  715.463709296  1.87043446048  -0.00427245141091
-1.86865047081  998  736  735.788985199  1.94049876193  0.00679829207121
-1.86865047081  997  756  756.226259411  1.98553021339  -0.0273596648556
-1.86865047081  997  777  776.969502351  2.01250631673  -0.0426597355691
-1.86865047081  996  798  797.898601264  2.00411640637  -0.0709473588513
-1.86865047081  996  819  819.134472828  2.00687936571  -0.0670730743542
-1.86865047081  995  841  840.520760403  1.91159982242  -0.0589287882288
-1.86865047081  994  862  862.241480059  1.66751990313  -0.196699326927
-1.86865047081  994  884  884.131859538  1.948062322  -0.0187281497297
-1.86865047081  993  906  906.213121613  1.95909042308  -0.00592708597131
-1.86865047081  992  929  928.606518951  2.03413206913  -0.0340386269789
-1.86865047081  991  951  951.270245067  2.10112347013  0.00100460938706
-1.86865047081  990  974  974.179267311  2.14443545672  -0.0201510050911
-1.86865047081  989  997  997.385026985  2.15653099646  0.00139356987086
-1.86865047081  988  1021  1020.95712575  2.27915160507  0.16576509856
-1.67461047081  984  7  7.2565369278  1.86884728768  -0.00393627668644
-1.67461047081  985  21  20.7891408616  1.79960513193  0.0117826242931
-1.67461047081  985  34  34.3673668097  1.90252820841  0.0289658889793
-1.67461047081  986  48  48.0859032283  1.78449765644  0.0152913875979
-1.67461047081  987  62  62.0127829448  1.74228969341  0.024533413467
-1.67461047081  988  76  76.0900340389  1.70547149723  0.100193089079
-1.67461047081  988  90  90.0399497782  1.73594686203  -0.0147875912062
-1.67461047081  989  104  104.319992603  1.75266878073  -0.0400865753533
-1.67461047081  990  119  118.76880709  1.84341039197  0.113809340339
-1.67461047081  990  133  133.090517154  1.79041320505  -0.0572427026056
-1.67461047081  991  148  147.779324768  1.77865606419  0.0028472131411
-1.67461047081  991  162  162.39027139  1.80484156622  -0.0478759847095
-1.67461047081  992  177  177.335184392  1.8179798146  -0.0451645954086
-1.67461047081  992  192  192.235374883  1.82611662785  -0.0804417257437
-1.67461047081  993  207  207.463294979  1.82276174685  -0.013126760054
-1.67461047081  994  223  222.692074603  1.86799501056  -0.0216667170038
-1.67461047081  994  238  238.155797783  1.76265899623  -0.00607725322051
-1.67461047081  994  254  253.659278388  1.87221286004  -0.0176804957847
-1.67461047081  995  269  269.425681491  1.77144544801  -0.00184045955686
-1.67461047081  995  285  285.233767035  1.75414617675  0.0029601580245
-1.67461047081  996  301  301.303097657  1.71803606438  -0.00776622196536
-1.67461047081  996  317  317.421490694  1.71233225018  0.000827922676285
-1.67461047081  997  334  333.82315985  1.75988161656  0.112508013117
-1.67461047081  997  350  350.222969804  1.71185546314  0.00390352375193
-1.67461047081  997  367  366.738439971  1.73263959108  -0.0165812214266
-1.67461047081  997  384  383.504370117  1.7690645505  -0.00667928611127
-1.67461047081  998  401  400.519408006  1.75983870381  -0.01771340978
-1.67461047081  998  418  417.589881809  1.80322512235  -0.00473214586418
-1.67461047081  998  435  434.800511579  1.79624300516  -0.0178924253016
-1.67461047081  998  452  452.217319875  1.84318638193  -0.0249999591607
-1.67461047081  998  470  469.804631641  1.89015421971  -0.0262036858784
-1.67461047081  999  488  487.667273271  1.83754502184  -0.0280925981197
-1.67461047081  999  506  505.599494359  1.8437393934  -0.0249783519566
-1.67461047081  999  524  523.686990956  1.79746724187  -0.0427828748273
-1.67461047081  999  542  542.005761734  1.83223147902  -0.0562748675515
-1.67461047081  999  561  560.503030349  1.75616362095  -0.0441770089265
-1.67461047081  999  579  579.207840699  1.81611330743  -0.0315467682851
-1.67461047081  999  598  598.075368129  1.80614382051  -0.0422436099575
-1.67461047081  998  617  617.131045605  1.67460461379  -0.0443332525608
-1.67461047081  998  636  636.34450548  1.81091763924  0.00229098036887
-1.67461047081  998  656  655.790955549  1.84678951566  -0.0179350502515
-1.67461047081  998  675  675.48969405  1.87960888681  0.00772006584887
-1.67461047081  998  695  695.384648665  1.87615290948  -0.000938929239564
-1.67461047081  997  715  715.378781911  1.90897145009  -0.00497645332599
-1.67461047081  997  736  735.687347275  1.94839904819  -0.0162523979994
-1.67461047081  996  756  756.112323502  2.02962765644  -0.0692105596124
-1.67461047081  996  777  776.881639075  2.02480367763  -0.0547121360963
-1.67461047081  995  798  797.780078743  1.97312521795  -0.12987712792
-1.67461047081  995  819  819.051670527  2.02538654297  -0.0705856202175
-1.67461047081  994  840  840.445328054  1.97851488641  -0.0614719319323
-1.67461047081  994  862  862.178880993  1.98090618087  -0.0333517685382
-1.67461047081  993  884  884.066998547  2.0086888412  -0.0197141312668
-1.67461047081  992  906  906.145899773  2.02763618556  -0.0133639900452
-1.67461047081  991  929  928.538921834  2.03259556423  -0.0285104921657
-1.67461047081  990  951  951.226312541  2.17716389798  0.00365140472387
-1.67461047081  989  974  974.121118305  2.16784644289  -0.00386117867723
-1.67461047081  988  997  997.312028302  2.2427905184  -0.00292149177025
-1.67461047081  987  1021  1020.88396987  2.32017470461  0.138077542994
-1.48057047081  983  7  7.07056662258  1.89182059675  -0.00409367725677
-1.48057047081  984  21  20.6187001027  1.85195790141  0.00620527733345
-1.48057047081  985  34  34.2999173872  1.79037406959  0.0469536167269
-1.48057047081  985  48  47.9198690953  1.79812623533  0.0251800564431
-1.48057047081  986  62  61.8484248278  1.77445453342  0.0313886638359
-1.48057047081  987  76  75.8794645579  1.75955514941  0.0159225171398
-1.48057047081  987  90  89.8785075936  1.75735556787  -0.00391755922636
-1.48057047081  988  104  104.152612353  1.76662813472  -0.0442700558656
-1.48057047081  989  119  118.57145596  1.77849841433  -0.0228759909228
-1.48057047081  989  133  132.926607301  1.79625659501  -0.0410843489297
-1.48057047081  990  148  147.607340039  1.82346633846  -0.0212604773324
-1.48057047081  990  162  162.215663137  1.8653611148  -0.115376649458
-1.48057047081  991  177  177.167686127  1.81159840021  -0.0496594185639
-1.48057047081  992  192  192.259899325  1.75915566677  -0.00570253648487
-1.48057047081  992  207  207.29181126  1.83026277305  -0.0422810722318
-1.48057047081  993  223  222.662719559  1.77923675385  0.00382719971498
-1.48057047081  993  238  237.98734088  1.78876023886  -0.00647347359775
-1.48057047081  994  254  253.644611452  1.76597303918  0.0194327519604
-1.48057047081  994  269  269.277331544  1.77732721441  -0.000196986126906
-1.48057047081  994  285  285.057034316  1.76680712911  -0.0606584587472
-1.48057047081  995  301  301.153142546  1.74740040617  -0.0106207367225
-1.48057047081  995  317  317.279058828  1.74814196612  0.00234747741969
-1.48057047081  996  334  333.648257397  1.73460458097  -0.0158976228938
-1.48057047081  996  350  350.075935258  1.73576028214  0.0100809514654
-1.48057047081  996  367  366.599192598  1.74438060326  -0.0295345398548
-1.48057047081  997  384  383.50419456  1.77652855707  -0.00307944931913
-1.48057047081  997  400  400.392134652  1.77420291896  -0.00933057642061
-1.48057047081  997  417  417.463268027  1.82515093143  0.00026706323382
-1.48057047081  997  435  434.660941855  1.78850955799  -0.021960461834
-1.48057047081  997  452  452.081182826  1.85822680247  -0.0127316845294
-1.48057047081  998  470  469.782612643  1.82006015358  -0.0211113522703
-1.48057047081  998  488  487.551711862  1.86825039869  -0.00992078993539
-1.48057047081  998  505  505.482400755  1.87301918617  -0.0232060616561
-1.48057047081  998  524  523.571120006  1.83642986965  -0.0364805873984
-1.48057047081  998  542  541.893429006  1.84572328318  -0.0456157195413
-1.48057047081  998  560  560.399399673  1.79542414855  -0.039117389955
-1.48057047081  998  579  579.089017657  1.84477645015  -0.0412698935534
-1.48057047081  998  598  597.962778035  1.83897693297  -0.0456798094316
-1.48057047081  998  617  617.059152649  1.85611517683  -0.0137065359567
-1.48057047081  997  636  636.218313658  1.82647710161  0.0197261505226
-1.48057047081  997  656  655.676314277  1.86721241473  -0.0191094849632
-1.48057047081  997  675  675.380652797  1.90319452642  0.00744400358572
-1.48057047081  997  695  695.297619807  1.91295063603  0.0154961819267
-1.48057047081  996  715  715.288077717  1.97905553906  0.0130107398131
-1.48057047081  996  736  735.586857794  1.96144552607  -0.0122620843303
-1.48057047081  996  756  756.126570844  2.01664366251  -0.0267805563928
-1.48057047081  995  777  776.775917625  2.03451177466  -0.0533990095012
-1.48057047081  995  798  797.805910869  2.03044358918  -0.0617240422077
-1.48057047081  994  819  818.94101946  2.01878528013  -0.0763833341545
-1.48057047081  993  840  840.373758953  1.99105094967  -0.0463239590494
-1.48057047081  993  862  862.102942693  2.03198473246  -0.0326827812452
-1.48057047081  992  884  883.949089776  2.05063542542  -0.0406332826253
-1.48057047081  991  906  906.057193859  2.08103272295  -0.017649897307
-1.48057047081  990  928  928.46768142  2.08487256514  -0.00449599087256
-1.48057047081  989  951  951.107781591  2.19572314279  -0.0176237252463
-1.48057047081  988  974  974.030386415  2.17880688863  -0.0126982749392
-1.48057047081  987  997  997.216505592  2.27378176726  -0.0131157041833
-1.48057047081  986  1021  1020.77723848  2.36692157036  0.095007221701
-1.28653047081  982  7  6.90553802438  1.86928039723  0.00316252204457
-1.28653047081  983  20  20.4610568082  1.86312091314  0.00893483789649
-1.28653047081  984  34  34.1224863883  1.80778375365  0.00134846714982
-1.28653047081  984  48  47.7593170573  1.79868729334  0.0275025009698
-1.28653047081  985  62  61.6887585729  1.79263594436  0.032424930824
-1.28653047081  986  76  75.7228058601  1.79057842581  0.0155418001417
-1.28653047081  986  90  89.7171995341  1.74408582136  -0.0271347218544
-1.28653047081  987  104  104.001043551  1.76164350825  -0.0151642616341
-1.28653047081  988  118  118.407112096  1.80199700834  -0.0315692330064
-1.28653047081  988  133  132.76896132  1.79832976274  -0.029931077972
-1.28653047081  989  147  147.443029156  1.84710892815  -0.0304057168966
-1.28653047081  990  162  162.257062965  1.7694370506  -0.000856422266949
-1.28653047081  990  177  177.015127893  1.81322028185  -0.0298215482722
-1.28653047081  991  192  192.09882485  1.79847932161  -0.0216894906587
-1.28653047081  991  207  207.143944477  1.81925221463  -0.0310159582623
-1.28653047081  992  223  222.499394692  1.80948165891  -0.000759655525159
-1.28653047081  992  238  237.854010121  1.7918665927  0.010752417092
-1.28653047081  993  253  253.495388527  1.7942961397  0.0106872725294
-1.28653047081  993  269  269.116607189  1.79887749067  -0.00669294785018
-1.28653047081  994  285  285.079193994  1.75421695312  0.000369700470533
-1.28653047081  994  301  301.005330818  1.76298451809  -0.00918231189868
-1.28653047081  994  317  317.132878328  1.76168166759  0.00102645895902
-1.28653047081  995  334  333.512972318  1.75146185744  -0.00540700265435
-1.28653047081  995  350  349.931297728  1.75204838875  0.0064547049128
-1.28653047081  995  366  366.49238064  1.7543692111  0.00146727009877
-1.28653047081  996  383  383.363197979  1.7954734794  -0.00631353855043
-1.28653047081  996  400  400.258388194  1.78664835967  -0.0132223064204
-1.28653047081  996  417  417.320783361  1.83805508665  -0.00870698571271
-1.28653047081  996  435  434.541530552  1.81532887029  -0.00750741867704
-1.28653047081  997  452  452.081272159  1.85805121897  -0.0122862046213
-1.28653047081  997  470  469.653908835  1.847499816  -0.00582421935984
-1.28653047081  997  487  487.411744938  1.90088800786  -0.0239326160713
-1.28653047081  997  505  505.355854558  1.89445617514  -0.017418295113
-1.28653047081  997  523  523.447079852  1.86643114044  -0.033224611808
-1.28653047081  997  542  541.766133101  1.84026095416  -0.0423549456238
-1.28653047081  997  560  560.271780806  1.82283754176  -0.0300065596214
-1.28653047081  997  579  578.952741386  1.83623123141  -0.0510020671253
-1.28653047081  997  598  597.836780935  1.84090728229  -0.0433779167621
-1.28653047081  997  617  616.918108118  1.88208420746  -0.0354642538549
-1.28653047081  997  636  636.218440713  1.82605988994  0.0207850851825
-1.28653047081  996  656  655.573378692  1.87973593306  -0.0123069200093
-1.28653047081  996  675  675.282772614  1.91539860279  0.00851976786682
-1.28653047081  996  695  695.180265655  1.95678320784  0.0146001902793
-1.28653047081  995  715  715.142550427  1.99401847229  -0.0267527932639
-1.28653047081  995  735  735.482846948  1.9766781817  -0.002294385367
-1.28653047081  995  756  756.030179791  2.05273889422  -0.0231496356177
-1.28653047081  994  777  776.688632654  2.04544864993  -0.0498868103376
-1.28653047081  994  798  797.703493821  2.04268657504  -0.0564927154794
-1.28653047081  993  819  818.847996516  2.03434558143  -0.0673865092831
-1.28653047081  992  840  840.298184828  1.8978647473  -0.0899735824468
-1.28653047081  992  862  862.006761437  2.04409020964  -0.0382220354785
-1.28653047081  991  884  883.865920916  2.04135746735  -0.032371798754
-1.28653047081  990  906  905.963412023  2.09002832797  -0.0236187386604
-1.28653047081  989  928  928.371149888  2.10084451536  -0.00105119226126
-1.28653047081  988  951  951.076016105  2.0601922424  -0.0190456121444
-1.28653047081  987  974  973.986410157  2.0723926023  -0.00947354087144
-1.28653047081  986  997  997.114293909  2.27218970307  -0.0443973362185
-1.28653047081  985  1021  1020.67114028  2.39295450482  0.0636916589407
-1.09249047081  981  7  6.74303665114  1.85740258219  0.0100177210509
-1.09249047081  982  20  20.3052432488  1.85537706002  0.00532047771158
-1.09249047081  983  34  33.9707663193  1.82348356862  0.0268066319659
-1.09249047081  983  48  47.6224654343  2.0009149324  -0.0293485216049
-1.09249047081  984  62  61.5411957676  1.80831186325  0.0343057959295
-1.09249047081  985  76  75.5686029747  1.80882015431  0.00910380377931
-1.09249047081  986  90  89.7561417927  1.84619960157  0.0944799587203
-1.09249047081  986  104  103.854253908  1.77361371474  -0.00473316104194
-1.09249047081  987  118  118.249865871  1.79502538798  -0.0380290222138
-1.09249047081  987  133  132.64352302  1.95348864891  -0.0813434999808
-1.09249047081  988  147  147.286749773  1.84429632078  -0.0440567723304
-1.09249047081  989  162  162.0866963  1.79745743487  -0.0302467105975
-1.09249047081  989  177  176.863784532  1.82679984077  -0.0280802215294
-1.09249047081  990  192  191.949807559  1.79727877695  -0.00908542894999
-1.09249047081  990  207  206.998430231  1.82258541535  -0.0245379520033
-1.09249047081  991  222  222.354057971  1.79318748382  -0.0121527106403
-1.09249047081  991  238  237.710339761  1.80075953463  0.0227732441939
-1.09249047081  992  253  253.340141823  1.81674151581  -0.000354497867198
-1.09249047081  992  269  268.973239151  1.79486164659  -0.00674872732141
-1.09249047081  993  285  284.916505753  1.75690343493  -0.0149626146446
-1.09249047081  993  301  300.85963441  1.75860492627  -0.0070951194115
-1.09249047081  993  317  316.97141024  1.76196615821  -0.0552042990797
-1.09249047081  994  333  333.383773427  1.73273299621  -0.00871702900697
-1.09249047081  994  350  349.791301288  1.76834184167  0.00571636546311
-1.09249047081  994  366  366.34865651  1.82318445224  -0.0689310433996
-1.09249047081  995  383  383.222966688  1.82196896755  -0.0016683818295
-1.09249047081  995  400  400.123949378  1.80696034805  -0.00920836347573
-1.09249047081  995  417  417.178331993  1.84457557699  -0.0173133933439
-1.09249047081  995  434  434.429144864  1.82555094807  0.00220076735037
-1.09249047081  996  452  451.940592843  1.85995233673  -0.0221547571047
-1.09249047081  996  470  469.53181335  1.86492495533  -0.00593661298937
-1.09249047081  996  487  487.295204273  1.89841121482  -0.016035605435
-1.09249047081  996  505  505.232281568  1.89445367886  -0.0281821582738
-1.09249047081  996  523  523.335495465  1.88746122709  -0.031416103635
-1.09249047081  996  542  541.65256385  1.83876199633  -0.0287396416657
-1.09249047081  996  560  560.154937929  1.84011506977  -0.0361445159716
-1.09249047081  996  579  578.834754865  1.86001147374  -0.0547894493425
-1.09249047081  996  598  597.719461857  1.81924981831  -0.045031467961
-1.09249047081  996  617  616.801012029  1.86473173561  -0.0372624305951
-1.09249047081  996  636  636.112606606  1.88009934005  0.00471844066344
-1.09249047081  995  655  655.474909244  1.88750437692  0.0103475243396
-1.09249047081  995  675  675.178191375  1.97627444151  0.00782180495349
-1.09249047081  995  695  695.053907908  1.96725071296  0.000452674839801
-1.09249047081  995  715  715.153622386  1.98601822315  -0.00447626747178
-1.09249047081  994  735  735.39168966  1.98960274057  0.00703331422458
-1.09249047081  994  756  755.923753153  2.05364561185  -0.0202908451539
-1.09249047081  993  777  776.597706156  2.01954186754  -0.0312444707739
-1.09249047081  993  798  797.629300877  2.00489487967  -0.0328555147183
-1.09249047081  992  819  818.747303805  2.02269711037  -0.0731524976234
-1.09249047081  992  840  840.278926115  2.02899328749  -0.0361263279542
-1.09249047081  991  862  861.893927919  2.01612694053  -0.0398669983321
-1.09249047081  990  884  883.775430266  2.03677084203  -0.0294994402276
-1.09249047081  989  906  905.884166673  2.05503362294  -0.0239033674042
-1.09249047081  989  928  928.347346529  2.05767016377  0.00442124471291
-1.09249047081  988  951  951.025007941  2.17395188729  0.0136384916793
-1.09249047081  987  974  973.932227249  2.16867602288  -0.00450945882923
-1.09249047081  986  997  997.090564866  2.20452884631  -0.0233971892963
-1.09249047081  984  1020  1020.53423439  2.39257767649  0.0176714761158
-0.898450470807  980  7  6.5817744819  1.8543885251  -0.0090247954276
-0.898450470807  981  20  20.1341528499  1.86670670983  0.0113144502875
-0.898450470807  982  34  33.8075804568  1.84379616644  0.0355288429989
-0.898450470807  983  48  47.628718494  1.94310582116  0.133356193782
-0.898450470807  983  61  61.3712396451  1.83870246436  0.0135521989567
-0.898450470807  984  75  75.4130934292  1.80174075863  0.0017336367822
-0.898450470807  985  90  89.5691348756  1.81033338381  -0.00256712715207
-0.898450470807  985  104  103.712156465  1.79727457151  0.0013866958286
-0.898450470807  986  118  118.102355663  1.79639206535  -0.0316249327485
-0.898450470807  987  133  132.653129162  1.89417220281  0.0687855553892
-0.898450470807  987  147  147.1397896  1.83873389866  -0.0335307650092
-0.898450470807  988  162  161.942313118  1.8069850506  -0.0221072452229
-0.898450470807  988  177  176.719563772  1.828848734  -0.0106161346321
-0.898450470807  989  192  191.807381901  1.81694497482  0.00378402056097
-0.898450470807  989  207  206.845450699  1.81590253176  -0.0157429193088
-0.898450470807  990  222  222.217371699  1.80049638401  -0.00739766075858
-0.898450470807  990  238  237.566529381  1.81300502791  0.0215774519521
-0.898450470807  991  253  253.194800764  1.83170495126  -0.00600514744564
-0.898450470807  991  269  268.827876355  1.77900286214  -0.0103737282579
-0.898450470807  992  285  284.77573045  1.73806546327  -0.00691858886951
-0.898450470807  992  301  300.725185369  1.74710705674  -0.0031634038074
-0.898450470807  993  317  316.995236052  1.76335527978  0.00950572271183
-0.898450470807  993  333  333.260541722  1.75836691584  0.00242340342225
-0.898450470807  993  350  349.664528523  1.76666618973  0.00224318739893
-0.898450470807  994  366  366.370022795  1.74545887887  0.00234081518254
-0.898450470807  994  383  383.102070979  1.83476547446  0.000424968761553
-0.898450470807  994  400  400.003819579  1.80764543673  0.00605814761848
-0.898450470807  994  417  417.053927867  1.85730019013  -0.0165377295086
-0.898450470807  995  434  434.428989747  1.82779999789  0.00349901690319
-0.898450470807  995  452  451.814724779  1.87571500299  -0.00607722172949
-0.898450470807  995  469  469.41311179  1.88234241216  -0.00583397235633
-0.898450470807  995  487  487.154432437  1.92257249712  -0.0277297100947
-0.898450470807  995  505  505.090464805  1.90254281743  -0.0465168255175
-0.898450470807  995  523  523.208884475  1.90289264494  -0.0474747690561
-0.898450470807  995  542  541.543994023  1.84787888724  -0.0259084465781
-0.898450470807  995  560  560.024585307  1.84045900196  -0.0492035964529
-0.898450470807  995  579  578.719389229  1.82279406846  -0.0481946393491
-0.898450470807  995  598  597.622731799  1.80202408503  -0.0248215329824
-0.898450470807  995  617  616.685332771  1.84137594975  -0.0341821977253
-0.898450470807  995  636  635.973879103  1.88535795907  -0.0232138546545
-0.898450470807  995  655  655.474602867  1.89542392047  0.0125036696979
-0.898450470807  994  675  675.062999175  1.97211888831  0.000544537645288
-0.898450470807  994  695  694.940307972  1.99157134972  -0.0103029692237
-0.898450470807  994  715  715.063531595  2.01446325536  0.00561179964768
-0.898450470807  993  735  735.290787988  2.01157653526  0.00845123609471
-0.898450470807  993  756  755.825916998  2.03033007143  -0.0192237595417
-0.898450470807  992  777  776.520318468  2.03954236241  -0.0252569317019
-0.898450470807  992  798  797.529447571  2.03970220572  -0.0311555412824
-0.898450470807  991  819  818.648089211  1.99813788331  -0.0675326574531
-0.898450470807  991  840  840.176144177  2.03968664085  -0.0510951331366
-0.898450470807  990  862  861.798176187  2.04206004696  -0.045151813595
-0.898450470807  989  884  883.672533669  2.04509039395  -0.0328603324846
-0.898450470807  988  906  905.772157416  2.04918212753  -0.0664047240043
-0.898450470807  988  928  928.302869505  2.10654241075  0.00886216609901
-0.898450470807  987  951  950.899869278  2.18695767436  -0.0353237661595
-0.898450470807  986  974  973.858548416  2.18025242713  -0.0137520122771
-0.898450470807  985  997  997.054620457  2.2591905292  -0.012723260153
-0.898450470807  984  1020  1020.47357472  2.29692245138  0.00925958913078
-0.704410470807  980  7  6.52090038985  1.96118897697  0.0154064587605
-0.704410470807  980  20  19.9744879828  1.85003589204  0.0260598565182
-0.704410470807  981  34  33.656643143  1.86359162906  0.0327056088557
-0.704410470807  982  47  47.4427718606  1.84562103405  0.025886770307
-0.704410470807  982  61  61.2088430372  1.83473410735  0.00816398293322
-0.704410470807  983  75  75.2456014946  1.80797561895  -0.00353831470414
-0.704410470807  984  89  89.4161868937  1.81231545541  -0.00624659183897
-0.704410470807  984  104  103.544511181  1.81828796071  -0.0138020679159
-0.704410470807  985  118  117.952693832  1.7965093702  -0.0086067980328
-0.704410470807  986  132  132.479199828  1.81866922905  -0.0314860397453
-0.704410470807  986  147  147.000318478  1.81677570598  -0.0284876620495
-0.704410470807  987  162  161.791849405  1.8055719565  -0.00990043152891
-0.704410470807  987  177  176.576266438  1.82640097619  -0.0168432992322
-0.704410470807  988  192  191.668189598  1.82059207695  0.00640254242573
-0.704410470807  988  207  206.743468418  1.96584917077  -0.0445475710075
-0.704410470807  989  222  222.080961827  1.80278316606  0.00445495631872
-0.704410470807  990  238  237.501255362  1.8850386022  0.0216523890592
-0.704410470807  990  253  253.054100097  1.82165175207  -0.00445775349169
-0.704410470807  990  269  268.69661295  1.76601400614  -0.00311013615819
-0.704410470807  991  285  284.6415279  1.72983786199  0.00491623837585
-0.704410470807  991  301  300.594304164  1.72383960939  -0.00494939568862
-0.704410470807  992  317  316.840372868  1.76644634225  -0.00859209774918
-0.704410470807  992  333  333.123092853  1.76859572517  0.00285048658662
-0.704410470807  992  350  349.536692896  1.76640360948  0.00248987441449
-0.704410470807  993  366  366.231388923  1.76921922673  -0.000527482619884
-0.704410470807  993  383  382.953369473  1.82035643589  -0.00797413651506
-0.704410470807  993  400  399.870166108  1.82745791506  0.00158344543004
-0.704410470807  993  417  416.91873208  1.84136381234  -0.00706955436182
-0.704410470807  994  434  434.312759366  1.84339416701  0.0141114214109
-0.704410470807  994  452  451.690354395  1.86723126707  -0.00859529704822
-0.704410470807  994  469  469.286660629  1.90681813182  -0.00328344648324
-0.704410470807  994  487  487.025436728  1.91801466791  -0.0335897449192
-0.704410470807  994  505  504.963994837  1.91876914808  -0.0329887755962
-0.704410470807  994  523  523.100804229  1.90504199011  -0.0410078107727
-0.704410470807  994  541  541.443787368  1.8660842622  -0.0199994493063
-0.704410470807  994  560  559.915894768  1.84151874181  -0.045040627376
-0.704410470807  994  579  578.608512777  1.81339684408  -0.0397494009833
-0.704410470807  994  598  597.523098229  1.81998097673  -0.0263854796612
-0.704410470807  994  617  616.596707885  1.83732006815  -0.0263625490164
-0.704410470807  994  636  635.873513705  1.89451221365  -0.0127330829211
-0.704410470807  994  655  655.348309439  1.88614024913  -0.0100628110822
-0.704410470807  993  675  674.933874915  1.97427837175  -0.0178403454646
-0.704410470807  993  695  694.840826713  1.95955755336  -0.00903385437746
-0.704410470807  993  715  714.96536507  2.01713886575  0.00435487793255
-0.704410470807  992  735  735.204501411  2.05439132979  0.0124008201538
-0.704410470807  992  756  755.740180129  2.04588816132  -0.00927027379629
-0.704410470807  992  776  776.449463138  1.99535424675  -0.0332554413231
-0.704410470807  991  797  797.443513765  2.07590244767  -0.0217157098503
-0.704410470807  990  819  818.577934173  2.03649464833  -0.0506924294874
-0.704410470807  990  840  840.063403426  2.07082243869  -0.0570483358137
-0.704410470807  989  862  861.715829557  1.99890094708  -0.0393605267358
-0.704410470807  988  884  883.603517217  2.04516033232  -0.0181404039639
-0.704410470807  988  906  905.789863879  2.08362388024  -0.00387270810897
-0.704410470807  987  928  928.205109679  2.13283474426  -0.00071815615084
-0.704410470807  986  951  950.821780664  2.17077372127  -0.0321219912377
-0.704410470807  985  974  973.764577666  2.21664667514  -0.0221479823756
-0.704410470807  984  997  996.959888557  2.29367086542  -0.0223599698745
-0.704410470807  983  1020  1020.44615972  2.33828141988  0.0163132952572
-0.510370470807  979  6  6.41451593252  2.08684729078  0.0689060356032
-0.510370470807  979  20  19.8191756849  1.87045138215  0.027947327115
-0.510370470807  980  33  33.5050049023  1.88736320232  0.0320935249924
-0.510370470807  981  47  47.2820481636  1.83767749239  0.0196190023091
-0.510370470807  981  61  61.0223526978  1.83495148833  -0.0656289561518
-0.510370470807  982  75  75.1016344612  1.8048671563  0.00677598440562
-0.510370470807  983  89  89.2537755098  1.80900776493  -0.0165479202439
-0.510370470807  983  103  103.36806408  1.94102742566  -0.10935431237
-0.510370470807  984  118  117.798052591  1.81134351646  -0.00783875502192
-0.510370470807  985  132  132.320170486  1.80487883636  -0.0530147628877
-0.510370470807  985  147  146.842846128  1.81066792365  -0.0235342096259
-0.510370470807  986  162  161.653650281  1.8193614018  -0.0105741841712
-0.510370470807  986  176  176.493175231  1.88865263868  -0.0254008011355
-0.510370470807  987  192  191.518274727  1.83858814371  -0.000632433349855
-0.510370470807  988  207  206.708151797  1.80436704969  -0.00244484988858
-0.510370470807  988  222  221.933397846  1.81265447797  0.00191879028837
-0.510370470807  989  237  237.42644907  1.8352581278  0.00516442820487
-0.510370470807  989  253  252.926280648  1.8173153018  0.00429960231395
-0.510370470807  990  269  268.648548704  1.8399187126  0.00741485719315
-0.510370470807  990  285  284.518144687  1.7513434057  0.0176393354623
-0.510370470807  990  300  300.481199375  1.72908329126  0.0105889927756
-0.510370470807  991  317  316.703572005  1.73315845646  -0.00644379144687
-0.510370470807  991  333  332.976039096  1.76297595843  -0.000841293423098
-0.510370470807  991  349  349.397827767  1.77310891481  -0.00277269559878
-0.510370470807  992  366  366.10966509  1.77498703105  0.00546997511864
-0.510370470807  992  383  382.827678886  1.80468396113  0.00032724153901
-0.510370470807  992  400  399.740408147  1.81596365047  0.00931170546853
-0.510370470807  993  417  416.919209387  1.84036981158  -0.00243242184751
-0.510370470807  993  434  434.185486858  1.85340778508  0.00328449697836
-0.510370470807  993  452  451.586661964  1.87436269557  0.00638887923835
-0.510370470807  993  469  469.169341462  1.91621736506  -0.0143713466959
-0.510370470807  993  487  486.89913232  1.89018463887  -0.0343935719954
-0.510370470807  993  505  504.84016813  1.88153854146  -0.0340874249226
-0.510370470807  993  523  522.968903032  1.88526212393  -0.0545560288894
-0.510370470807  993  541  541.31380245  1.89077854946  -0.025279668496
-0.510370470807  993  560  559.80163541  1.81818352289  -0.0513111645579
-0.510370470807  993  579  578.513017987  1.80245313507  -0.0174210420337
-0.510370470807  993  597  597.421950555  1.83472667693  -0.00916327110948
-0.510370470807  993  616  616.493512148  1.83702360312  -0.0128445622309
-0.510370470807  993  636  635.770090064  1.87898935989  -0.0214239514949
-0.510370470807  993  655  655.275212501  1.84871181095  0.00121199093599
-0.510370470807  992  675  674.841504697  1.97380899913  -0.0127582629773
-0.510370470807  992  695  694.738426261  1.96250811555  -0.0179632382151
-0.510370470807  992  715  714.850545019  1.99477135512  -0.00680018146144
-0.510370470807  991  735  735.073256582  2.06338430477  -0.0269894659276
-0.510370470807  991  756  755.632115958  2.02271726897  -0.0134434345575
-0.510370470807  991  776  776.416765749  2.05820926288  -0.0207672727545
-0.510370470807  990  797  797.331558339  2.06626891985  -0.0351617469576
-0.510370470807  989  819  818.533325409  1.98508668682  -0.0450772592965
-0.510370470807  989  840  839.979221473  2.04317628527  -0.0554337519708
-0.510370470807  988  862  861.636575357  1.9990052236  -0.0325123423797
-0.510370470807  987  884  883.517800255  2.05932090482  -0.01451542892
-0.510370470807  987  906  905.688654626  2.07431256107  -0.0301394571212
-0.510370470807  986  928  928.132853632  2.1427604542  0.00125397246038
-0.510370470807  985  951  950.743965126  2.17408523201  -0.0345937984338
-0.510370470807  984  974  973.681583887  2.20598316456  -0.0181773276863
-0.510370470807  983  997  996.866990911  2.29090209201  -0.0281281356014
-0.510370470807  982  1020  1020.37382129  2.34552447409  0.00782803928894
-0.316330470807  978  6  6.28164952347  1.8821234919  0.0178495064344
-0.316330470807  978  20  19.6521169379  1.85781600273  0.00762631202646
-0.316330470807  979  33  33.3363074572  1.88264911358  0.0263996301412
-0.316330470807  980  47  47.1181008662  1.8284105588  0.0115205830086
-0.316330470807  981  61  60.955750698  2.00491719763  0.00298826622299
-0.316330470807  981  75  74.9399481917  1.79786193118  0.0112121802917
-0.316330470807  982  89  89.0936680398  1.80652869399  -0.00874469322204
-0.316330470807  983  103  103.382520149  1.97615890657  0.0579811056512
-0.316330470807  983  118  117.641254641  1.83937638728  -0.0139751128842
-0.316330470807  984  132  132.172563959  1.79582218437  -0.045699664558
-0.316330470807  984  147  146.680081083  1.79044191462  -0.0518957737927
-0.316330470807  985  162  161.503304946  1.84653691571  -0.0240049257148
-0.316330470807  986  176  176.432123845  1.80925235044  -0.0202862569857
-0.316330470807  986  191  191.372110153  1.84052955279  -0.0186897832759
-0.316330470807  987  207  206.576145408  1.82335158619  -0.000687790917928
-0.316330470807  987  222  221.79072897  1.82194931512  0.00994697960989
-0.316330470807  988  237  237.277800078  1.84978946793  -0.00307111819457
-0.316330470807  988  253  252.781789963  1.80422703435  0.0117578419106
-0.316330470807  989  269  268.577958124  1.7764146039  0.0205624971887
-0.316330470807  989  284  284.389806405  1.7514714107  0.0221059817662
-0.316330470807  989  300  300.352366137  1.72347234205  0.0112314911012
-0.316330470807  990  317  316.575819649  1.72668508571  -0.0055734328065
-0.316330470807  990  333  332.8325939  1.74758251638  -0.00960870898486
-0.316330470807  991  349  349.394476421  1.91313163977  0.0556958427208
-0.316330470807  991  366  365.981814588  1.80797719452  0.0160192040782
-0.316330470807  991  383  382.696936188  1.79854011125  -0.00378647664188
-0.316330470807  991  400  399.619223464  1.81728906642  0.0161008287157
-0.316330470807  992  417  416.793918409  1.842023549  -0.0133596531039
-0.316330470807  992  434  434.051977499  1.87149578602  -0.00159811685231
-0.316330470807  992  451  451.459891156  1.87349247394  -0.00123176503186
-0.316330470807  992  469  469.041368676  1.91165528273  -0.0114742164556
-0.316330470807  992  487  486.78124884  1.89473314294  -0.0304240200501
-0.316330470807  992  505  504.721507124  1.89977891691  -0.0357767236201
-0.316330470807  992  523  522.850062158  1.89018550181  -0.0465873610762
-0.316330470807  992  541  541.203269382  1.93002978886  -0.0249472592015
-0.316330470807  992  560  559.690832143  1.83288626748  -0.0443849977483
-0.316330470807  992  578  578.407476924  1.83242322535  -0.0159870047227
-0.316330470807  992  597  597.313111536  1.85188025195  -0.00297908909067
-0.316330470807  992  616  616.390675482  1.84127786014  -0.00455754229745
-0.316330470807  992  636  635.667787082  1.88943164035  -0.00944187356322
-0.316330470807  992  655  655.177141541  1.92939430864  0.0145390920469
-0.316330470807  992  675  674.841526357  1.97267400213  -0.0100063347322
-0.316330470807  991  695  694.636267201  1.92798950595  -0.00132794519212
-0.316330470807  991  715  714.73983887  1.99236373936  -0.0242733367973
-0.316330470807  991  735  735.083826335  2.062777846  -0.00392880466593
-0.316330470807  990  756  755.53904402  2.04694890557  -0.00628728843696
-0.316330470807  990  776  776.325893058  2.06939841916  -0.0214331036674
-0.316330470807  989  797  797.248836522  2.11399006012  -0.0301005837153
-0.316330470807  989  818  818.493903619  2.0263840419  -0.0377954135589
-0.316330470807  988  840  839.880150256  2.03197831211  -0.0545414080436
-0.316330470807  987  862  861.536433697  2.02040376442  -0.0363377624506
-0.316330470807  987  884  883.518615108  2.00731259623  0.0119118091859
-0.316330470807  986  906  905.606418157  2.07822453574  -0.0266467957737
-0.316330470807  985  928  928.046367496  2.13938580123  0.000596425822553
-0.316330470807  984  951  950.674293707  2.18858956584  -0.0322995562598
-0.316330470807  983  974  973.582917529  2.21494933498  -0.0299991451506
-0.316330470807  982  997  996.775313565  2.2472425245  -0.0235411324901
-0.316330470807  981  1020  1020.31556561  2.32598110047  0.0124766459071
-0.122290470807  977  6  6.08788090733  1.9071994454  -0.000989361497148
-0.122290470807  978  20  19.5770422238  1.96428283992  0.0167345070709
-0.122290470807  978  33  33.162789014  1.86531137139  0.0169176811741
-0.122290470807  979  47  46.9497624611  1.82932135697  0.0185836879928
-0.122290470807  980  61  60.8826088195  1.81945206791  0.021865233055
-0.122290470807  980  75  74.787836083  1.80111774775  0.0194516864472
-0.122290470807  981  89  88.9411740929  1.7873288519  -0.0060186527916
-0.122290470807  982  103  103.221813904  1.81648950329  -0.0333934782685
-0.122290470807  982  117  117.493171438  1.84456515317  -0.0206213353124
-0.122290470807  983  132  132.035710154  1.8010759593  -0.0251149416748
-0.122290470807  984  147  146.618298489  1.90428870641  -0.023348182284
-0.122290470807  984  161  161.347919378  1.84226271198  -0.0328069631791
-0.122290470807  985  176  176.279512646  1.83283187741  -0.0345368049448
-0.122290470807  985  191  191.223608407  1.83475632032  -0.0253950743966
-0.122290470807  986  206  206.42958736  1.80912877928  -0.0100918253591
-0.122290470807  986  222  221.656655037  1.84646203112  0.0253751161235
-0.122290470807  987  237  237.126975887  1.8240419518  -0.0119272768116
-0.122290470807  987  253  252.646847991  1.80251155878  0.0205127993462
-0.122290470807  988  268  268.438425072  1.77183784926  0.0123798480741
-0.122290470807  988  284  284.257117383  1.75741143897  0.0160523576105
-0.122290470807  989  300  300.328274952  1.90754839189  0.0584934533461
-0.122290470807  989  316  316.464636708  1.72114031066  0.00399954816589
-0.122290470807  989  333  332.703057065  1.73437068821  -0.00601771494684
-0.122290470807  990  349  349.282047545  1.79278265556  0.00816361069806
-0.122290470807  990  366  365.847139245  1.81584783304  0.00342096806214
-0.122290470807  990  383  382.569931666  1.79464147961  -0.00592161353495
-0.122290470807  990  400  399.504037208  1.8071451081  0.0113829074091
-0.122290470807  991  417  416.662920395  1.83384484678  -0.00711246725962
-0.122290470807  991  434  433.91964302  1.8644733277  -0.00472873621502
-0.122290470807  991  451  451.339036349  1.87056371698  -0.00811054826858
-0.122290470807  991  469  468.911337362  1.89405813597  -0.0156316343277
-0.122290470807  991  487  486.684170582  1.86856942556  -0.0088541346819
-0.122290470807  991  505  504.625509121  1.88259948859  -0.0171289519588
-0.122290470807  992  523  522.79666243  1.96200969187  -0.0473576606875
-0.122290470807  992  541  541.203269382  1.93002978886  -0.0249472592015
-0.122290470807  992  560  559.690753751  1.83238564515  -0.0448492559233
-0.122290470807  991  578  578.302403031  1.86104151773  -0.00741524193343
-0.122290470807  991  597  597.20320253  1.90937303611  -0.0140728539376
-0.122290470807  991  616  616.29315277  1.86667503491  0.00480039276298
-0.122290470807  991  636  635.564063475  1.86086242896  -0.00450692814281
-0.122290470807  991  655  655.055290566  1.94643102695  -0.00119465661472
-0.122290470807  991  675  674.728786712  1.93552639921  -0.0162881116221
-0.122290470807  990  695  694.539145851  1.92683493196  0.00432040860541
-0.122290470807  990  715  714.642205378  1.99098950614  -0.0150320810105
-0.122290470807  990  735  734.982117465  2.05408429887  -0.000446602893052
-0.122290470807  989  755  755.460993926  2.04953362157  0.00647975168288
-0.122290470807  989  776  776.234385564  2.07201135952  -0.0200471431957
-0.122290470807  988  797  797.14378475  2.11181592333  -0.0465091244997
-0.122290470807  988  818  818.405847959  2.03843117902  -0.0488339439619
-0.122290470807  987  840  839.785444673  2.04731865325  -0.0675447153699
-0.122290470807  986  861  861.459131854  2.04136684779  -0.0285115511351
-0.122290470807  986  883  883.435429119  2.07456929721  -0.0130906390087
-0.122290470807  985  906  905.540090955  2.05364267566  -0.00112069197683
-0.122290470807  984  928  927.977451802  2.13758310301  0.0114902701117
-0.122290470807  983  951  950.613328559  2.16340164053  -0.0173639367613
-0.122290470807  982  974  973.545529007  2.2056014203  0.00218693085962
-0.122290470807  981  997  996.708371369  2.26975242557  -0.0251742450053
-0.122290470807  980  1020  1020.24677031  2.35648206137  0.00443059197896
0.0717495291931  976  6  5.93453749182  1.8942368616  0.0131579299953
0.0717495291931  977  19  19.496787073  2.09114549968  0.101800090727
0.0717495291931  977  33  32.9861655347  1.86899153073  0.0132854344365
0.0717495291931  978  47  46.80254939  1.84374216425  0.0317935696921
0.0717495291931  979  61  60.725904083  1.81836596972  0.0139830128986
0.0717495291931  979  75  74.6175404664  1.75045068982  -0.00278180773518
0.0717495291931  980  89  88.7949552594  1.78969448488  0.00349517467631
0.0717495291931  981  103  103.078532675  1.79687514362  -0.0206477833513
0.0717495291931  981  117  117.336367503  1.84187417615  -0.0301033097208
0.0717495291931  982  132  131.883708045  1.80704614414  -0.00818238372791
0.0717495291931  983  147  146.548874237  1.81851985682  -0.0139337440997
0.0717495291931  983  161  161.19326387  1.84701164047  -0.0407264814003
0.0717495291931  984  176  176.146264384  1.83029814451  -0.0256147420157
0.0717495291931  984  191  191.069877653  1.83330292983  -0.0200435257655
0.0717495291931  985  206  206.276670731  1.82439226199  -0.0189654218873
0.0717495291931  985  222  221.511810027  1.86862950003  0.0146613560258
0.0717495291931  986  237  236.986786028  1.80960449172  -0.0080512133454
0.0717495291931  986  253  252.505035767  1.79781293007  0.0225126018999
0.0717495291931  987  268  268.300132044  1.78290161343  0.0114921640347
0.0717495291931  987  284  284.105467023  1.79346865548  0.0103066842948
0.0717495291931  988  300  300.209510536  1.75877289641  0.00364655312462
0.0717495291931  988  316  316.332447518  1.73409777368  0.0109792469766
0.0717495291931  988  333  332.588002764  1.73494345144  0.00777944007984
0.0717495291931  989  349  349.147910212  1.80656555889  0.00606477602218
0.0717495291931  989  366  365.694885087  1.83209219758  0.0281686961037
0.0717495291931  989  382  382.450416347  1.79462349456  0.00131675939351
0.0717495291931  990  400  399.503794496  1.82310215113  0.0161533722533
0.0717495291931  990  417  416.549469446  1.82865584973  -0.00650557559314
0.0717495291931  990  434  433.80148058  1.87167859078  0.00231939728748
0.0717495291931  990  451  451.209482145  1.89634682571  -0.0042542576656
0.0717495291931  990  469  468.795365005  1.88752233694  -0.00914289733014
0.0717495291931  990  487  486.553676033  1.87475858128  -0.0148085887696
0.0717495291931  991  505  504.625505085  1.88254403859  -0.0170745408006
0.0717495291931  991  523  522.739804241  1.8536976867  -0.0337730830087
0.0717495291931  991  541  541.063892089  1.91768863888  -0.0433798186875
0.0717495291931  991  560  559.580062321  1.8291211521  -0.034094048553
0.0717495291931  991  578  578.302403031  1.86104151773  -0.00741524193343
0.0717495291931  990  597  597.081886579  1.91213881753  -0.00828115399938
0.0717495291931  990  616  616.183093861  1.8962791903  0.00528694200136
0.0717495291931  990  635  635.471158798  1.87998774109  0.015623967962
0.0717495291931  990  655  654.941002417  1.95262353285  -0.00599045634148
0.0717495291931  990  675  674.629904938  1.91683423947  -0.00713128543814
0.0717495291931  989  694  694.432134313  1.91792937245  0.0097113914071
0.0717495291931  989  715  714.548265036  1.99024437332  -0.0029910865494
0.0717495291931  989  735  734.876481813  2.03762209859  -0.0141901983243
0.0717495291931  988  755  755.351695234  2.06107633447  0.00409401545233
0.0717495291931  988  776  776.125730479  2.09119208373  -0.0263656672007
0.0717495291931  987  797  797.03011224  2.12788949969  -0.0535356489338
0.0717495291931  987  818  818.318906413  2.06199212126  -0.033462233992
0.0717495291931  986  840  839.706864371  2.03688042614  -0.0510598661077
0.0717495291931  985  861  861.397913317  1.95556477702  -0.0437110274058
0.0717495291931  985  883  883.350486625  2.06850199307  -0.00240368991946
0.0717495291931  984  905  905.470293104  2.07827308242  0.00450809071198
0.0717495291931  983  928  927.865161435  2.11500616998  -0.0115799038459
0.0717495291931  982  951  950.521443077  2.18221049669  -0.0177701086945
0.0717495291931  981  973  973.459264606  2.2179794659  0.0031047631062
0.0717495291931  980  997  996.623788168  2.26434467726  -0.0251689164007
0.0717495291931  979  1020  1020.16718168  2.34433381397  0.00575544372252
0.265789529193  975  6  5.78209886798  1.91244593814  0.0313083646345
0.265789529193  976  19  19.3223553628  1.89994915369  0.0117252203091
0.265789529193  976  33  32.8261923927  1.86083545841  0.0237131618256
0.265789529193  977  47  46.6349050999  1.83482745524  0.0205135586062
0.265789529193  978  61  60.5674536342  1.83946400671  0.0157564698134
0.265789529193  978  74  74.4632686318  1.92460618422  -0.0609368761257
0.265789529193  979  89  88.6329990588  1.81043389925  0.000383948826415
0.265789529193  980  103  102.916945449  1.785621993  -0.0185945233828
0.265789529193  980  117  117.141413359  1.87064790618  -0.125475299474
0.265789529193  981  132  131.721834173  1.83270414518  -0.0111634373452
0.265789529193  982  146  146.386353744  1.8458976082  -0.0304407391493
0.265789529193  982  161  161.034684535  1.82887374003  -0.0300740607423
0.265789529193  983  176  175.983599985  1.83725667753  -0.0192071294446
0.265789529193  983  191  190.913510899  1.81339138579  -0.0223449258918
0.265789529193  984  206  206.129738234  1.82480882588  -0.0129917537379
0.265789529193  984  221  221.36815393  1.85166861879  0.00634256493969
0.265789529193  985  237  236.830396829  1.81182812252  -0.00514488730745
0.265789529193  985  252  252.363611318  1.81607771086  0.0228242068769
0.265789529193  986  268  268.153289162  1.80743569132  0.00947572878263
0.265789529193  986  284  283.9606223  1.80511441405  0.0043669148401
0.265789529193  987  300  300.058611857  1.7731243592  -0.00113373141187
0.265789529193  987  316  316.184246935  1.76043114409  0.00300828835903
0.265789529193  987  332  332.450192908  1.74780139379  0.00588915738437
0.265789529193  988  349  349.001818241  1.80690885381  -0.00231823097041
0.265789529193  988  366  365.588788569  1.85224976865  0.0730518197054
0.265789529193  988  382  382.316518585  1.8107561241  -0.00218560144801
0.265789529193  989  399  399.360349121  1.84717018451  -0.000507042973579
0.265789529193  989  416  416.435020701  1.84485419068  0.00520690382394
0.265789529193  989  434  433.665924237  1.84577231968  0.00140034363301
0.265789529193  989  451  451.073706677  1.89848331842  -0.0179064083508
0.265789529193  989  469  468.672676512  1.87058754524  0.000273641878142
0.265789529193  990  487  486.553659248  1.87435143719  -0.0147148225525
0.265789529193  990  505  504.511699717  1.88665706971  -0.00745215897424
0.265789529193  990  523  522.633519078  1.85788303108  -0.0237588394916
0.265789529193  990  541  540.939670231  1.90657393023  -0.0467726221325
0.265789529193  990  559  559.474712492  1.83629698095  -0.0173445979115
0.265789529193  990  578  578.187283971  1.87665064058  -0.019048753077
0.265789529193  990  597  597.081878456  1.9121640613  -0.00831064378403
0.265789529193  989  616  616.057123601  1.90602449881  -0.00290670679735
0.265789529193  989  635  635.359592679  1.89265372464  0.0206388732852
0.265789529193  989  655  654.815866562  1.94438733967  -0.0123983228451
0.265789529193  989  675  674.533124236  1.9140020808  0.0136637260991
0.265789529193  989  694  694.431842942  1.92075407472  0.0131422612147
0.265789529193  988  714  714.467308502  1.99185420775  0.0220299352059
0.265789529193  988  735  734.776819304  2.0436935429  -0.0113313139027
0.265789529193  987  755  755.228105556  2.0727084749  -0.00998300329613
0.265789529193  987  776  776.024885313  2.10817335994  -0.0241309170826
0.265789529193  986  797  796.930640858  2.11817630852  -0.0557946619222
0.265789529193  986  818  818.213423029  2.09302404062  -0.0363477635009
0.265789529193  985  840  839.620477081  2.02906636314  -0.035036166763
0.265789529193  985  861  861.397942114  2.00229193446  0.0318396296034
0.265789529193  984  883  883.276118148  2.09277897993  0.0117996109989
0.265789529193  983  905  905.389620766  2.09557326391  0.0169232930672
0.265789529193  982  928  927.777825983  2.14148594666  -0.0165739274424
0.265789529193  981  950  950.448639276  2.17368355061  0.00675557999143
0.265789529193  980  973  973.408709062  2.24147340655  0.0252399582898
0.265789529193  979  997  996.552505936  2.11996659618  0.0882175504598
0.265789529193  978  1020  1020.06506935  2.35496176073  -0.00864564409756
0.459829529193  974  6  5.6181116399  1.92574991584  0.0245611808887
0.459829529193  975  19  19.1499465245  1.92217523301  0.00929156045426
0.459829529193  975  33  32.7122732133  2.06876562867  -0.0206627120878
0.459829529193  976  46  46.4857765165  1.83530840002  0.0187269451376
0.459829529193  977  60  60.4125588632  1.8376973006  0.00644613975284
0.459829529193  978  74  74.4697147333  1.96528170874  0.0788760509745
0.459829529193  978  88  88.4684500894  1.81639290278  -0.0157821408669
0.459829529193  979  103  102.764251907  1.79865867657  -0.0103104958508
0.459829529193  980  117  117.117609921  1.98583035839  -0.0251871884455
0.459829529193  980  132  131.579656051  1.84852816068  -0.00885368131226
0.459829529193  981  146  146.228914563  1.83956754637  -0.036641693656
0.459829529193  981  161  160.89042103  1.81510046568  -0.0157566314442
0.459829529193  982  176  175.848758412  1.83691552408  0.000697331436334
0.459829529193  982  191  190.751799945  1.78711341582  -0.0485383577472
0.459829529193  983  206  205.987035743  1.8306590177  -7.66654086307e-05
0.459829529193  983  221  221.300554716  1.94109816453  0.0146933765886
0.459829529193  984  237  236.697695177  1.80623759557  0.0184467975088
0.459829529193  984  252  252.209454308  1.85277085575  -0.0473715175122
0.459829529193  985  268  268.004465239  1.78947910946  0.0110507199284
0.459829529193  985  284  283.82195571  1.79721555302  0.0125333770943
0.459829529193  986  300  299.927732135  1.77698359353  0.011120869562
0.459829529193  986  316  316.049205369  1.76178647883  0.0151665970301
0.459829529193  987  332  332.443636406  1.89704745191  0.0733871212124
0.459829529193  987  349  348.871003281  1.79479071988  0.00821062387113
0.459829529193  987  365  365.459420263  1.79389897303  0.00782730489487
0.459829529193  987  382  382.197760874  1.81506187161  0.00357972220264
0.459829529193  988  399  399.230959018  1.87793198723  -0.00249647700534
0.459829529193  988  416  416.308642727  1.84675244907  0.00886396085244
0.459829529193  988  434  433.544825684  1.86571273632  0.00817317326621
0.459829529193  988  451  450.944186467  1.91055966566  -0.0136790538373
0.459829529193  988  469  468.558827609  2.00124093204  -0.0501710822435
0.459829529193  989  486  486.445193815  1.90681194231  0.00608888317291
0.459829529193  989  504  504.386835311  1.90247431794  -0.00505976174583
0.459829529193  989  523  522.519478961  1.85606518875  -0.0100546537059
0.459829529193  989  541  540.820434972  1.87848886462  -0.0502693107257
0.459829529193  989  559  559.374531254  1.85648468359  -0.0123139650811
0.459829529193  989  578  578.06320452  1.88036299971  -0.0241128136375
0.459829529193  989  597  596.945666687  1.9230326782  -0.0288027256486
0.459829529193  989  616  616.006692285  1.81993589219  -0.0137594208762
0.459829529193  988  635  635.262567597  1.92007375912  0.0270526870358
0.459829529193  988  655  654.713190983  1.93762944774  -0.0148437598242
0.459829529193  988  674  674.441175843  1.92101509833  0.0152205332484
0.459829529193  988  694  694.343803245  1.95771282573  0.0260947559187
0.459829529193  987  714  714.36301369  2.00018212461  0.0248514467775
0.459829529193  987  735  734.673511034  1.99227474588  -0.00492096260436
0.459829529193  986  755  755.168580495  1.9952654142  -0.0275858301689
0.459829529193  986  776  775.925552776  2.09262155458  -0.0231634950623
0.459829529193  986  797  796.899907967  2.02079211665  -0.0454059205797
0.459829529193  985  818  818.115520756  2.08498229871  -0.0422372057951
0.459829529193  984  840  839.548927669  2.03954422698  -0.0139783790824
0.459829529193  984  861  861.306310596  2.07808212079  0.000253800940199
0.459829529193  983  883  883.171541528  2.10915822696  -0.0087150363346
0.459829529193  982  905  905.306204896  2.09601491079  0.00904411108046
0.459829529193  981  928  927.703740351  2.18606223158  -0.0961436984396
0.459829529193  980  950  950.371947881  2.18854952597  0.00601797572758
0.459829529193  979  973  973.313924957  2.24401772567  0.0111989192241
0.459829529193  978  997  996.508873093  2.24273083206  0.00133779231694
0.459829529193  977  1020  1019.9935317  2.36488187972  -0.00366917320355
0.653869529193  973  5  5.44844033426  1.94761333681  0.00655317830843
0.653869529193  974  19  18.980938363  1.88296474311  0.00466547282594
0.653869529193  975  33  32.69961093  0.0237351682368  0.12655510377
0.653869529193  975  46  46.3260826727  1.81425963803  0.0209312768784
0.653869529193  976  60  60.2675571611  1.84614118956  0.0203847677586
0.653869529193  977  74  74.3164757809  1.80004050332  0.0146774474989
0.653869529193  977  88  88.3205979215  1.81744131548  -0.0198569936047
0.653869529193  978  103  102.621692354  1.81029971799  -0.00667440580707
0.653869529193  979  117  117.013997167  1.82044842295  -0.0332074334602
0.653869529193  979  131  131.411253026  1.86780101679  -0.0371115004761
0.653869529193  980  146  146.093281683  1.83130355519  -0.0271661918718
0.653869529193  980  161  160.750352276  1.82677635894  -0.00895590388681
0.653869529193  981  176  175.701623133  1.84602862216  0.00205596950934
0.653869529193  982  191  190.792223273  1.86797749207  0.072501313533
0.653869529193  982  206  205.85917704  1.82238347091  0.00642455609346
0.653869529193  983  221  221.20325279  1.84081137695  -0.00675131579752
0.653869529193  983  237  236.581538156  1.82962001703  0.0304905492281
0.653869529193  984  252  252.239196208  1.793756006  0.0469416430095
0.653869529193  984  268  267.873378134  1.80299175818  0.0264509255047
0.653869529193  984  284  283.690778837  1.77266232694  0.017700445825
0.653869529193  985  300  299.791906866  1.76491491494  0.0127441588093
0.653869529193  985  316  315.910060624  1.76535785123  0.00950076570663
0.653869529193  986  332  332.326490144  1.74635349944  0.0166952253517
0.653869529193  986  349  348.726692226  1.7832903363  -0.0042110565599
0.653869529193  986  365  365.329718425  1.81564246467  0.00435508453682
0.653869529193  987  382  382.198402466  1.8133390131  0.0104355416034
0.653869529193  987  399  399.102001635  1.83991172532  -0.00481190126413
0.653869529193  987  416  416.183649309  1.85082636628  0.0108888019221
0.653869529193  987  433  433.441286007  1.87595537457  0.014200958866
0.653869529193  987  451  450.826416412  1.88529724509  -0.0134447235699
0.653869529193  988  469  468.55032602  1.90216589985  -0.00316362668469
0.653869529193  988  486  486.333618927  1.91923976816  0.00269959546081
0.653869529193  988  504  504.278141483  1.92199129048  -0.0065085618851
0.653869529193  988  522  522.40691946  1.89112634644  -0.00504990450902
0.653869529193  988  541  540.711185974  1.85595796167  -0.0322854631769
0.653869529193  988  559  559.261652314  1.90100499679  -0.00988055295901
0.653869529193  988  578  577.935899745  1.87695004107  -0.0328934490103
0.653869529193  988  597  596.854919928  1.90688037327  -0.0250855341791
0.653869529193  988  616  615.944529042  1.9045945545  -0.0205254099067
0.653869529193  987  635  635.146132017  1.93044013202  0.00573011885298
0.653869529193  987  655  654.613402807  1.90097006637  -0.00493518501497
0.653869529193  987  674  674.341123505  1.91993775105  0.0160834645511
0.653869529193  987  694  694.245122032  1.95727047578  0.0217755213285
0.653869529193  986  714  714.277231263  2.00180091358  0.0204781779608
0.653869529193  986  735  734.578875024  2.00981721932  -0.00050495915636
0.653869529193  986  755  755.138541509  2.09940923062  -0.00769233813944
0.653869529193  985  776  775.819562708  2.0739333478  -0.0282033012808
0.653869529193  985  797  796.855337875  2.1192407743  -0.0423054959023
0.653869529193  984  818  818.033840119  2.09801600691  -0.0460229188182
0.653869529193  983  839  839.47050252  2.05190413245  -0.018247909064
0.653869529193  983  861  861.193357682  2.06229695142  -0.0165665227933
0.653869529193  982  883  883.074238299  2.10421267153  -0.0179548598543
0.653869529193  981  905  905.212630777  2.12676838108  0.00302657409357
0.653869529193  980  928  927.622204418  2.25199068648  -0.0269579778815
0.653869529193  979  950  950.303526321  2.18957338908  0.00486124129426
0.653869529193  978  973  973.234047457  2.26309130416  -0.00211880104237
0.653869529193  977  996  996.428361224  2.22818003173  -0.00384788298551
0.653869529193  976  1020  1019.91183306  2.35082948468  -0.0127213395487
0.847909529193  972  5  5.27785521096  1.95129972213  -0.00190001949244
0.847909529193  973  19  18.818700052  1.89705555529  0.00427544090316
0.847909529193  974  33  32.5245063048  1.88036547985  0.029481248136
0.847909529193  974  46  46.1835402862  1.83838510497  0.0311015092684
0.847909529193  975  60  60.1143116752  1.82805127645  0.0274105968359
0.847909529193  976  74  74.1650157466  1.81864338148  0.0208087219767
0.847909529193  976  88  88.1777571922  1.81484014172  -0.00740697920741
0.847909529193  977  102  102.466366836  1.80496660986  -0.0247432780479
0.847909529193  978  117  116.872359509  1.81791474521  -0.0158799463408
0.847909529193  978  131  131.26561577  1.8565278919  -0.039527752485
0.847909529193  979  146  145.949856737  1.83066297869  -0.0154816575684
0.847909529193  980  161  160.689794442  1.89668323399  -0.0139517177742
0.847909529193  980  176  175.555510823  1.86881373298  -0.00573984845787
0.847909529193  981  191  190.645892749  1.82451507307  0.0168885641392
0.847909529193  981  206  205.721373821  1.83271163659  0.0158246570311
0.847909529193  982  221  221.061282786  1.85916247618  -0.0057839208759
0.847909529193  982  236  236.441650996  1.82385780604  0.00992587167377
0.847909529193  983  252  252.083856991  1.82751969698  0.0137599309624
0.847909529193  983  268  267.745786125  1.78924780323  0.0325697829819
0.847909529193  984  284  283.628641165  1.83546138629  0.00775814864887
0.847909529193  984  300  299.660171913  1.77074489102  0.005801097541
0.847909529193  984  316  315.781601578  1.77959906506  0.00894176046701
0.847909529193  985  332  332.200580429  1.76382565063  0.0173834132775
0.847909529193  985  349  348.600708737  1.76652331203  -0.00720748234735
0.847909529193  985  365  365.210253339  1.78991612568  0.00145793924655
0.847909529193  986  382  382.072784037  1.83576703942  0.00611475473738
0.847909529193  986  399  398.985476047  1.84206968408  0.000881208527191
0.847909529193  986  416  416.060314323  1.85188236386  0.000542705039996
0.847909529193  986  433  433.314175664  1.87561997561  -0.000514283173042
0.847909529193  986  451  450.74554465  2.00653022152  -0.0386968048441
0.847909529193  987  468  468.453564507  1.9039211548  0.0110305435357
0.847909529193  987  486  486.205637379  1.90777755138  -0.00170349002146
0.847909529193  987  504  504.162930728  1.9270476402  -0.00917947793152
0.847909529193  987  522  522.288131586  1.89450299308  -0.01942574821
0.847909529193  987  541  540.613373565  1.85611663107  -0.0171095258802
0.847909529193  987  559  559.148949734  1.90668396988  -0.0215611351883
0.847909529193  987  578  577.835484954  1.86065312121  -0.0298858481289
0.847909529193  987  597  596.745162821  1.85479795127  -0.0232359789136
0.847909529193  987  616  615.838256975  1.86860654022  -0.0145545881398
0.847909529193  987  635  635.076677173  1.84223094645  -0.00815185604402
0.847909529193  986  655  654.532365738  1.90202018122  0.0030903981886
0.847909529193  986  674  674.250249588  1.9423592291  0.0226019379547
0.847909529193  986  694  694.156451136  1.9853881247  0.024854215053
0.847909529193  985  714  714.178126591  2.00567884907  0.019847107924
0.847909529193  985  735  734.508843921  2.03008731195  0.0175227611975
0.847909529193  985  755  755.046103068  2.11272595455  -0.010794193559
0.847909529193  984  776  775.748042873  2.05361454854  -0.0173467602481
0.847909529193  984  797  796.761477927  2.09687571265  -0.0459223773022
0.847909529193  983  818  817.933134203  2.056428715  -0.0586053577881
0.847909529193  982  839  839.395517322  1.98116050458  -0.0441965718683
0.847909529193  982  861  861.100069655  2.0854885164  -0.0330613409802
0.847909529193  981  883  882.989218668  2.11915106934  -0.0217135311724
0.847909529193  980  905  905.136918693  2.1358743606  0.0060445020553
0.847909529193  979  928  927.546596845  2.17958548417  -0.0175611762139
0.847909529193  979  950  950.259476552  2.13879104368  0.00497667469912
0.847909529193  978  973  973.174414583  2.19274134621  -0.0118734496621
0.847909529193  976  996  996.37968782  2.14010569894  -0.0220810779792
0.847909529193  975  1020  1019.82915228  2.33553962345  -0.013925456157
1.04194952919  971  5  5.10240597126  1.94100316114  -0.0165952796115
1.04194952919  972  19  18.6743184565  1.88459441187  0.0224757119853
1.04194952919  973  32  32.3625200888  1.87300799457  0.0228902308966
1.04194952919  973  46  46.0216432412  1.84363187134  0.0334433744386
1.04194952919  974  60  59.956159817  1.82776415381  0.0319575425507
1.04194952919  975  74  74.0127927349  1.81011724059  0.0280096244331
1.04194952919  975  88  88.0045003356  1.81146307105  -0.084720974803
1.04194952919  976  102  102.32619293  1.81250235258  -0.0196757696232
1.04194952919  977  117  116.72341126  1.80732485319  -0.020608805076
1.04194952919  977  131  131.120707521  1.84491739763  -0.0363316467893
1.04194952919  978  146  145.805354443  1.83267609002  -0.00765693159855
1.04194952919  979  161  160.613309266  1.81492171834  -0.0010394541106
1.04194952919  979  175  175.40887085  1.8670970567  -0.0249097676824
1.04194952919  980  190  190.49492697  1.83737159462  -0.00208637065294
1.04194952919  980  206  205.587606841  1.85346984537  0.0192433038803
1.04194952919  981  221  220.919688083  1.8469202672  -0.00169593936365
1.04194952919  981  236  236.305679025  1.82755194094  0.0118393067597
1.04194952919  982  252  251.945322688  1.83144293341  0.0154673384657
1.04194952919  982  268  267.604430288  1.79583369195  0.0270630924757
1.04194952919  983  284  283.558656744  1.79292455933  0.00763492246593
1.04194952919  983  300  299.53306371  1.78066090574  0.0199545500996
1.04194952919  983  316  315.65264731  1.75920840629  0.000480527148768
1.04194952919  984  332  332.065382689  1.76447371768  0.00972372579133
1.04194952919  984  348  348.497585947  1.76326071014  0.000882057863357
1.04194952919  984  365  365.08403948  1.83537361445  0.00214775139566
1.04194952919  985  382  381.947920151  1.82100541452  0.0123955514262
1.04194952919  985  399  398.839785179  1.83298362073  -0.00576731605072
1.04194952919  985  416  415.932745572  1.84333795126  7.06315816099e-05
1.04194952919  985  433  433.200782461  1.88250242162  0.000234763070007
1.04194952919  986  451  450.716551794  1.87283517024  -0.00495563504207
1.04194952919  986  468  468.322423521  1.91197820205  -0.000567024724663
1.04194952919  986  486  486.091822272  1.91035581512  -0.00956505831963
1.04194952919  986  504  504.041861547  1.94641348347  -0.0158007693207
1.04194952919  986  522  522.186573005  1.92931557028  -0.0166973615618
1.04194952919  986  541  540.519265536  1.87754105275  -0.009734123925
1.04194952919  986  559  559.016620809  1.90108362647  -0.041583920235
1.04194952919  986  578  577.740661158  1.87107875918  -0.0189865451897
1.04194952919  986  597  596.645429993  1.82333483348  -0.0241926598756
1.04194952919  986  616  615.739416511  1.87169975607  -0.0189717336724
1.04194952919  986  635  635.03181704  1.92988445471  -0.00874893578939
1.04194952919  985  654  654.441075616  1.87544188551  0.0116728285324
1.04194952919  985  674  674.170286434  1.95701191281  0.0280976580812
1.04194952919  985  694  694.060524308  1.9926395454  0.0145862530485
1.04194952919  985  714  714.19546546  1.98576727067  0.0592781221375
1.04194952919  984  734  734.429349754  2.01527407698  0.0190869307128
1.04194952919  984  755  754.955277195  2.10644406822  -0.0122039649765
1.04194952919  983  776  775.66135449  2.06776564411  -0.015777829983
1.04194952919  983  797  796.663594204  2.08229600719  -0.0486278576753
1.04194952919  982  818  817.870368891  2.0489159394  -0.0467517512511
1.04194952919  982  839  839.388958728  2.05438191801  -0.0101260123851
1.04194952919  981  861  861.017559327  2.09781329455  -0.0368954054012
1.04194952919  980  883  882.920487438  2.10013909772  -0.0172813772257
1.04194952919  979  905  905.03665816  2.12445880564  -0.00726499715565
1.04194952919  978  928  927.508045321  2.08643951841  0.00160446166987
1.04194952919  978  950  950.223224118  2.21119708864  0.0136877910157
1.04194952919  977  973  973.165822135  2.28168915284  0.00802645859125
1.04194952919  976  996  996.37714178  2.17297269589  0.0483675209564
1.04194952919  974  1020  1019.76794783  2.30688682985  -0.0366441315809
1.23598952919  970  5  4.93457481226  1.92663693536  -0.0208510810509
1.23598952919  971  19  18.5343713772  1.89515225025  0.0280731751992
1.23598952919  972  32  32.2053787422  1.86490820813  0.0191063226264
1.23598952919  972  46  45.9481872492  2.00011342539  0.0286101880051
1.23598952919  973  60  59.8079481766  1.84228404655  0.0355087897371
1.23598952919  974  74  73.8627452608  1.81127227158  0.0372812736835
1.23598952919  975  88  87.9656038347  1.93741362629  0.00404079927724
1.23598952919  975  102  102.179660639  1.7928116792  -0.0189932540158
1.23598952919  976  117  116.581599033  1.8224785329  -0.0260829466203
1.23598952919  976  131  130.946318716  1.81512103373  -0.099345785811
1.23598952919  977  146  145.6648122  1.83488140752  -0.0029348383526
1.23598952919  978  160  160.477531955  1.83917478362  -0.015268769747
1.23598952919  978  175  175.251806062  1.85385775436  -0.037837761386
1.23598952919  979  190  190.353741346  1.8430971608  -0.0107856546672
1.23598952919  979  205  205.435447323  1.84894910704  -0.00380184829336
1.23598952919  980  221  220.788478679  1.83936939976  0.00889284774008
1.23598952919  980  236  236.168934166  1.82365569067  0.0131487514549
1.23598952919  981  252  251.816943697  1.83204616878  0.034721887375
1.23598952919  981  267  267.481597906  1.80797012466  0.0249616969796
1.23598952919  982  283  283.435769438  1.79616528469  0.0267257223967
1.23598952919  982  299  299.40518449  1.78331502777  0.017556984891
1.23598952919  982  316  315.524698294  1.74998951525  -0.00413128168701
1.23598952919  983  332  331.943270784  1.75119953843  0.0138401480781
1.23598952919  983  348  348.363082737  1.76389826572  -0.00803549650904
1.23598952919  983  365  364.916943976  1.77932018848  -0.069998525917
1.23598952919  984  382  381.82568991  1.80284107178  0.00855371713615
1.23598952919  984  399  398.731010416  1.82520213006  0.00334227583888
1.23598952919  984  416  415.823731924  1.85345751626  0.00655909953812
1.23598952919  984  433  433.078676355  1.89490174237  0.00360714234925
1.23598952919  985  451  450.620066195  1.85055157244  0.00608684038175
1.23598952919  985  468  468.209168054  1.90459502983  -0.00512134366952
1.23598952919  985  486  485.973116374  1.91299155663  -0.0172366957198
1.23598952919  985  504  503.932415248  1.92379118135  -0.00853904133449
1.23598952919  985  522  522.070053358  1.9238687727  -0.0221101332654
1.23598952919  985  540  540.418424868  1.85654892137  0.00354181772618
1.23598952919  985  559  558.911231587  1.87372872576  -0.0391991608756
1.23598952919  985  578  577.625174102  1.83459362488  -0.0203831858088
1.23598952919  985  597  596.545621022  1.80998842426  -0.0183464240825
1.23598952919  985  616  615.638307247  1.86199215145  -0.00621928586251
1.23598952919  985  635  634.931104251  1.91639672644  -0.0071539623287
1.23598952919  984  654  654.36540621  1.89244384146  0.0289653685531
1.23598952919  984  674  674.055288721  1.97242668144  0.0129598755613
1.23598952919  984  694  693.950275017  1.98093891751  0.00839260652687
1.23598952919  984  714  714.080354687  2.02271173446  0.0176058908338
1.23598952919  983  734  734.335821172  2.00994304305  0.0216147520238
1.23598952919  983  755  754.860862189  2.09165483279  -0.0155852185075
1.23598952919  982  776  775.581358755  2.07887522122  -0.0110718445468
1.23598952919  982  797  796.590040085  2.06362673655  -0.0310274720995
1.23598952919  981  818  817.787631697  2.04009511683  -0.0384165789832
1.23598952919  981  839  839.306770243  2.08736925868  -0.015547639773
1.23598952919  980  861  860.937788358  2.08807247481  -0.0374610250622
1.23598952919  979  883  882.827833008  2.10510289709  -0.0248222680103
1.23598952919  978  905  904.959771621  2.10932802526  -0.0323400534463
1.23598952919  978  927  927.485273659  2.13033591069  0.0206964986921
1.23598952919  977  950  950.152940899  2.19244686149  0.0147170058809
1.23598952919  976  973  973.080853064  2.28995844762  0.000820832639895
1.23598952919  975  996  996.299157643  2.24443315653  0.010742905653
1.23598952919  973  1020  1019.73096654  2.31306368209  -0.00557989698905
1.43002952919  969  5  4.78264504735  1.90933718459  -0.021504076302
1.43002952919  970  18  18.3815892485  1.89226836504  0.0187805846269
1.43002952919  971  32  32.0506791787  1.84819779492  0.028155691985
1.43002952919  972  46  45.8003508758  1.93669318288  0.0298283120777
1.43002952919  972  60  59.6548349633  1.84568713231  0.0313294793923
1.43002952919  973  74  73.7105285637  1.83086004508  0.0354168945692
1.43002952919  974  88  87.8852627127  1.79625527775  0.0220386680547
1.43002952919  974  102  102.030074685  1.78336062907  -0.000721922352152
1.43002952919  975  116  116.431778932  1.81743537279  -0.0317912690138
1.43002952919  976  131  130.898864175  1.93261584949  -0.0323257550034
1.43002952919  976  146  145.530906063  1.86641490697  -0.0167504121937
1.43002952919  977  160  160.333371817  1.82365917797  -0.0276982085963
1.43002952919  977  175  175.110013976  1.82113685777  -0.0322636809763
1.43002952919  978  190  190.218614551  1.82772345378  -0.00880076563337
1.43002952919  978  205  205.287507968  1.83806211508  -0.0190022490148
1.43002952919  979  221  220.658506468  1.83291937312  0.0246469005827
1.43002952919  979  236  236.030287539  1.81347494653  0.0202919198194
1.43002952919  980  252  251.698640042  1.82519814293  0.0451073340257
1.43002952919  980  267  267.353785049  1.81817820198  0.028342148936
1.43002952919  981  283  283.301788826  1.80033551504  0.0146945191282
1.43002952919  981  299  299.284405122  1.77892817432  0.0143877050098
1.43002952919  982  316  315.537859279  1.88475343616  0.0665203599794
1.43002952919  982  332  331.803974979  1.77176706402  0.0162532737114
1.43002952919  982  348  348.232002354  1.75705223007  -0.00436052525298
1.43002952919  983  365  364.940452879  1.78716490109  -0.00906053399339
1.43002952919  983  382  381.699024764  1.79232397849  0.0140785597156
1.43002952919  983  399  398.601198293  1.81927231861  -0.00297857392427
1.43002952919  983  416  415.70667201  1.82380256395  0.0135704160705
1.43002952919  984  433  433.078483613  1.89536350293  0.00276819412757
1.43002952919  984  451  450.514768502  1.85433266615  0.0227346405086
1.43002952919  984  468  468.10221481  1.90447986266  0.00592823972236
1.43002952919  984  486  485.861556018  1.88633926577  -0.00513349982865
1.43002952919  984  504  503.820403882  1.89726032359  -0.0138691594363
1.43002952919  984  522  521.967097578  1.90519511699  -0.017212864705
1.43002952919  984  540  540.321351077  1.89585567686  0.00393515535688
1.43002952919  984  559  558.803424054  1.82648753494  -0.0390271951484
1.43002952919  984  578  577.531956978  1.85016942464  -0.0150374942236
1.43002952919  984  596  596.465452508  1.82502027111  0.00975206123584
1.43002952919  984  616  615.559665919  1.84850654079  0.0118078081178
1.43002952919  984  635  634.836349588  1.91969048723  -0.00709780499483
1.43002952919  984  654  654.364652109  1.89889212881  0.0298837985946
1.43002952919  983  674  673.947442508  1.95554630469  -0.0026650548255
1.43002952919  983  694  693.861867774  1.97377817485  0.00738943685366
1.43002952919  983  714  713.988879838  2.01730198889  0.0169010319833
1.43002952919  982  734  734.255642402  2.04731593096  0.0299754525236
1.43002952919  982  755  754.775960322  2.06046960675  -0.0127554169157
1.43002952919  981  775  775.496376319  2.10025657587  -0.00912090786261
1.43002952919  981  797  796.522444552  2.05551017791  -0.0181456799128
1.43002952919  980  818  817.692141351  2.05725017718  -0.0330087271118
1.43002952919  980  839  839.214784826  2.09670688606  -0.0121023182964
1.43002952919  979  861  860.861149148  2.04007061017  -0.036470719925
1.43002952919  978  883  882.760487001  2.09563126055  -0.0244350752884
1.43002952919  978  905  904.934082724  2.03560005711  -0.00515909238891
1.43002952919  977  927  927.430704233  2.14449945163  0.0304770343776
1.43002952919  976  950  950.088838133  2.21365690193  0.00799657054223
1.43002952919  975  973  973.000689388  2.264829558  -0.00133350027643
1.43002952919  974  996  996.243978883  2.26165036079  0.0159804543485
1.43002952919  973  1020  1019.7207853  2.34411933948  0.0063564331685
1.62406952919  968  5  4.63891915058  1.86081907346  -0.0264679266002
1.62406952919  969  18  18.21746017  1.85480342995  0.0185311811131
1.62406952919  970  32  31.9047306011  1.85072927177  0.0370694786348
1.62406952919  971  46  45.7283644367  1.84298719041  0.0620862214391
1.62406952919  971  59  59.4992748498  1.84325470189  0.024094116867
1.62406952919  972  74  73.5576372987  1.83552204133  0.025834888602
1.62406952919  973  88  87.7270234961  1.8125385175  0.0146519594799
1.62406952919  973  102  101.885932614  1.80631463743  0.00816205901605
1.62406952919  974  116  116.284468031  1.81132834212  -0.0386368528496
1.62406952919  975  131  130.82957108  1.80682881003  -0.0148192375517
1.62406952919  975  145  145.372296521  1.85211415928  -0.0341046419862
1.62406952919  976  160  160.175627259  1.82643682183  -0.0298978873825
1.62406952919  976  175  174.973948768  1.80483174343  -0.0207122290074
1.62406952919  977  190  190.069074645  1.81753653663  -0.0083221893841
1.62406952919  977  205  205.148669623  1.8133382769  -0.0275223213166
1.62406952919  978  221  220.521813803  1.82519928246  0.0075305919397
1.62406952919  978  236  235.9056253  1.78810373066  0.0311940166175
1.62406952919  979  252  251.561603138  1.83904503689  0.0378801931559
1.62406952919  979  267  267.216900064  1.81476704808  0.00770187836529
1.62406952919  980  283  283.158089984  1.81454350432  0.0114642965992
1.62406952919  980  299  299.151622861  1.76677126336  0.0195031999582
1.62406952919  981  315  315.39998964  1.76772397816  0.00402961017741
1.62406952919  981  332  331.681082165  1.75538851113  0.00531792805417
1.62406952919  981  348  348.119923613  1.76918102525  0.0115626265963
1.62406952919  982  365  364.829969319  1.77802106943  0.00653377811906
1.62406952919  982  382  381.58179258  1.79647546321  0.0082382961046
1.62406952919  982  398  398.499905931  1.81235369006  0.00497497473902
1.62406952919  982  416  415.593143669  1.82334964547  0.0132612000387
1.62406952919  983  433  432.980382462  1.87714403077  0.0719617298153
1.62406952919  983  450  450.409156676  1.84855970973  0.0185122516694
1.62406952919  983  468  467.970701241  1.9116237185  -0.00595971041267
1.62406952919  983  486  485.754746788  1.86815339832  0.00216649348068
1.62406952919  983  504  503.702481237  1.90106959938  -0.00364277696206
1.62406952919  983  522  521.858024066  1.88599061407  -0.0149332979082
1.62406952919  983  540  540.192713466  1.88702313494  -0.0193581036643
1.62406952919  983  559  558.712434545  1.82186984467  -0.0251082683802
1.62406952919  983  577  577.433840164  1.86047691171  -0.00966348770553
1.62406952919  983  596  596.357442417  1.82565790011  0.00398968824031
1.62406952919  983  615  615.460067388  1.84564764433  0.0116104747523
1.62406952919  983  635  634.72617507  1.88581417086  -0.0203581243015
1.62406952919  983  654  654.268372218  1.89160279254  0.0316747776267
1.62406952919  982  674  673.833910628  1.94741404654  -0.00598206694038
1.62406952919  982  694  693.759254303  1.95462114049  -0.000871827812069
1.62406952919  982  714  713.893949042  1.98366975399  0.0101303729679
1.62406952919  981  734  734.163596408  2.0449047243  0.0272792409481
1.62406952919  981  755  754.680348489  2.04867501076  -0.00896754642526
1.62406952919  980  775  775.417126518  2.01097891962  -0.0334364275978
1.62406952919  980  796  796.433865098  2.08040030662  -0.0208423039025
1.62406952919  979  818  817.628170744  2.03790477315  -0.0232101289153
1.62406952919  979  839  839.118268769  2.06597237891  -0.0320994087162
1.62406952919  978  861  860.775669963  2.04610492473  -0.0402621790251
1.62406952919  977  883  882.682343605  2.05341393578  -0.0223125813665
1.62406952919  977  905  904.892079152  2.11658313548  -0.000200753861034
1.62406952919  976  927  927.367473212  2.14777139638  0.0352533308357
1.62406952919  975  950  950.014303999  2.18454936081  0.00801028086414
1.62406952919  974  973  972.913898347  2.23708522529  -0.0192050341524
1.62406952919  973  996  996.178625487  2.26076827107  0.0161715084992
1.62406952919  972  1020  1019.63812141  2.33545905905  -0.00300665863212
1.81810952919  968  5  4.54905083737  1.96987588633  -0.0208616475029
1.81810952919  968  18  18.0699704884  1.8505961264  0.0281921749379
1.81810952919  969  32  31.7622017428  1.8543772447  0.0484810868578
1.81810952919  970  46  45.5673602153  1.85992506749  0.0413961111164
1.81810952919  970  59  59.3421448267  1.82199706632  0.0162208494921
1.81810952919  971  73  73.4042803833  1.82679894696  0.0129276074152
1.81810952919  972  88  87.585361349  1.83202845637  0.00944870039981
1.81810952919  972  102  101.73680142  1.80682754273  0.00306322887619
1.81810952919  973  116  116.143459739  1.78672443829  -0.028180248378
1.81810952919  974  131  130.690411857  1.81440169725  -0.0209661137319
1.81810952919  974  145  145.21237494  1.81977557704  -0.0511158801694
1.81810952919  975  160  160.043916833  1.80720037992  -0.0165485182265
1.81810952919  975  175  174.82750549  1.78608195247  -0.0192743552928
1.81810952919  976  190  189.926979094  1.80447360044  -0.000418993552709
1.81810952919  976  205  205.067077837  1.90975939446  -0.015929541384
1.81810952919  977  220  220.381753189  1.810234287  0.00164133856659
1.81810952919  978  236  235.809746265  1.91407429752  0.0147377031665
1.81810952919  978  251  251.417569575  1.83118626215  0.0276766766211
1.81810952919  978  267  267.074135827  1.76773142294  0.006787869459
1.81810952919  979  283  283.019131921  1.77838200427  0.0118273887247
1.81810952919  979  299  298.99859156  1.76637993152  0.00553378593219
1.81810952919  980  315  315.266014565  1.77144814647  -0.000925906649109
1.81810952919  980  332  331.553922896  1.75380284213  0.00684419613402
1.81810952919  980  348  347.977050598  1.7689460538  0.0104861304562
1.81810952919  981  365  364.701886001  1.77872823314  0.00278331941192
1.81810952919  981  381  381.459201892  1.79847391022  0.0102316625068
1.81810952919  981  398  398.391378125  1.78127069102  0.0100560116538
1.81810952919  981  415  415.465875651  1.81000621755  0.00751946817702
1.81810952919  982  433  432.831535939  1.83608170788  0.0475342007218
1.81810952919  982  450  450.2630451  1.85225903527  -0.00149077517099
1.81810952919  982  468  467.858122856  1.87718508172  -0.000707414800849
1.81810952919  982  486  485.644765954  1.87528942031  0.00947583679606
1.81810952919  982  504  503.609574476  1.89376659037  0.00355878111285
1.81810952919  982  522  521.733263927  1.85789742231  -0.0219034483832
1.81810952919  982  540  540.068748001  1.8824623807  -0.0264298469828
1.81810952919  982  559  558.606541494  1.81568198703  -0.0018934824505
1.81810952919  982  577  577.32842361  1.85576374486  -0.00583240268939
1.81810952919  982  596  596.254014498  1.84650813064  0.00126103221443
1.81810952919  982  615  615.352446512  1.85174960383  0.0149232380162
1.81810952919  982  635  634.630863735  1.84824865947  -0.00551415457061
1.81810952919  982  654  654.143250362  1.90220112848  0.0135961867502
1.81810952919  981  674  673.725557004  1.92783625686  -0.0123407237955
1.81810952919  981  694  693.670635795  1.93247182606  0.0110898011038
1.81810952919  981  714  713.776741435  1.97539294552  -0.00189267677604
1.81810952919  980  734  734.057617483  2.04575955641  0.0168850733748
1.81810952919  980  755  754.613181489  2.02965937798  0.00449645157504
1.81810952919  980  775  775.418773753  2.09007388614  0.00243338719821
1.81810952919  979  796  796.341130531  2.06351549663  -0.00927514983583
1.81810952919  978  818  817.523529488  1.96469469531  -0.0814489719468
1.81810952919  978  839  839.034618053  2.0910176841  -0.0355529940667
1.81810952919  977  861  860.695298243  2.04205953448  -0.0330324601443
1.81810952919  976  883  882.605336488  2.02436795801  -0.0231181350843
1.81810952919  976  905  904.803954348  2.08877072901  -0.0115072368516
1.81810952919  975  927  927.279632669  2.14393203658  0.0330346033476
1.81810952919  974  950  949.925085852  2.18183004434  0.00592062958228
1.81810952919  973  973  972.843146486  2.21197585152  -0.0118556113629
1.81810952919  972  996  996.092950252  2.26045192223  0.0106018959848
1.81810952919  971  1020  1019.57997129  2.32259294204  0.000523630233714
2.01214952919  967  5  4.5131121396  2.05011897676  0.0834113724871
2.01214952919  967  18  17.9056013137  1.85535033155  0.0341549834627
2.01214952919  968  32  31.6060010074  1.89965447949  0.0410314337352
2.01214952919  969  45  45.4152207765  1.83791353287  0.0308027189463
2.01214952919  969  59  59.1510225254  1.85904825636  -0.0842284596182
2.01214952919  970  73  73.2450247701  1.81195959955  0.00587767142192
2.01214952919  971  87  87.4195225588  1.81681485878  -0.0101343970678
2.01214952919  971  102  101.58183127  2.0060441066  -0.0819137048853
2.01214952919  972  116  115.988548534  1.77427775873  -0.0113223393521
2.01214952919  973  131  130.540495774  1.81646539627  -0.0277484026004
2.01214952919  973  145  145.063124981  1.81558687366  -0.0298617451787
2.01214952919  974  160  159.907434128  1.81053535529  0.000237751513045
2.01214952919  974  175  174.710631319  1.96406628621  -0.0644181404392
2.01214952919  975  190  189.798512699  1.80348068417  0.00750014469435
2.01214952919  976  205  205.030375266  1.79981677013  0.0398881913496
2.01214952919  976  220  220.245624699  1.80416918006  0.00219309886377
2.01214952919  977  236  235.764601381  1.79234125616  0.0459454092661
2.01214952919  977  251  251.272822443  1.83174034388  0.0209644625571
2.01214952919  977  267  267.007736907  1.92917804061  0.00808957610757
2.01214952919  978  283  282.882422927  1.771694962  0.00932866609421
2.01214952919  978  299  298.857567973  1.7577937218  0.00205561170473
2.01214952919  979  315  315.128555635  1.75968374884  -0.00466507587683
2.01214952919  979  331  331.43541804  1.75871916718  0.0140326055341
2.01214952919  979  348  347.829941077  1.76415190195  -0.00300953821953
2.01214952919  980  365  364.573902812  1.76214893428  0.00193300533526
2.01214952919  980  381  381.325077764  1.79524379408  -0.00791810205856
2.01214952919  980  398  398.260693837  1.81229921053  0.0082700020563
2.01214952919  981  415  415.465979701  1.79632619936  0.0129718804175
2.01214952919  981  433  432.711695925  1.83447892883  0.00437957706203
2.01214952919  981  450  450.146933154  1.8532824864  -0.00267989188708
2.01214952919  981  468  467.744914807  1.87333932955  0.00177104273954
2.01214952919  981  486  485.539122326  1.87130961119  0.018510941617
2.01214952919  981  503  503.494618464  1.89496190813  0.00064944678262
2.01214952919  981  522  521.629886685  1.85679453874  -0.00745512470231
2.01214952919  981  540  539.963708881  1.88651563213  -0.0218556879267
2.01214952919  981  559  558.500279911  1.81319996769  -0.0034670595182
2.01214952919  981  577  577.218705271  1.85746903204  -0.00446176995831
2.01214952919  981  596  596.143755076  1.86796352678  0.00400131416754
2.01214952919  981  615  615.248289551  1.88985273973  0.0186647055053
2.01214952919  981  635  634.540355715  1.85594877195  0.00615863361142
2.01214952919  981  654  654.034338508  1.9267994718  0.00120821110203
2.01214952919  980  674  673.63347709  1.8575737773  -0.05035097491
2.01214952919  980  694  693.583768776  1.94363002954  0.0130900517547
2.01214952919  980  714  713.707135596  1.97029390613  0.00705635175342
2.01214952919  980  734  733.996775485  1.93029413628  0.0244354244328
2.01214952919  979  755  754.533589832  2.01414952708  0.00796079327372
2.01214952919  979  775  775.329677074  2.08521995916  0.00173567539259
2.01214952919  978  796  796.26368652  2.05977413435  -0.0197193467481
2.01214952919  978  818  817.531760249  1.95891470134  0.0191232988453
2.01214952919  977  839  838.937859775  2.06993392255  -0.0481331944479
2.01214952919  976  861  860.609864052  2.02388036466  -0.0387282123159
2.01214952919  975  883  882.54807372  1.9988081653  -0.0293017249837
2.01214952919  975  905  904.733862655  2.05436261375  -0.00789355672842
2.01214952919  974  927  927.194328402  2.1520289705  0.0179503218071
2.01214952919  973  950  949.839845092  2.17629671058  -0.00436611602365
2.01214952919  972  973  972.767303935  2.20388068403  -0.0171865835103
2.01214952919  971  996  996.016798685  2.25344038509  0.00653069688162
2.01214952919  970  1020  1019.50598131  2.32803360076  0.00551262812209
