# Band 2C   Etalon 1A   Slice 11
# Distortion map version 06.04.00 - date 2018-10-09
# Trace (isoalpha): Take pixel trace along specified slice, specified alpha position trace is built by taking the pixel in every detector row with alpha value closest to the one specified 
# xpos[i] = np.argmin(alpha_img[i,:])+funcs.find_nearest(alpha_img[i,:][(slice_img[i,:]!=0)],alpha_pos)
#    alpha       x  y      center         FWHM          skewness
0.0  619  10  9.70644687187  5.78300731604  -0.00195533635045
0.0  620  26  25.8877070101  6.17709619992  -0.0058412817797
0.0  621  42  42.3335074469  6.46239859337  0.00490382729077
0.0  622  59  58.8326595599  6.67616264072  -0.0290954384603
0.0  622  75  75.5200561826  6.78477600135  -0.00596633085554
0.0  623  92  92.2227259829  6.91489978664  -0.0189602647882
0.0  624  109  109.102790876  7.12161519297  -0.0191832344434
0.0  624  126  126.156560572  7.25941811377  -0.00121081587618
0.0  625  143  143.289419087  7.55653536398  0.0090967574916
0.0  626  160  160.622210354  8.22316483557  0.027223347842
0.0  626  178  177.935948711  8.98960144824  0.0100944271103
0.0  627  196  195.396959666  9.48211410444  0.0044913686754
0.0  627  213  213.116833571  11.0774078183  0.0230063142885
0.0  628  231  230.877306698  12.5127459385  0.0141323692698
0.0  628  249  248.971686386  14.7327373214  0.00903117277283
0.0  629  267  267.244045569  17.7634355365  0.0223829515959
0.0  629  286  285.658643938  20.6917413576  -0.00233436296426
0.0  630  305  304.512225401  27.1990732084  -0.0226373879485
0.0  630  325  323.994193083  33.3410074376  -0.0252157071229
0.0  630  345  343.841300394  30.7400657022  -0.0284100729203
0.0  631  363  364.414506729  34.6099435962  0.0754959639304
0.0  631  383  383.787959686  28.0333320989  0.0550816598579
0.0  631  403  403.14503945  22.259044401  0.0285810424832
0.0  632  422  423.051480536  21.7200778512  0.0609788895651
0.0  632  442  442.364026404  19.9458244149  0.0370701382524
0.0  632  463  462.096301993  18.8651912696  0.000211115433156
0.0  632  483  482.026705945  17.5452142311  -0.00138067367275
0.0  632  503  502.423021362  17.1905586203  0.0100176938307
0.0  632  523  522.917387142  17.1956220739  0.0231125097368
0.0  632  543  543.698300998  18.154202671  0.0367012249572
0.0  632  565  564.535149418  18.1851452334  0.00746380095252
0.0  632  586  585.947179961  19.5238684232  0.0170987760549
0.0  632  607  607.82926287  22.0312046149  0.0400142807453
0.0  632  630  629.925327295  24.4999720526  0.0172857681685
0.0  632  652  652.972015894  29.1990049812  0.0405497724632
0.0  631  676  676.372095449  31.6432576216  0.0342524053946
0.0  631  700  700.532658189  30.3410277947  0.0416207600095
0.0  631  724  724.524670279  27.2397514835  0.0388658101895
0.0  630  749  748.39837615  21.8279012809  0.00246108971992
0.0  630  772  772.721842341  20.2910195553  0.032781400511
0.0  629  797  797.087655769  18.0351111317  0.0132580061506
0.0  629  821  821.609466829  16.4447204123  0.0156973860755
0.0  628  846  846.481994567  14.9475243338  0.0167644325268
0.0  627  871  871.779748234  14.6126768204  0.0247062847621
0.0  627  897  897.235612096  13.7075644831  0.0117324949732
0.0  626  923  922.877979157  12.943046743  0.0229683722055
0.0  625  950  949.250247473  12.646287041  -0.00482210092237
0.0  624  976  975.890789093  12.7536773025  0.0191544274919
0.0  623  1003  1003.01563456  12.7230220816  0.0272904618552
-1.79054844135  629  9  9.34201605772  5.71724243585  0.0348693750298
-1.79054844135  630  25  25.541941257  6.04367353512  0.0275403845639
-1.79054844135  630  42  41.9076959041  6.31068690432  -0.00723347623916
-1.79054844135  631  58  58.4043508291  6.59405553828  -0.00508162079462
-1.79054844135  632  75  74.9474390771  6.83259721378  -0.0289914054284
-1.79054844135  632  91  91.7212941401  7.19329868858  0.0092204623217
-1.79054844135  633  109  108.600352616  7.19195903801  -0.0341033766184
-1.79054844135  634  126  125.589769382  7.36834471813  -0.0198194863411
-1.79054844135  634  143  142.577744493  7.56557346013  -0.0179214986113
-1.79054844135  635  160  160.002384806  8.09137718139  0.00805479201305
-1.79054844135  636  177  177.423214241  9.04384901917  0.0226208531766
-1.79054844135  636  195  194.886564178  9.78147971458  0.012151147531
-1.79054844135  637  213  212.514051463  11.1172086786  -0.000981294178883
-1.79054844135  637  231  231.304153511  0.369587077034  -6.0025658797
-1.79054844135  638  248  248.48969002  14.7583623706  0.0278636708849
-1.79054844135  638  267  266.4997724  17.3738798639  -0.00592159911539
-1.79054844135  639  285  285.300068547  19.6951955534  0.0115819598966
-1.79054844135  639  304  304.10438526  26.48742937  0.00191221022684
-1.79054844135  640  324  323.460521835  28.4951802941  0.00234508593778
-1.79054844135  640  343  343.251413014  32.6384312896  0.0132754649467
-1.79054844135  640  363  363.331545816  31.242754147  0.0343105796217
-1.79054844135  641  383  382.475376705  25.4202948986  0.00233264077443
-1.79054844135  641  402  402.082445941  0.278485317362  0.0251063341628
-1.79054844135  641  421  421.334350459  22.4961967692  0.0
-1.79054844135  641  441  441.883749531  20.1907551023  0.0636934723806
-1.79054844135  641  461  461.252431848  18.284800103  0.038636351522
-1.79054844135  642  481  481.349108434  18.9652184911  0.0406255261859
-1.79054844135  642  501  501.567599023  18.4379336604  0.0427525290991
-1.79054844135  642  522  521.802050812  18.381488943  0.019758947717
-1.79054844135  642  543  542.571038614  18.3418939595  0.0137150977028
-1.79054844135  642  563  563.762947861  19.9899136366  0.0398668159678
-1.79054844135  642  585  584.900830572  21.6198342859  0.0173211330862
-1.79054844135  642  607  606.772196846  23.4363880065  0.0191442767369
-1.79054844135  641  629  628.859765979  23.8559939015  0.0025181800121
-1.79054844135  641  652  651.707389491  27.1026998407  0.0165933445429
-1.79054844135  641  675  675.352687563  30.2439645248  0.0401101238044
-1.79054844135  641  699  698.91160266  28.959670572  0.0339443955164
-1.79054844135  640  723  723.29643157  24.412812193  0.03610101251
-1.79054844135  640  746  747.395205252  22.7723545761  0.0572583843809
-1.79054844135  639  771  771.702960999  19.8087649268  0.0307598799273
-1.79054844135  639  795  795.52031037  17.9194321211  0.0238716505763
-1.79054844135  638  820  820.201891654  16.0944291759  0.0109441945455
-1.79054844135  638  844  845.064621626  16.2275090789  0.029604163206
-1.79054844135  637  870  870.216878862  14.0128891379  0.0143753672601
-1.79054844135  636  895  895.771920695  13.7518562841  0.0221861759938
-1.79054844135  635  922  921.423242431  12.9598167798  0.0189083183838
-1.79054844135  634  948  947.876742071  12.7069330652  0.00961954599958
-1.79054844135  633  974  974.479243365  13.2694116662  0.0281559039978
-1.79054844135  632  1002  1002.30726674  0.381214579505  -5.93357456388
-1.61267844135  628  9  9.3508361123  5.76900101553  0.0329443095616
-1.61267844135  629  25  25.5690396007  6.19676727207  0.0315130252226
-1.61267844135  629  42  41.9512972735  6.52626579881  -0.0142669974888
-1.61267844135  630  58  58.4607588325  6.63496837815  -0.00277505341741
-1.61267844135  631  75  75.0505866866  6.79075529837  -0.0269558452459
-1.61267844135  632  92  91.8070450587  6.88104684905  -0.0347752580124
-1.61267844135  632  109  108.654762548  7.07720937123  -0.0320420529744
-1.61267844135  633  126  125.65519554  7.30562495259  -0.0186057620323
-1.61267844135  634  143  142.784424754  7.59848834532  -0.00474579672289
-1.61267844135  634  160  160.054802604  8.09218127032  0.0087907370302
-1.61267844135  635  177  177.420863094  8.99926728794  0.0281528096811
-1.61267844135  635  195  194.964759546  9.83003671983  0.0136626179515
-1.61267844135  636  213  212.494933745  11.0297334965  0.0025545346228
-1.61267844135  636  231  230.314032357  11.9916801965  -0.00408763110988
-1.61267844135  637  248  248.338590968  14.706935446  0.0259182186386
-1.61267844135  637  267  266.327022442  17.7599525987  -0.0193012886441
-1.61267844135  638  285  285.035252623  20.562865044  0.00778181941009
-1.61267844135  638  304  303.913496747  27.6682159659  0.00211539159994
-1.61267844135  639  324  323.439754659  30.0081376776  -0.00218735080758
-1.61267844135  639  343  343.440339555  35.0897725195  0.0292645567011
-1.61267844135  639  363  363.609507518  32.2780526228  0.0470687021501
-1.61267844135  640  383  382.697178269  24.3299862428  -0.00425179550543
-1.61267844135  640  402  402.425482916  0.298199604663  0.0390036553112
-1.61267844135  640  422  421.844346304  20.2876627766  0.016187845024
-1.61267844135  640  441  -92387.5860505  380868.849146  -0.116701812365
-1.61267844135  641  461  461.339222267  18.788542522  0.0341175737188
-1.61267844135  641  482  482.303017942  0.414157296097  -6.93258824584
-1.61267844135  641  502  501.44258356  17.246259825  0.0134999803526
-1.61267844135  641  522  521.798901945  17.3673572632  0.022077209581
-1.61267844135  641  543  542.562145016  17.6186725249  0.0128978730592
-1.61267844135  641  563  563.790017165  19.6427440933  0.0443554803522
-1.61267844135  641  585  584.863841689  20.6064330915  0.0110054631569
-1.61267844135  641  607  606.627828084  22.383583373  0.00393186367167
-1.61267844135  640  629  629.03036965  25.0042947259  0.0204627260183
-1.61267844135  640  651  651.233930185  29.1269057695  0.0
-1.61267844135  640  675  675.656149695  30.9240751979  0.0376726740536
-1.61267844135  640  699  699.404822739  30.7801641239  0.0403246931402
-1.61267844135  639  723  723.589356611  26.8656169559  0.0427922151581
-1.61267844135  639  747  747.442637267  22.5513687428  0.0289651688504
-1.61267844135  638  771  771.746136595  20.0207600203  0.0334334210909
-1.61267844135  638  796  795.68886988  17.5654533713  0.00319515675797
-1.61267844135  637  820  820.500099264  16.4747773535  0.0201876552059
-1.61267844135  637  845  845.142688496  14.9858939774  0.00503451823077
-1.61267844135  636  870  870.406924224  14.4196149401  0.0201769909066
-1.61267844135  635  896  895.955329697  13.6226767897  0.0120032216748
-1.61267844135  634  922  921.628093269  13.0859409117  0.0209818746775
-1.61267844135  633  948  948.01041069  12.6810834985  0.0101390136286
-1.61267844135  632  974  974.611876395  13.2602845974  0.0280552270995
-1.61267844135  631  1002  1001.57843838  13.2016901406  0.0196343047458
-1.43480844135  627  9  9.40207757523  5.77556854969  0.0366901777875
-1.43480844135  628  26  25.5450258542  6.18244790719  -0.026879958725
-1.43480844135  628  42  41.9721672391  6.42634352208  -0.00910891162616
-1.43480844135  629  58  58.4772297202  6.70116903565  -0.00121179096506
-1.43480844135  630  75  75.0949162291  6.84012515891  -0.0252465144562
-1.43480844135  631  92  91.8513723816  6.94622593969  -0.0257975612158
-1.43480844135  631  109  108.690691041  7.06787365086  -0.0336743917127
-1.43480844135  632  126  125.755787234  7.23725525281  -0.0173657265517
-1.43480844135  633  143  142.835657814  7.64340562099  0.00274342378725
-1.43480844135  633  160  160.134623926  8.2896180238  0.0133480945035
-1.43480844135  634  178  177.396853149  8.64957304411  -0.00044579432
-1.43480844135  634  195  195.018673497  9.70446941636  0.0231312288791
-1.43480844135  635  213  212.499658591  10.9804247323  -0.00142591287113
-1.43480844135  635  231  230.329458703  12.699064147  -0.0142948336618
-1.43480844135  636  249  248.234178954  14.6594761623  -0.0152841488742
-1.43480844135  636  267  266.465461868  17.1453101431  -0.00716421417415
-1.43480844135  637  285  285.063173619  22.5719666997  0.00319722273667
-1.43480844135  637  305  303.66956854  26.5192771059  -0.0401232311051
-1.43480844135  638  324  322.328827316  0.450496923579  -9.99148685875
-1.43480844135  638  344  343.419376456  33.8518288706  -0.0117866576757
-1.43480844135  638  363  363.605672789  0.464511273681  0.0539805780731
-1.43480844135  639  383  382.912615031  24.7683572192  0.00892428848504
-1.43480844135  639  402  402.685580725  24.4340067574  0.0468550583927
-1.43480844135  639  422  421.961179633  20.31782976  0.0231642404915
-1.43480844135  639  441  442.051147511  19.9506294295  0.0617980547118
-1.43480844135  640  461  461.503099071  18.2595090166  0.0365092105724
-1.43480844135  640  482  481.322917877  17.6272912727  0.00798313473666
-1.43480844135  640  502  501.594013784  16.8988284812  0.0156606199058
-1.43480844135  640  522  521.928855363  17.3214657114  0.0240556149813
-1.43480844135  640  543  542.680427416  17.2577803588  0.0182848849642
-1.43480844135  640  563  563.894452927  19.3442087082  0.0451117721568
-1.43480844135  640  585  584.898402462  20.3081692135  0.0149681404225
-1.43480844135  640  607  606.660724117  21.8672265067  0.00752684875099
-1.43480844135  640  629  628.925673081  24.4595734776  0.0203016911954
-1.43480844135  639  651  651.882913819  29.1865685169  0.0437896388678
-1.43480844135  639  675  675.706684884  30.8069265647  0.0415392978048
-1.43480844135  639  699  699.762129137  31.3654183372  0.0487305979354
-1.43480844135  638  723  723.772448441  27.1069698852  0.0397774750748
-1.43480844135  638  747  747.667792157  22.9369788836  0.0311224746014
-1.43480844135  638  771  771.687466796  19.9421325521  0.0305162627577
-1.43480844135  637  796  796.123727076  17.6489783507  0.0111995112901
-1.43480844135  636  820  820.688598583  16.4072795785  0.0231599412249
-1.43480844135  636  845  845.337626704  15.3934092874  0.0153264073607
-1.43480844135  635  871  870.479474835  13.9315160387  0.00210261472611
-1.43480844135  634  896  896.105696286  13.7492912589  0.0134989407349
-1.43480844135  633  922  921.786102564  13.0571465357  0.0264892365474
-1.43480844135  632  948  948.122674288  12.5499831876  0.0077484106124
-1.43480844135  631  975  974.640923477  12.9306080484  0.0173283659582
-1.43480844135  630  1002  1001.73040774  12.7936304796  0.0246056462406
-1.25693844135  626  9  9.4351575382  5.76151487788  0.0370224366732
-1.25693844135  627  26  25.5957925952  6.22834316935  -0.0157174589662
-1.25693844135  627  42  42.0353933538  6.55903345246  -0.0139723633238
-1.25693844135  628  58  58.5396096837  6.68831086265  0.00213024300269
-1.25693844135  629  75  75.1276629557  6.8684633197  -0.0225776574909
-1.25693844135  630  92  91.8908773178  6.9770719095  -0.0329117722088
-1.25693844135  630  109  108.728858775  7.07788585227  -0.0275934125875
-1.25693844135  631  126  125.766358904  7.26685942296  -0.0172346421003
-1.25693844135  632  143  142.886127966  7.49677890018  -0.00583520285904
-1.25693844135  632  160  160.207814729  8.23638718472  0.0159034041637
-1.25693844135  633  178  177.448960003  8.57179215969  -0.00118039582581
-1.25693844135  633  195  195.047666812  9.74781672921  0.0193495093192
-1.25693844135  634  213  212.61516647  10.9046404406  0.00399388262937
-1.25693844135  634  231  231.307296951  0.371462635235  -5.92970941917
-1.25693844135  635  248  248.502991996  14.5355368464  0.0341898621546
-1.25693844135  635  267  266.598858829  17.4004802471  -0.00385254117874
-1.25693844135  636  285  285.101716361  20.6555902515  0.0135464983043
-1.25693844135  636  304  304.005491751  27.2455917047  -0.00179626908854
-1.25693844135  637  324  323.209423333  31.1703619796  -0.0246809931551
-1.25693844135  637  343  343.912319875  0.500626147532  0.0439995482479
-1.25693844135  637  363  363.605110202  29.3619888695  0.0353357598501
-1.25693844135  638  382  383.535778946  0.774334679401  0.0880188315308
-1.25693844135  638  402  402.681789626  24.6020151995  0.0470515474751
-1.25693844135  638  422  421.950385877  20.5253855809  0.0251233855264
-1.25693844135  638  441  442.131635532  0.267440332835  0.070652136687
-1.25693844135  639  461  461.753008605  18.3263918265  0.0509543205135
-1.25693844135  639  482  484.87869685  0.148069511339  12.6461769538
-1.25693844135  639  502  501.66357286  16.8911154313  0.014174248443
-1.25693844135  639  522  522.176818269  0.207664689724  0.0317137840839
-1.25693844135  639  543  542.835200371  17.033373558  0.0170307414728
-1.25693844135  639  564  563.839351601  17.8682954237  0.0141913396949
-1.25693844135  639  585  585.160085939  20.8215717759  0.0224024587544
-1.25693844135  639  607  606.76630473  22.0402565775  0.0123964152052
-1.25693844135  639  629  629.005068228  24.6875585968  0.0150892712159
-1.25693844135  638  652  651.76226328  29.5449191278  0.0133854779011
-1.25693844135  638  676  675.273578683  28.7628828504  0.00618027056392
-1.25693844135  638  699  699.674982155  31.1225639516  0.0475052275964
-1.25693844135  637  723  723.946134679  27.2915796977  0.0428448762499
-1.25693844135  637  747  747.822833262  23.3427827197  0.0363045166981
-1.25693844135  637  771  772.059456611  20.6497529892  0.0355065337838
-1.25693844135  636  796  796.269177829  17.7760061869  0.0146126920609
-1.25693844135  635  820  820.784222647  16.4893627659  0.0251432439359
-1.25693844135  635  845  845.516764397  15.5025978851  0.0198179273433
-1.25693844135  634  871  870.652355514  14.1612888502  0.00220976238599
-1.25693844135  633  896  896.267514552  13.7878904583  0.0156291626911
-1.25693844135  632  922  922.006177711  12.9287825273  0.0251702044694
-1.25693844135  632  948  948.242509324  12.4982699459  0.0143243514203
-1.25693844135  630  975  974.879186819  12.8505050463  0.0184935794366
-1.25693844135  629  1002  1001.8907803  12.9056741581  0.0294595067108
-1.07906844135  625  9  9.47599637626  5.82628155662  0.0370850578092
-1.07906844135  626  26  25.6318146899  6.15338244638  -0.0180872732271
-1.07906844135  627  42  42.0075183672  6.53581375032  -0.0131419200832
-1.07906844135  627  59  58.5372712312  6.6893729946  -0.0420281106425
-1.07906844135  628  75  75.1743543489  6.84323433648  -0.0236772975539
-1.07906844135  629  92  91.9308087854  7.03106566971  -0.0266244978393
-1.07906844135  629  109  108.791747832  7.13505149886  -0.0301173499951
-1.07906844135  630  126  125.793452171  7.30400073095  -0.0104902542189
-1.07906844135  631  143  142.928153578  7.52582871233  0.000267870527335
-1.07906844135  631  160  160.21964481  8.27543024792  0.0129418556638
-1.07906844135  632  178  177.538687842  8.60990461717  0.00332845809364
-1.07906844135  632  195  195.075742676  9.6668223127  0.022771181525
-1.07906844135  633  213  212.677273797  10.9405240526  0.00417371348781
-1.07906844135  634  231  231.30545828  0.40223840637  -5.76690719528
-1.07906844135  634  249  248.394377375  14.6452394805  -0.0114951726226
-1.07906844135  635  267  266.672369917  17.2842755654  0.000577387519594
-1.07906844135  635  285  285.1287799  22.269519023  0.0114898822468
-1.07906844135  635  305  303.939288894  25.8262688867  -0.0383184336408
-1.07906844135  636  324  323.334843149  34.348572486  -0.0189110673466
-1.07906844135  636  344  343.462539967  32.2696465894  -0.0129564905531
-1.07906844135  636  363  363.413134581  31.6646713214  0.0335079778866
-1.07906844135  637  383  383.277145702  26.9739886285  0.0295256866578
-1.07906844135  637  403  402.460204374  22.4247492871  -0.00151658499191
-1.07906844135  637  422  422.21266291  20.2500500612  0.0318545709281
-1.07906844135  637  441  442.238965985  0.269549190279  0.0699306430016
-1.07906844135  638  461  461.844377401  18.7832221231  0.0538452149399
-1.07906844135  638  482  481.566419456  17.534360724  0.0180722006354
-1.07906844135  638  502  501.854148664  17.0693843996  0.019869449655
-1.07906844135  638  522  522.315191801  16.7508286233  0.0351901676024
-1.07906844135  638  543  542.985722455  17.3188033248  0.0187764623161
-1.07906844135  638  564  564.010005847  17.9453993173  0.0194395687134
-1.07906844135  638  585  585.244995594  0.252949379451  0.0269912821001
-1.07906844135  638  607  606.872048173  22.0997390305  0.0149526859025
-1.07906844135  638  629  629.173232813  24.7372362442  0.0180871428684
-1.07906844135  637  651  652.270127441  30.5695834067  0.0538416694975
-1.07906844135  637  676  675.339819271  31.0252007853  0.00431600592989
-1.07906844135  637  700  699.588411878  0.347904484529  0.0181911333742
-1.07906844135  637  723  724.23298846  26.681219225  0.0484511676279
-1.07906844135  636  747  747.972931306  23.0293281651  0.0410439441298
-1.07906844135  636  772  771.859030039  20.0897024596  0.0151582747153
-1.07906844135  635  796  796.335664257  17.6424165596  0.0160221235704
-1.07906844135  634  821  820.869623737  16.0370263182  0.0025157532709
-1.07906844135  634  846  845.537664992  14.9230919787  0.00208146778802
-1.07906844135  633  871  870.818601528  14.0385636132  0.00428620524567
-1.07906844135  632  896  896.407679818  13.6824631034  0.0162148546032
-1.07906844135  631  922  922.008858881  12.9393918282  0.025930926473
-1.07906844135  631  948  948.481894576  12.5052631396  0.0157033458081
-1.07906844135  630  975  974.994411821  12.9282875295  0.0226052516735
-1.07906844135  628  1002  1002.08544359  12.7469736022  0.0281994159924
-0.901198441348  624  9  9.51061107805  5.76688568844  0.0339744361711
-0.901198441348  625  26  25.6752732424  6.20419883998  -0.0135328992074
-0.901198441348  626  42  42.0793155469  6.47652347027  -0.0107585374903
-0.901198441348  626  59  58.5844355693  6.65055477301  -0.0358897161853
-0.901198441348  627  75  75.251588522  6.84391443897  -0.0176332896934
-0.901198441348  628  92  91.9658007912  7.00449308315  -0.0308144115686
-0.901198441348  628  109  108.828223502  6.98485115463  -0.0214835904941
-0.901198441348  629  126  125.8704041  7.31048797973  -0.00914869447003
-0.901198441348  630  143  142.932241265  7.59739758806  -0.00216152746792
-0.901198441348  630  160  160.281979201  8.28019972002  0.0213776333477
-0.901198441348  631  178  177.585535282  8.68687453795  0.00296525828284
-0.901198441348  632  195  195.184655834  9.67159472076  0.0224658165084
-0.901198441348  632  213  212.783317702  10.9469763027  0.0064985782985
-0.901198441348  633  231  230.509081059  12.5264664072  0.000588059787273
-0.901198441348  633  249  248.495822415  14.6884055819  -0.00803992414587
-0.901198441348  634  267  266.728104084  17.2052866189  0.00340681770397
-0.901198441348  634  286  285.051398558  21.3612577347  -0.0214063652539
-0.901198441348  634  305  303.987721381  25.6471574135  -0.0324799265133
-0.901198441348  635  324  323.71937434  33.6099914091  -0.00102336521458
-0.901198441348  635  344  343.570082294  32.0032563719  -0.00700048293138
-0.901198441348  636  363  363.760583677  31.4483153948  0.0352850060105
-0.901198441348  636  383  383.401812005  27.2117804106  0.0365923971684
-0.901198441348  636  403  402.558198521  22.2987458286  0.00203742774501
-0.901198441348  636  422  422.348666455  20.4525608976  0.0394104764291
-0.901198441348  637  441  442.220753075  20.4631756841  0.0724516934814
-0.901198441348  637  462  461.702029193  17.7528679359  0.0187554567592
-0.901198441348  637  481  481.881241362  17.6281530308  0.0559457661155
-0.901198441348  637  502  501.880462309  16.9661407918  0.0214076260565
-0.901198441348  637  523  523.306491053  0.397453226838  -6.96819980655
-0.901198441348  637  543  543.072284222  17.3685570171  0.0206454717603
-0.901198441348  637  563  564.223422142  18.8384053208  0.0532630373625
-0.901198441348  637  585  585.362389414  0.248211347757  0.0271508051653
-0.901198441348  637  607  606.940417255  21.6591732251  0.0136658462224
-0.901198441348  637  629  629.39935842  24.209662649  0.0271313703751
-0.901198441348  636  651  652.601607756  29.7967849169  0.055542710936
-0.901198441348  636  675  675.897253903  30.8265679057  0.0419559231828
-0.901198441348  636  700  699.629307665  28.5898308818  0.0221715506723
-0.901198441348  636  723  724.154868253  27.1607767879  0.053874935119
-0.901198441348  635  748  747.90848266  22.6176090507  0.0149243525411
-0.901198441348  635  772  772.087556843  20.0137525863  0.0130788298982
-0.901198441348  634  796  796.496684962  17.8588805572  0.0202210396389
-0.901198441348  634  821  820.895569148  16.2457778479  0.00350595346018
-0.901198441348  633  845  845.8826949  15.6753541965  0.0290998229671
-0.901198441348  632  871  871.015449425  14.3492109519  0.00905438403685
-0.901198441348  631  897  896.469315449  13.5000422077  0.00619490676545
-0.901198441348  631  922  922.230697466  12.921857243  0.025828190158
-0.901198441348  630  948  948.541906384  12.2919503032  0.015969571579
-0.901198441348  629  975  975.22688221  13.0873788946  0.0233439047979
-0.901198441348  627  1002  1002.20853311  12.8517798972  0.0304202813805
-0.723328441348  623  9  9.5593472545  5.80339596285  0.036912741378
-0.723328441348  624  26  25.7020571895  6.23634842411  -0.012398005913
-0.723328441348  625  42  42.1144045498  6.48962490197  -0.00394299396255
-0.723328441348  625  59  58.622524006  6.74508343255  -0.0415805933329
-0.723328441348  626  75  75.3031188389  6.82309856738  -0.0142123628922
-0.723328441348  627  92  92.0338506672  6.94380025724  -0.0229205931958
-0.723328441348  628  109  108.919332171  7.07184715351  -0.0261907008439
-0.723328441348  628  126  125.95380719  7.26515019981  -0.00720687462902
-0.723328441348  629  143  143.050945748  7.6024022202  0.00330363981985
-0.723328441348  629  160  160.379343817  8.29881175347  0.0240361531314
-0.723328441348  630  178  177.650987116  8.74585490947  0.00704830225308
-0.723328441348  631  195  195.174169747  9.7658875423  0.0262541344462
-0.723328441348  631  213  212.88104127  10.9495622514  0.0121424257196
-0.723328441348  632  231  230.57762464  12.4608668658  -0.000873757231571
-0.723328441348  632  249  248.572581422  14.6205324523  -0.00237575533053
-0.723328441348  633  267  266.799886639  17.5494509128  0.00873174365616
-0.723328441348  633  286  285.128128038  21.0277490352  -0.0191340599846
-0.723328441348  633  305  304.043924421  28.4029961979  -0.0363033174998
-0.723328441348  634  325  323.517409012  32.19429596  -0.0429214794129
-0.723328441348  634  344  343.652620336  32.1078026707  -0.00019590282368
-0.723328441348  635  363  363.723083851  0.433943910013  0.0427396961589
-0.723328441348  635  383  383.494657765  26.9564599786  0.0385873003552
-0.723328441348  635  403  402.6840939  22.5551010472  0.00794147097539
-0.723328441348  635  422  422.398856626  20.3111375321  0.0427349183951
-0.723328441348  636  441  442.307109681  0.269487511794  0.0704899629129
-0.723328441348  636  462  461.777727332  17.7840774687  0.0205202739312
-0.723328441348  636  481  481.950680934  17.7627032939  0.0573321493327
-0.723328441348  636  502  501.945508942  17.1089580697  0.0203450824804
-0.723328441348  636  523  523.297304362  0.395058402296  -7.15237012447
-0.723328441348  636  543  543.203331148  17.4644324099  0.027269699674
-0.723328441348  636  564  564.144731976  18.1106755748  0.0234514712728
-0.723328441348  636  585  585.4674775  20.1396165091  0.03091518588
-0.723328441348  636  607  607.031330537  21.9845591713  0.0138522579151
-0.723328441348  636  630  629.394979067  23.192706077  0.00729530309703
-0.723328441348  636  651  652.396730174  29.962079491  0.0565420649894
-0.723328441348  635  676  675.752048306  0.354413871653  0.0182238802421
-0.723328441348  635  699  699.182264613  31.1751786531  0.0
-0.723328441348  635  723  724.358049675  27.3877655799  0.0537027226115
-0.723328441348  634  748  747.974781161  22.8410842159  0.0190439036431
-0.723328441348  634  772  772.216119143  20.0125988668  0.0160974681313
-0.723328441348  633  796  796.650312624  17.94247695  0.0230755894356
-0.723328441348  633  821  821.14463509  16.4296493135  0.00579472938405
-0.723328441348  632  846  845.857723976  14.8946559044  0.00619165735678
-0.723328441348  631  871  871.1321487  14.3239354791  0.0127343394825
-0.723328441348  630  897  896.6480856  13.3347003021  0.00458159686576
-0.723328441348  630  922  922.304309788  12.9683308452  0.0291077948414
-0.723328441348  629  948  948.685534295  12.7871813086  0.0136770791489
-0.723328441348  628  976  977.793235829  0.209637575385  12.4382220893
-0.723328441348  626  1003  1003.30772234  0.367139533727  -6.0070679234
-0.545458441348  622  10  10.7840581075  0.214883290922  10.2660178654
-0.545458441348  623  26  25.7346682448  6.19009243196  -0.0131329726294
-0.545458441348  624  42  42.1593588118  6.41082295743  -0.00509725598727
-0.545458441348  624  59  58.6092041129  6.70130704995  -0.0414962611789
-0.545458441348  625  75  75.3464457454  6.81951331054  -0.0114142265386
-0.545458441348  626  92  92.0780677008  6.94645462136  -0.0208992333037
-0.545458441348  627  109  108.927210449  7.14203976438  -0.0243330735131
-0.545458441348  627  126  126.000544856  7.31494546634  -0.00717444300923
-0.545458441348  628  143  143.095353067  7.55559922178  0.00164328110119
-0.545458441348  628  160  160.370117174  8.23376767634  0.0272870690735
-0.545458441348  629  178  177.738952735  8.72136720182  0.0101535820599
-0.545458441348  630  195  195.263683461  9.76004447157  0.0238464202296
-0.545458441348  630  213  212.887059527  11.0426194018  0.0112514146445
-0.545458441348  631  231  230.635827567  12.5479275258  0.00413240603519
-0.545458441348  631  249  248.626623102  14.4756553545  -0.000867932643915
-0.545458441348  632  267  266.82349177  17.3237211092  -0.000364851834231
-0.545458441348  632  286  285.31547785  19.6249369955  -0.00487939767356
-0.545458441348  632  303  304.569718642  0.392473539  0.0640741669533
-0.545458441348  633  324  324.078761433  30.2631272029  0.0242838661896
-0.545458441348  633  343  344.073469022  35.1393987106  0.04778701842
-0.545458441348  634  363  364.002526975  33.35564841  0.0547734210799
-0.545458441348  634  383  383.473088635  27.0789099067  0.0355633387863
-0.545458441348  634  403  402.838208191  22.5451775366  0.0119254615034
-0.545458441348  634  421  422.800553102  23.0956046469  0.113474122721
-0.545458441348  635  441  442.534329949  0.280929392453  0.0791884097276
-0.545458441348  635  462  461.930629476  17.9696648488  0.0276121372798
-0.545458441348  635  481  482.046960262  17.7692546401  0.0614569464514
-0.545458441348  635  502  502.088579675  17.375293377  0.0250023792182
-0.545458441348  635  523  522.478088404  17.1197299385  0.00903840244424
-0.545458441348  635  543  543.331629619  0.221669650288  0.0306727537271
-0.545458441348  635  565  565.314947216  0.10545732153  -7.20923372442
-0.545458441348  635  586  585.401081945  19.3471095503  0.00596362366981
-0.545458441348  635  607  607.281412625  22.1294305999  0.0211871964144
-0.545458441348  635  630  629.403889449  24.7159484588  0.00408269722225
-0.545458441348  635  652  652.127789981  29.8748791469  0.0169972916326
-0.545458441348  634  676  675.845496383  30.6025175925  0.019989319908
-0.545458441348  634  700  699.975132209  0.386851330911  0.0303406650715
-0.545458441348  634  724  724.14887896  26.4048962956  0.028509365886
-0.545458441348  633  748  748.176671078  0.282629716761  0.0247339330397
-0.545458441348  633  772  772.338587443  20.1657012284  0.0195936502164
-0.545458441348  632  797  796.56768779  17.5362179613  0.00239075826743
-0.545458441348  632  821  821.246459568  16.0712468987  0.0120193080276
-0.545458441348  631  846  846.045959749  14.8714460971  0.0108704709357
-0.545458441348  630  871  871.295748717  14.2894835425  0.0121518696714
-0.545458441348  629  897  896.772154692  13.3646840273  0.00732100395246
-0.545458441348  629  922  922.500127258  13.2070774648  0.02869189089
-0.545458441348  628  949  948.718676123  12.4147420158  0.00425333275945
-0.545458441348  627  976  976.306943492  0.382343848386  -5.92623576126
-0.545458441348  626  1003  1003.29273845  0.363887391507  -6.26520032749
-0.367588441348  621  10  9.60867311505  5.75771580966  -0.00696237973761
-0.367588441348  622  26  25.7722859735  6.18100202435  -0.0104735675325
-0.367588441348  623  42  42.2216289663  6.42532702111  0.00104745718329
-0.367588441348  624  59  58.7120798358  6.74944049571  -0.0357475356076
-0.367588441348  624  75  75.4011940902  6.7871337288  -0.00807748919745
-0.367588441348  625  92  92.1102524041  6.94591954681  -0.0240889138358
-0.367588441348  626  109  108.978738033  7.04924134435  -0.0302833027628
-0.367588441348  626  126  126.049579512  7.2954210927  -0.00406294666289
-0.367588441348  627  143  143.17604299  7.7371443571  0.0107335881687
-0.367588441348  628  161  160.427837029  8.05962481312  -0.00764704223806
-0.367588441348  628  178  177.814292113  8.71243872357  0.0113735947097
-0.367588441348  629  195  195.330444435  9.93750623219  0.031639369239
-0.367588441348  629  213  212.965237539  11.0762505456  0.0136453939767
-0.367588441348  630  231  230.681501812  12.5318770866  0.00366684992963
-0.367588441348  630  249  248.771026794  14.5409793699  0.00165179135473
-0.367588441348  631  267  266.981013391  17.6023358752  0.0129812787269
-0.367588441348  631  286  285.380184108  21.0482176768  -0.0133158884247
-0.367588441348  632  305  304.356233164  28.2025817156  -0.029442778855
-0.367588441348  632  325  323.967131842  30.8767789463  -0.0271049689691
-0.367588441348  632  344  343.872296594  30.8331025694  0.00221845881381
-0.367588441348  633  363  364.288911419  0.969429236098  0.0723275102548
-0.367588441348  633  383  383.546419693  27.8366814724  0.0400746549622
-0.367588441348  633  403  403.019007905  22.3322356862  0.0259512330741
-0.367588441348  633  422  422.706965875  21.7515346661  0.0478661436591
-0.367588441348  634  442  442.2827285  19.6372380985  0.0344396922155
-0.367588441348  634  462  462.053149305  18.5542970985  0.0321609683814
-0.367588441348  634  482  481.941643248  17.7393915675  0.0236285215156
-0.367588441348  634  503  502.107614906  17.3913838271  0.00172360264522
-0.367588441348  634  523  522.569828336  17.1811491426  0.0134091751868
-0.367588441348  634  543  543.538675622  18.1003383393  0.0384184627479
-0.367588441348  634  565  565.316792624  0.106358260456  -7.16578703114
-0.367588441348  634  586  585.554716865  19.7427603743  0.0127014388286
-0.367588441348  634  607  607.431564648  21.7276053071  0.0286764038415
-0.367588441348  634  630  629.419665554  24.7133147449  0.00210906332904
-0.367588441348  634  652  652.500873824  29.1140050729  0.0324021021572
-0.367588441348  633  676  676.144080536  31.1368169447  0.0254880644994
-0.367588441348  633  700  700.123498618  30.9596863151  0.0353115779132
-0.367588441348  633  724  724.359984811  26.641253492  0.0323912385375
-0.367588441348  632  748  748.443878484  23.1684070952  0.030775263415
-0.367588441348  632  772  772.455037698  20.3085354698  0.0230517470334
-0.367588441348  631  797  796.710398321  17.6911883701  0.0043909873755
-0.367588441348  631  821  821.386045003  16.2523834369  0.013036375262
-0.367588441348  630  846  846.231217463  14.9961958626  0.0141189278134
-0.367588441348  629  871  871.505888827  14.351067189  0.0192102723285
-0.367588441348  628  897  896.977515947  13.5899889518  0.00957845012562
-0.367588441348  628  923  922.540916114  12.9759693061  0.0189231553507
-0.367588441348  627  949  948.898793617  12.5710806245  0.000822837076705
-0.367588441348  626  976  975.538773374  12.8663580219  0.0191139103156
-0.367588441348  625  1003  1002.66914662  12.8516325261  0.0162988034142
-0.189718441348  620  10  9.63926846154  5.70686644677  -0.00370350840383
-0.189718441348  621  26  25.8457502999  6.17197857  -0.00675238917018
-0.189718441348  622  42  42.2851606856  6.44319900029  0.00372854400984
-0.189718441348  623  59  58.7239106593  6.70289464932  -0.032813183359
-0.189718441348  623  75  75.4632433065  6.8023923481  -0.00847826747987
-0.189718441348  624  92  92.1569725664  6.90426744411  -0.0203424843207
-0.189718441348  625  109  109.075766479  7.20824918913  -0.0164816103712
-0.189718441348  625  126  126.098834913  7.33049525516  -0.00512306942409
-0.189718441348  626  143  143.21254186  7.55032166166  0.00581981925853
-0.189718441348  627  160  160.502751764  8.31435870163  0.0248993727285
-0.189718441348  627  178  177.865769022  8.68653435583  0.0113559053563
-0.189718441348  628  195  195.39599862  9.79118511771  0.0297097362818
-0.189718441348  628  213  213.015835108  11.0149760079  0.0171030023144
-0.189718441348  629  231  230.764235298  12.5496812513  0.00943315853512
-0.189718441348  629  249  248.879219961  14.6000634032  0.00854519695313
-0.189718441348  630  267  267.08276317  17.4054048082  0.0170557503397
-0.189718441348  630  286  285.51740012  20.9094120121  -0.00761280373889
-0.189718441348  631  305  304.350343004  27.7455016602  -0.0236902533915
-0.189718441348  631  325  324.15982722  30.2623831804  -0.023251626531
-0.189718441348  631  343  344.424364228  0.498889137439  0.0513025834459
-0.189718441348  632  363  364.60099887  0.863365631665  0.0736289182093
-0.189718441348  632  383  383.688884016  0.373313719052  0.05067048994
-0.189718441348  632  403  403.131873069  22.3289557473  0.0291488105833
-0.189718441348  633  422  422.697826791  21.7966327143  0.0526076015011
-0.189718441348  633  442  442.254861678  19.6447133115  0.0308383974044
-0.189718441348  633  462  462.14454468  18.9980830699  0.0362697716365
-0.189718441348  633  482  482.174595461  0.215896323195  0.0295943407466
-0.189718441348  633  503  503.300917676  0.392349638191  -7.08785701163
-0.189718441348  633  523  522.732394432  17.1754201852  0.0178860120924
-0.189718441348  633  543  543.651641336  17.8543447287  0.0368617399116
-0.189718441348  633  565  564.349798819  18.1638689478  0.00132192780597
-0.189718441348  633  586  585.714831228  19.6176461153  0.0130539821609
-0.189718441348  633  607  607.24751765  22.0043110712  0.0
-0.189718441348  633  630  629.623144976  24.3506902859  0.00685457036252
-0.189718441348  633  652  652.862465457  28.9431015314  0.0382931656887
-0.189718441348  632  676  676.215094334  30.6491415595  0.0265822194272
-0.189718441348  632  701  700.116013735  27.8101042879  0.00496481171981
-0.189718441348  632  724  724.424923736  0.336940890707  0.0348684440039
-0.189718441348  631  748  748.579891344  23.254480504  0.0343044614518
-0.189718441348  631  772  772.598837675  0.246398513331  0.0263959989947
-0.189718441348  630  797  796.82924177  17.8649644126  0.00472076299867
-0.189718441348  630  821  821.460437535  16.3338941449  0.0182573064191
-0.189718441348  629  846  846.365678281  14.7665673707  0.01660724035
-0.189718441348  628  871  871.688250786  14.4680027437  0.0190658171599
-0.189718441348  628  897  897.019839241  13.6560797345  0.0123940279447
-0.189718441348  627  923  922.711541257  13.007490579  0.0174750127535
-0.189718441348  626  949  949.087514337  12.6009183233  0.00892330790904
-0.189718441348  625  976  975.715520775  12.8983223872  0.0164916852385
-0.189718441348  624  1003  1002.77722201  12.7108171384  0.0220086752562
-0.0118484413485  619  10  9.70461039413  5.77495012393  -0.00113042250522
-0.0118484413485  620  26  25.8877070101  6.17709619992  -0.0058412817797
-0.0118484413485  621  42  42.3327301691  6.46608239438  0.0055371950654
-0.0118484413485  622  59  58.7988759328  6.60516802952  -0.037371423849
-0.0118484413485  622  75  75.5154025787  6.76705005919  -0.00451797565577
-0.0118484413485  623  92  92.2227259829  6.91489978664  -0.0189602647882
-0.0118484413485  624  109  109.121214871  7.15480647023  -0.0165800715079
-0.0118484413485  624  126  126.173709135  7.22098278055  0.00126013306645
-0.0118484413485  625  143  143.289419087  7.55653536398  0.0090967574916
-0.0118484413485  626  160  160.604403031  8.21518616713  0.0241327400483
-0.0118484413485  626  178  177.935948711  8.98960144824  0.0100944271103
-0.0118484413485  627  196  195.396922082  9.48222891621  0.00450254312696
-0.0118484413485  627  213  213.134107709  11.1202295267  0.019628602029
-0.0118484413485  628  231  230.877306698  12.5127459385  0.0141323692698
-0.0118484413485  628  249  248.965400289  14.7211165531  0.00967412891228
-0.0118484413485  629  267  267.201069965  17.695110674  0.0205683383578
-0.0118484413485  629  286  285.658643938  20.6917413576  -0.00233436296426
-0.0118484413485  630  305  304.41959178  27.395709834  -0.0241235274019
-0.0118484413485  630  325  323.994193083  33.3410074376  -0.0252157071229
-0.0118484413485  630  345  343.678098376  30.4615972726  -0.0345565981561
-0.0118484413485  631  363  364.414506729  34.6099435962  0.0754959639304
-0.0118484413485  631  383  383.787959686  28.0333320989  0.0550816598579
-0.0118484413485  631  403  403.14503945  22.259044401  0.0285810424832
-0.0118484413485  632  422  422.874310784  21.5115878289  0.0508434411574
-0.0118484413485  632  442  442.364026404  19.9458244149  0.0370701382524
-0.0118484413485  632  463  462.096301993  18.8651912696  0.000211115433156
-0.0118484413485  632  483  482.026705945  17.5452142311  -0.00138067367275
-0.0118484413485  632  503  502.423021362  17.1905586203  0.0100176938307
-0.0118484413485  632  523  522.917387142  17.1956220739  0.0231125097368
-0.0118484413485  632  543  543.698300998  18.154202671  0.0367012249572
-0.0118484413485  632  565  564.535149418  18.1851452334  0.00746380095252
-0.0118484413485  632  586  585.947179961  19.5238684232  0.0170987760549
-0.0118484413485  632  607  607.82926287  22.0312046149  0.0400142807453
-0.0118484413485  632  630  629.925327295  24.4999720526  0.0172857681685
-0.0118484413485  632  652  652.972015894  29.1990049812  0.0405497724632
-0.0118484413485  631  676  676.264453728  32.146534575  0.0354578646554
-0.0118484413485  631  700  700.532658189  30.3410277947  0.0416207600095
-0.0118484413485  631  724  724.524670279  27.2397514835  0.0388658101895
-0.0118484413485  630  749  748.455411724  21.7207700933  0.000167426541373
-0.0118484413485  630  772  772.721842341  20.2910195553  0.032781400511
-0.0118484413485  629  797  797.115348654  18.1731058539  0.0153234299265
-0.0118484413485  629  821  821.572943521  16.3592404649  0.0180259039752
-0.0118484413485  628  846  846.481994567  14.9475243338  0.0167644325268
-0.0118484413485  627  871  871.743896268  14.6653650728  0.0234228606151
-0.0118484413485  627  897  897.226153668  13.7791694697  0.0104243279818
-0.0118484413485  626  923  922.859311688  12.8954882473  0.0232127595322
-0.0118484413485  625  950  949.235894835  12.5988858207  -0.00388050858016
-0.0118484413485  624  976  975.876215101  12.7119058184  0.0198803724103
-0.0118484413485  623  1003  1002.9331178  12.6987812132  0.0246698503111
0.166021558652  618  10  9.75970501495  5.72282707752  0.00649355192111
0.166021558652  619  26  25.9643923346  6.1540457419  -0.00186882208219
0.166021558652  620  42  42.3828331181  6.51167651049  0.00334572176916
0.166021558652  621  59  58.81690348  6.70913942483  -0.0301588874074
0.166021558652  621  75  75.5750295654  6.79456413678  -0.00513247407905
0.166021558652  622  92  92.3061915891  6.93068380951  -0.0149486679633
0.166021558652  623  109  109.163126751  7.16470416285  -0.00966388774887
0.166021558652  623  126  126.228527638  7.31693646672  -0.00477033024922
0.166021558652  624  143  143.385636581  7.75078284516  0.0168305865339
0.166021558652  625  161  160.552814428  8.04094900856  -0.00452217233244
0.166021558652  625  178  178.048010789  8.99319479145  0.0153044262243
0.166021558652  626  196  195.508182838  9.47271464899  0.00819039678801
0.166021558652  626  213  213.238732259  10.9593451152  0.0297990816768
0.166021558652  627  231  231.007309299  12.605086346  0.0160046686097
0.166021558652  627  249  249.039178879  14.747152998  0.0106102351086
0.166021558652  628  267  267.250448382  17.6198845383  0.021521293721
0.166021558652  628  286  285.733500046  20.859678299  0.00450712785914
0.166021558652  629  305  304.444512829  27.8012015266  -0.017661574101
0.166021558652  629  325  324.208816581  33.1594951046  -0.0209715585817
0.166021558652  630  345  344.14815012  31.2708984546  -0.0258012105844
0.166021558652  630  364  364.116008371  28.6195187857  0.0211969923222
0.166021558652  630  383  384.027170459  28.0207330424  0.0656812190792
0.166021558652  630  403  403.363308966  24.0196261145  0.040790481553
0.166021558652  631  423  422.712945963  21.3982355413  0.0151829679167
0.166021558652  631  443  442.30036411  18.5382352742  0.00194069326811
0.166021558652  631  462  462.345406966  18.8278951745  0.0346605471124
0.166021558652  631  482  482.313546283  17.5835496521  0.0399720678847
0.166021558652  631  503  502.500541758  17.2820159537  0.0117729392214
0.166021558652  631  523  522.999816214  17.2554329895  0.024167267242
0.166021558652  631  544  543.604895523  17.4749645155  0.010940715208
0.166021558652  631  565  564.708629758  18.1150148432  0.0127548956164
0.166021558652  631  586  586.086295745  19.3856854573  0.0252711423962
0.166021558652  631  607  607.974329736  0.275848877242  0.0413328548604
0.166021558652  631  630  630.011319718  24.6081152118  0.0178048024746
0.166021558652  631  653  652.752868733  28.9914251268  0.0148610316064
0.166021558652  630  677  676.16851637  31.0966922782  0.00198431271504
0.166021558652  630  701  700.413370415  28.4026837273  0.0126990131598
0.166021558652  630  724  724.578668566  27.4664306616  0.0419605537493
0.166021558652  629  749  748.648720019  23.3593897063  0.0146390079997
0.166021558652  629  773  772.641282067  20.1319177143  0.00943608682777
0.166021558652  628  797  797.23146046  17.841851693  0.0142350707731
0.166021558652  628  822  821.638419962  16.2129333589  0.00198190457827
0.166021558652  627  846  846.680492393  15.5434664914  0.0223855486939
0.166021558652  626  872  871.740216567  13.9464785406  -0.00236274255489
0.166021558652  626  897  897.33029974  13.7642909063  0.0152031420225
0.166021558652  625  923  923.042124797  12.9629164252  0.0208529512827
0.166021558652  624  950  949.421399914  12.6615805401  0.000666749301448
0.166021558652  623  976  976.096375603  12.7429815447  0.0203573013088
0.166021558652  622  1003  1003.13913492  12.7467165387  0.0265469530295
0.343891558652  617  10  9.80922900626  5.76842664335  0.00187553028093
0.343891558652  618  26  26.03459692  6.12086809956  0.00443771138384
0.343891558652  619  42  42.4239030681  6.49218572656  0.002596873271
0.343891558652  620  59  58.8735575164  6.65934016728  -0.0335205881192
0.343891558652  620  75  75.60562029  6.71925192909  0.00599357305456
0.343891558652  621  92  92.3562305702  6.89271109508  -0.0115319270864
0.343891558652  622  109  109.231327541  7.18416852783  -0.0103358574724
0.343891558652  622  126  126.253774899  7.32763425229  -0.000212314671427
0.343891558652  623  143  143.461403078  7.88429404239  0.0240535665148
0.343891558652  624  161  160.608335119  8.09622822852  -0.00495555324394
0.343891558652  624  178  178.081203842  8.91854378509  0.0201176996461
0.343891558652  625  196  195.567033478  9.4767194818  0.00917120912203
0.343891558652  625  213  213.341831436  11.0122687533  0.0292146626543
0.343891558652  626  231  231.135867382  12.6462194478  0.0246545853784
0.343891558652  626  249  249.124324815  14.471537419  0.0195580486091
0.343891558652  627  267  267.289583526  17.5009461006  0.0219890849196
0.343891558652  627  286  285.936876655  21.0469547538  0.00653651939866
0.343891558652  628  305  304.543468579  28.0527938476  -0.0143190234823
0.343891558652  628  325  324.235381648  32.7303056642  -0.0207492770415
0.343891558652  629  345  343.861960396  31.7743522633  -0.0262113404262
0.343891558652  629  363  364.615005796  0.786792820031  0.0735249978225
0.343891558652  629  383  384.185069085  28.1766947835  0.0661698024136
0.343891558652  629  403  403.558404014  24.9788155117  0.0479963253784
0.343891558652  630  423  422.77888284  21.4605827034  0.0204566618513
0.343891558652  630  443  442.360855682  18.691744915  0.00242698577012
0.343891558652  630  462  462.495019507  18.8836259351  0.0434292241108
0.343891558652  630  483  483.298496589  0.410919572831  -7.02080660481
0.343891558652  630  503  502.628654919  17.4576209258  0.0219433991476
0.343891558652  630  523  523.140819417  17.6297754685  0.0284845462139
0.343891558652  630  544  543.809852935  17.4288457641  0.0161673332584
0.343891558652  630  565  564.832200039  17.9799881879  0.0130473360116
0.343891558652  630  586  586.211452236  20.4781754893  0.0223965813314
0.343891558652  630  608  607.941347383  21.0202684193  0.0167880945132
0.343891558652  630  629  630.504625674  26.1990195196  0.0563253724608
0.343891558652  630  653  652.865204176  29.2275855049  0.0131687362923
0.343891558652  630  677  676.197058685  31.5500883574  0.00502692180391
0.343891558652  629  701  700.562247109  0.34534868436  0.0203743041747
0.343891558652  629  724  724.917377567  27.1821049533  0.0464134335119
0.343891558652  628  749  748.810298037  23.1533911539  0.0153402940555
0.343891558652  628  773  772.886550413  20.3132549964  0.0140425109985
0.343891558652  627  797  797.264299652  17.9358803748  0.0158769693398
0.343891558652  627  822  821.783831282  16.2478423667  0.00240652439807
0.343891558652  626  846  846.891152758  15.5125125118  0.026868071602
0.343891558652  625  872  871.860792381  14.013088703  0.000617793590345
0.343891558652  625  897  897.516043617  14.0699494979  0.0147851610583
0.343891558652  624  923  923.18187745  13.0658483156  0.0293290034457
0.343891558652  623  950  949.53292586  12.6191774286  -0.00127617668804
0.343891558652  622  976  976.258064665  12.7571447645  0.0235249036609
0.343891558652  621  1003  1003.30423985  12.9825682006  0.0253050447338
0.521761558652  616  10  9.81747422836  5.74341801028  0.00603920861604
0.521761558652  617  26  26.0959490057  6.14627574999  0.00269157598624
0.521761558652  618  42  42.4762338021  6.50654482966  0.00898259087784
0.521761558652  619  59  58.9434873817  6.66913118939  -0.0221637867876
0.521761558652  619  76  75.6121242404  6.85213211477  -0.0405933752151
0.521761558652  620  92  92.4304395353  6.85729175659  -0.00459904496119
0.521761558652  621  109  109.331825648  7.1463845966  -0.00583334652956
0.521761558652  621  126  126.354843247  7.37878550968  0.00120292016888
0.521761558652  622  143  143.570065565  8.03538626582  0.035818093251
0.521761558652  623  161  160.670591771  8.11486192294  -0.00271361963852
0.521761558652  623  178  178.157220147  8.93074775465  0.021337239863
0.521761558652  624  196  195.621331834  9.50111054917  0.0099298690302
0.521761558652  624  213  213.337000686  10.9066624382  0.030960263173
0.521761558652  625  231  231.245852799  12.648269077  0.0286990018268
0.521761558652  625  249  249.1773558  14.6452299952  0.0171595102074
0.521761558652  626  267  267.467770353  19.0189690603  0.0270883661086
0.521761558652  626  287  285.734488451  21.2008297522  -0.0350741607238
0.521761558652  627  305  304.776419467  27.3302293823  -0.0103540367038
0.521761558652  627  325  324.450431235  29.9181845965  -0.00855867754414
0.521761558652  628  343  344.905474364  35.4320195337  0.0726529231929
0.521761558652  628  363  364.609175696  35.084218397  0.073071013343
0.521761558652  628  383  384.228645061  0.417118172795  0.0674208566829
0.521761558652  628  403  403.487123799  24.6775130469  0.0512212354929
0.521761558652  629  423  422.906020353  21.5655939267  0.0220728332199
0.521761558652  629  443  442.458056771  19.0885635981  0.000506470699044
0.521761558652  629  462  462.688996477  18.8953703332  0.0476791095
0.521761558652  629  483  482.471476325  17.7916947754  0.00958159441356
0.521761558652  629  503  502.786784446  17.4512147627  0.0242565625045
0.521761558652  629  523  523.288442059  0.213283309898  0.0324873815108
0.521761558652  629  544  543.912030112  17.4172232522  0.0182975363717
0.521761558652  629  565  564.933415334  17.8320273288  0.015486810168
0.521761558652  629  586  586.386706421  0.244861803623  0.0281621338053
0.521761558652  629  608  608.14300264  22.0129414201  0.0190073084692
0.521761558652  629  631  630.06342533  24.3755187033  -0.00386045127138
0.521761558652  629  653  653.107638817  29.0748323994  0.0139596289028
0.521761558652  629  677  676.513545731  32.2109466199  0.00736977336174
0.521761558652  628  701  700.803450606  30.5414522606  0.0264503427097
0.521761558652  628  725  724.885233689  26.6492592112  0.018024216806
0.521761558652  627  749  748.818998115  23.5953045443  0.0191873807447
0.521761558652  627  773  773.027152394  20.1159444299  0.0145148182672
0.521761558652  626  797  797.442986125  17.7865293869  0.0165676082775
0.521761558652  626  822  821.970370121  16.3191206767  0.00677556683482
0.521761558652  625  847  846.944589349  14.8410315771  0.0107663053538
0.521761558652  624  872  872.128684987  14.3372022409  0.00550918701754
0.521761558652  624  898  897.510276779  13.5584771865  -0.000888018095301
0.521761558652  623  923  923.366667398  13.0053126002  0.0301015230629
0.521761558652  622  950  949.775558146  12.6115197488  0.00565145654678
0.521761558652  621  977  976.388756004  12.863250207  0.012431480669
0.521761558652  620  1004  1003.4124917  12.8309683039  0.0170407284661
0.699631558652  616  10  9.91970803831  5.75962012367  0.00435790602517
0.699631558652  616  26  26.1308504949  6.07993380883  0.00918001880965
0.699631558652  617  43  42.4927851875  6.50799773216  -0.0348798976715
0.699631558652  618  59  59.0207255182  6.61024783919  -0.0217955640911
0.699631558652  619  76  75.6735158387  6.84757756554  -0.0344217967442
0.699631558652  619  92  92.4842863025  6.88596783105  -0.0022538404808
0.699631558652  620  109  109.367223809  7.11519993971  -0.00530017216136
0.699631558652  621  126  126.404885515  7.60301983975  0.00855658567004
0.699631558652  621  144  143.478616716  7.60093671095  -0.0376583801132
0.699631558652  622  161  160.760282286  8.16941825078  0.00117011863574
0.699631558652  622  178  178.281313402  8.88811505533  0.0304779580713
0.699631558652  623  196  195.697473227  9.55400873046  0.0100805916404
0.699631558652  623  213  213.404478336  10.995102718  0.0324741808599
0.699631558652  624  231  231.334446323  12.5757586438  0.0272828999554
0.699631558652  625  249  249.20810945  14.5474633204  0.0191586675496
0.699631558652  625  268  267.460272244  17.6914580669  -0.00978399560776
0.699631558652  625  286  286.101626325  21.0134323426  0.012469552305
0.699631558652  626  305  305.124018655  26.6004999876  3.55542922188e-05
0.699631558652  626  325  324.649575613  30.0953090805  -0.0021152690732
0.699631558652  627  344  344.447201334  34.1018451005  0.0321175304945
0.699631558652  627  364  364.21375738  29.2392379799  0.0263530052877
0.699631558652  627  383  384.406425499  0.991134123958  0.0892216783295
0.699631558652  628  403  403.766045452  24.3817828712  0.0517503748351
0.699631558652  628  423  422.928304375  21.8759996751  0.0228504315448
0.699631558652  628  443  442.669043027  20.3011464349  0.0137523146812
0.699631558652  628  463  462.541677235  18.8385555854  0.0128246662885
0.699631558652  628  483  482.667074949  18.0215566952  0.0152045440325
0.699631558652  628  503  502.896330375  17.4296695446  0.0225750454038
0.699631558652  628  523  523.454898332  17.2077797695  0.0386793747711
0.699631558652  628  544  544.057253744  17.5120218123  0.0241192814577
0.699631558652  628  565  565.071640153  18.8211228562  0.017456797606
0.699631558652  628  587  586.423470657  19.0500532411  0.00368848692697
0.699631558652  628  608  608.291366596  0.268770778297  0.0246383758679
0.699631558652  628  631  630.291005335  24.7266904854  0.00288427875269
0.699631558652  628  653  653.306656667  28.2474600012  0.0242731255832
0.699631558652  628  677  676.648729662  31.5428444052  0.0162276215752
0.699631558652  627  701  700.988606451  30.8682655186  0.0275622167183
0.699631558652  627  725  724.982500017  26.1957834786  0.0239592253453
0.699631558652  627  749  749.159737699  0.281091510417  0.023014651392
0.699631558652  626  773  773.194936505  20.0266987856  0.01764222591
0.699631558652  626  797  797.575711904  18.0457443855  0.0232121974347
0.699631558652  625  822  822.140919011  16.3723439547  0.0100982126257
0.699631558652  624  847  847.085023925  14.8913772637  0.00908324829513
0.699631558652  624  872  872.22497845  14.586189006  0.0113904739283
0.699631558652  623  898  897.738438759  13.9196438876  0.00343748053485
0.699631558652  622  924  924.296015115  0.374737592495  -6.10730054572
0.699631558652  621  950  949.900362475  12.5076867683  0.00680380068343
0.699631558652  620  977  976.517954459  12.81322884  0.0143640588066
0.699631558652  619  1004  1003.57878772  12.7255063816  0.0170333090904
0.877501558652  615  10  9.94131522264  5.77761712878  0.00639718024583
0.877501558652  615  26  26.2003738836  6.15399370394  0.0100785162135
0.877501558652  616  42  42.6069927109  6.45706487081  0.0140436576816
0.877501558652  617  59  59.1030077224  6.67430507963  -0.0184355931401
0.877501558652  618  76  75.7348930912  6.78902975212  -0.040117323834
0.877501558652  618  92  92.5461674795  6.85819341201  -0.000411883373148
0.877501558652  619  109  109.422456582  7.12326459063  -0.00364612612364
0.877501558652  620  126  126.456432041  7.45351968243  0.00276266230913
0.877501558652  620  144  143.566796358  7.54401608012  -0.031954438597
0.877501558652  621  161  160.820180369  8.18775197374  0.0075564554077
0.877501558652  621  178  178.322897268  9.01040404466  0.0281519134126
0.877501558652  622  196  195.849920061  9.56398250111  0.0204817045987
0.877501558652  623  213  213.476647097  10.9820703918  0.040710365941
0.877501558652  623  231  231.37264307  12.5000633874  0.0291945482868
0.877501558652  624  249  249.380371259  14.2422461775  0.0221358555947
0.877501558652  624  267  267.704526621  18.4323533542  0.0331403214254
0.877501558652  624  287  287.325287984  0.413719224594  -7.49512123364
0.877501558652  625  305  305.268018315  26.870798802  0.008226445935
0.877501558652  625  325  324.484064252  29.4927324796  -0.0042021759885
0.877501558652  626  344  344.80926885  0.448491020025  0.0419959396914
0.877501558652  626  364  364.280742549  28.8768774088  0.0239809722957
0.877501558652  626  383  383.517355302  28.8587025212  0.0
0.877501558652  627  403  403.686586901  24.3557788594  0.0509163538645
0.877501558652  627  423  423.161991052  21.4926617667  0.027907531766
0.877501558652  627  443  442.833564757  20.4091535667  0.0208123383234
0.877501558652  627  463  462.706265251  18.4382283293  0.0206089639953
0.877501558652  627  483  482.717868285  17.8696912155  0.0154136888997
0.877501558652  627  503  503.041271824  17.7310487788  0.0263276807747
0.877501558652  627  523  523.650904429  17.2157386649  0.045551040906
0.877501558652  627  544  544.160539687  17.4356004069  0.0274150941606
0.877501558652  627  565  565.27154536  19.0178647167  0.0248039105432
0.877501558652  627  587  586.499059392  19.0884989244  0.00528780844444
0.877501558652  627  608  608.39526611  21.7255367819  0.0307180709076
0.877501558652  627  631  630.460232571  24.7484327889  0.00986745848429
0.877501558652  627  653  653.326335144  28.4440891542  0.0263654246842
0.877501558652  627  677  676.804910176  0.391777428682  0.0172582778983
0.877501558652  626  701  701.144204178  0.388846880048  0.0297057593929
0.877501558652  626  725  725.165845008  26.5260343476  0.0289491493291
0.877501558652  626  749  749.064770872  0.281439511122  0.0248671490036
0.877501558652  625  773  773.423610853  20.2563274529  0.0207615675811
0.877501558652  625  798  797.666186141  17.9682162804  0.000450026129328
0.877501558652  624  822  822.313878055  16.530036514  0.0146496559726
0.877501558652  623  847  847.291543468  15.1771405418  0.0171457993509
0.877501558652  623  872  872.460686632  14.6884679508  0.0131893071876
0.877501558652  622  898  897.877482987  13.8030156494  0.00621527649682
0.877501558652  621  924  923.691635933  12.7940942341  0.0202471331113
0.877501558652  620  950  950.071271607  12.5367239808  0.00960483194269
0.877501558652  619  976  976.746947052  13.2650699718  0.0285156774899
0.877501558652  618  1004  1003.69989898  12.8312291593  0.0175026487856
1.05537155865  614  10  9.99735806658  5.67253704488  0.00077869503575
1.05537155865  614  26  26.2548282933  6.14328909456  0.0159089027483
1.05537155865  615  43  42.5834768708  6.49079056512  -0.0303385247685
1.05537155865  616  59  59.1480418909  6.6631487158  -0.0159984276506
1.05537155865  617  76  75.7598703371  6.86087725051  -0.0362465002824
1.05537155865  617  93  92.5628291494  6.90378866739  -0.0408550397554
1.05537155865  618  109  109.490603379  7.10966037395  -0.00172660493235
1.05537155865  619  126  126.537832685  7.47310700467  0.0151096864782
1.05537155865  619  144  143.691520887  7.8333427872  0.00745246877847
1.05537155865  620  161  160.929102807  8.05691490983  0.0106374893295
1.05537155865  620  178  178.38150216  8.97318016836  0.0301041654253
1.05537155865  621  196  195.876818265  9.81679016175  0.0157590024677
1.05537155865  622  214  213.477064268  10.4186377996  0.00109323643296
1.05537155865  622  231  231.460145163  12.555068928  0.0322072351468
1.05537155865  623  249  249.481668567  14.5149904413  0.0294132413572
1.05537155865  623  268  267.616819507  17.8079161972  -0.00331070353181
1.05537155865  624  287  286.116889502  21.4248193297  -0.0205012820414
1.05537155865  624  305  305.31956584  26.8953745772  0.0109181184497
1.05537155865  624  325  324.529506158  29.0570074325  0.0020762261417
1.05537155865  625  344  345.135811758  0.515587758104  0.0672236625233
1.05537155865  625  363  364.917920194  0.778925408088  0.0744491878146
1.05537155865  625  383  384.646803439  30.4270161187  0.0852159891108
1.05537155865  626  403  403.745979859  24.0555982793  0.0522931872105
1.05537155865  626  423  423.336750988  21.9518416921  0.0356015205961
1.05537155865  626  443  443.001115799  0.247116895815  0.0256322121571
1.05537155865  626  463  462.840839805  18.3762661617  0.0227969143645
1.05537155865  626  483  482.821767642  18.0730464648  0.0161235801147
1.05537155865  626  503  503.108598196  17.8078058853  0.0276811705217
1.05537155865  626  524  523.553917634  17.2295229728  0.0120688542517
1.05537155865  626  545  545.296693974  0.391842429479  -7.18763205487
1.05537155865  626  565  565.407804641  0.231214688824  0.0287862432659
1.05537155865  626  587  586.658591686  19.1949083502  0.00758434565981
1.05537155865  626  608  608.506225005  21.7739143771  0.0367854350311
1.05537155865  626  631  630.743367033  24.3465285354  0.0138475389467
1.05537155865  626  653  653.451378855  29.1800979939  0.0274236057533
1.05537155865  626  678  676.714013944  32.0381790766  -0.00943841832282
1.05537155865  625  702  701.09802381  28.5481361378  0.00578982765523
1.05537155865  625  725  725.259755742  26.3976581132  0.0286741807045
1.05537155865  625  749  749.363451043  23.3218182843  0.0279924961714
1.05537155865  624  773  773.649825441  0.247047221426  0.0266078557489
1.05537155865  624  797  797.908203501  0.222349179745  0.0302395498396
1.05537155865  623  822  822.567491737  16.4023917257  0.0210941024978
1.05537155865  622  847  847.421088473  15.2291188038  0.0139205419776
1.05537155865  622  872  872.538419365  14.729857201  0.0197624804337
1.05537155865  621  898  898.034659671  13.8176308808  0.00724892059416
1.05537155865  620  924  923.880913708  12.8691111432  0.0218902520518
1.05537155865  619  950  950.286810938  12.4694945335  0.0146828197744
1.05537155865  618  977  976.864935724  12.9098370034  0.0135176164722
1.05537155865  617  1004  1003.897258  12.5896933924  0.0217174538715
1.23324155865  613  10  10.0469119184  5.79341400349  0.0135308257185
1.23324155865  613  26  26.3284333204  6.19777010659  0.0112485435542
1.23324155865  614  43  42.6772401178  6.50565912255  -0.0251893614851
1.23324155865  615  59  59.2173102403  6.65444946129  -0.0126754851367
1.23324155865  616  76  75.8017631624  6.83896311617  -0.0392457099381
1.23324155865  616  93  92.6395975426  6.88864579199  -0.0314599859905
1.23324155865  617  110  109.530730846  7.12836352581  -0.0281859155179
1.23324155865  618  126  126.591969765  7.427815954  0.0104912257826
1.23324155865  618  144  143.776133622  7.66123446243  0.000410627106559
1.23324155865  619  161  160.993027193  8.04763560256  0.0153114859024
1.23324155865  620  178  178.521755988  8.82071906617  0.030761947694
1.23324155865  620  196  195.956345814  9.72869226071  0.01508298211
1.23324155865  621  214  213.547587658  10.6427561912  0.0109544761172
1.23324155865  621  231  231.520179754  12.709783311  0.0352798956088
1.23324155865  622  250  249.430707093  14.5768273522  -0.0131267299981
1.23324155865  622  268  267.739366849  17.6298500413  0.0071181915398
1.23324155865  623  287  286.018777718  20.9778297737  -0.0284931615223
1.23324155865  623  305  305.458226573  0.32893755015  0.0200629339631
1.23324155865  623  325  324.844971289  32.8450760524  -0.00766786035872
1.23324155865  624  345  344.627400842  30.5656340467  0.00497491485639
1.23324155865  624  364  364.664869938  0.433527494309  0.0437125059189
1.23324155865  624  384  384.324380104  25.1070396968  0.0377662695531
1.23324155865  625  403  404.029644923  0.336919332692  0.063831077875
1.23324155865  625  423  423.423550769  22.1052728357  0.0353821373928
1.23324155865  625  443  441.198497339  0.268529369191  -14.6282879457
1.23324155865  625  463  462.934516178  18.6694489187  0.0249689503279
1.23324155865  625  483  482.977223596  17.9198827393  0.0226052367087
1.23324155865  625  503  503.318884945  17.4052743974  0.033516021166
1.23324155865  626  524  523.494724089  17.0338869809  0.00715989565598
1.23324155865  626  545  545.296693974  0.391842429479  -7.18763205487
1.23324155865  626  565  565.409206961  18.6362516301  0.032455638679
1.23324155865  625  587  586.770328016  20.0307204601  0.00985051563654
1.23324155865  625  609  608.338357305  21.6216006375  0.00503778829337
1.23324155865  625  631  630.772462989  24.3143947786  0.0130236425631
1.23324155865  625  653  653.688439566  29.0178827273  0.0345059335395
1.23324155865  625  677  677.289774171  31.6612245885  0.0338677848089
1.23324155865  624  702  701.261880876  28.1405718027  0.00832428533554
1.23324155865  624  725  725.532600052  26.6734407462  0.0337757551539
1.23324155865  624  749  749.539544012  23.1833216449  0.0379189523484
1.23324155865  623  773  773.791130043  20.1999729497  0.0293832215742
1.23324155865  623  797  798.145295642  18.3610428753  0.0326812466168
1.23324155865  622  822  822.76327199  16.6942376897  0.0239565252165
1.23324155865  621  847  847.649481289  15.532157732  0.0209187355358
1.23324155865  621  872  872.70678341  14.8098672337  0.0207541815662
1.23324155865  620  898  898.309147742  13.8451065122  0.0140792420157
1.23324155865  619  924  924.032015731  12.7464010358  0.0242676322208
1.23324155865  618  950  950.459326852  12.5043984901  0.0140377828544
1.23324155865  617  977  977.092256876  12.9531459806  0.0192719905965
1.23324155865  616  1004  1004.10833461  12.664829883  0.02514654524
1.41111155865  612  10  10.1144586129  5.7594933786  0.0126732318356
1.41111155865  612  26  26.3559175921  6.1681378661  0.0141112034284
1.41111155865  613  43  42.7407311217  6.48693706433  -0.0255871249989
1.41111155865  614  59  59.2844189882  6.70000244327  -0.0106417871138
1.41111155865  615  76  75.8817762196  6.92595312857  -0.0292383566835
1.41111155865  615  93  92.735644119  6.96342880723  -0.0340697490674
1.41111155865  616  110  109.618325939  7.13285260658  -0.0260893498653
1.41111155865  617  127  126.59738644  7.30045750763  -0.023116317018
1.41111155865  617  144  143.811758451  7.64240368795  -0.00795658234857
1.41111155865  618  161  161.055529948  8.15367938589  0.0154486835931
1.41111155865  619  178  178.527830342  8.88976081896  0.0328001118495
1.41111155865  619  196  196.025309765  9.74683960828  0.0170058629398
1.41111155865  620  214  213.598684996  11.0088071039  0.00386945875948
1.41111155865  620  232  231.493735572  12.6250158584  -0.000875341327072
1.41111155865  621  250  249.515219301  14.468201269  -0.00212793689495
1.41111155865  621  268  267.819898505  17.2186076478  0.00939650743688
1.41111155865  622  286  286.428455392  20.7011151334  0.0235710060757
1.41111155865  622  305  305.387853037  27.0142119471  0.0231748367395
1.41111155865  622  325  324.770229178  32.4597823779  -0.00698864530059
1.41111155865  623  345  344.648154931  34.8883363244  0.00497312181915
1.41111155865  623  365  364.411263982  29.2750165354  -0.0111423096114
1.41111155865  623  384  384.44449199  25.8438938972  0.0367727477645
1.41111155865  624  403  403.395610416  24.6722900017  0.0
1.41111155865  624  423  423.566126299  22.0288720297  0.0464577332069
1.41111155865  624  443  443.177922993  20.0005995612  0.0318330053825
1.41111155865  624  463  463.082230035  0.228787091655  0.0304401664219
1.41111155865  624  483  483.117117306  0.216622673655  0.0313450674271
1.41111155865  625  503  503.332693364  17.4217789875  0.036238275565
1.41111155865  625  523  523.883352331  17.3357040121  0.0537764156203
1.41111155865  625  544  544.62885276  18.2063492809  0.0390068208463
1.41111155865  625  566  565.341214078  17.8106925153  0.0021542574661
1.41111155865  624  587  586.873830862  20.2239636199  0.0156286757811
1.41111155865  624  609  608.529099991  21.7967709296  0.00793116183552
1.41111155865  624  632  630.835619013  24.3936541109  -0.00858941214994
1.41111155865  624  654  653.602395194  28.7087393706  0.00540588710565
1.41111155865  624  678  677.233144592  29.2788315174  0.00878254586323
1.41111155865  623  701  701.591384271  31.6353527352  0.0460290209158
1.41111155865  623  725  725.711120561  26.8818821455  0.04050550163
1.41111155865  623  749  749.739567674  23.493121477  0.0378307870173
1.41111155865  622  773  774.014497023  20.6639250359  0.0382530345534
1.41111155865  622  798  798.148096509  18.1395864353  0.0151776710039
1.41111155865  621  822  822.897278233  16.8313870543  0.0246993474148
1.41111155865  620  847  847.765143741  15.251997263  0.017184210739
1.41111155865  620  872  872.913487153  14.7586781107  0.026499934476
1.41111155865  619  898  898.483188773  13.6342434976  0.015825233405
1.41111155865  618  924  924.202879803  12.889577089  0.0297072474188
1.41111155865  617  951  950.570690972  12.5236518324  0.00150645281474
1.41111155865  616  977  977.268357478  13.199222094  0.0221412382441
1.41111155865  615  1005  1006.78542605  0.207852661198  12.3297956766
1.58898155865  611  10  10.167979451  5.7631811034  0.0170086078197
1.58898155865  612  26  26.447395795  6.10203586096  0.0214164525837
1.58898155865  612  43  42.8254214588  6.48209710837  -0.0188926446694
1.58898155865  613  59  59.3571154717  6.70747911977  -0.00699981713517
1.58898155865  614  76  75.9553628851  6.83032747717  -0.0286992010484
1.58898155865  614  93  92.7356400708  6.89249495377  -0.0317705763921
1.58898155865  615  110  109.667265477  7.10149316289  -0.0284805123503
1.58898155865  616  127  126.686527827  7.36096938808  -0.0192378107094
1.58898155865  616  144  143.826362015  7.50168894871  -0.00415721417862
1.58898155865  617  161  161.191702553  8.37013836665  0.0175911239907
1.58898155865  618  179  178.507388104  8.6233328745  -5.40394928332e-05
1.58898155865  618  196  196.163914012  9.81948688088  0.0211696484285
1.58898155865  619  214  213.676281011  11.0952314394  0.011402427119
1.58898155865  619  232  231.629138995  12.6390129414  0.00156653895594
1.58898155865  620  250  249.604056224  14.6445936053  0.00169981751456
1.58898155865  620  268  267.954570835  17.3647746703  0.0117429534916
1.58898155865  621  286  286.575048431  21.9622008105  0.02639800757
1.58898155865  621  306  305.285849384  25.7203425792  -0.0149402744619
1.58898155865  621  325  324.857907314  32.1130442599  -0.00321877837457
1.58898155865  622  345  344.90270308  34.7274811325  0.00856043722543
1.58898155865  622  365  364.740052135  29.4782571002  0.00107310086518
1.58898155865  622  384  384.489487681  25.3130940037  0.0437521943077
1.58898155865  623  403  404.298349622  25.1320713023  0.0677907082477
1.58898155865  623  423  423.740625394  21.7716889686  0.0521738340696
1.58898155865  623  443  443.320606597  20.1346290915  0.0336970411369
1.58898155865  623  463  463.257787757  18.8171692967  0.0352695393244
1.58898155865  623  483  483.318181289  17.6984205794  0.0336426049927
1.58898155865  624  503  503.440928272  17.3800601049  0.0404836568964
1.58898155865  624  524  523.800054204  17.4326324378  0.0220444018839
1.58898155865  624  545  544.467411293  17.433386568  0.00634340531146
1.58898155865  624  566  565.456815634  17.8787366295  0.00233971559098
1.58898155865  624  587  586.945688638  20.1932832031  0.0177655614502
1.58898155865  623  609  608.695033127  21.8785737248  0.0112706174572
1.58898155865  623  632  630.923078621  23.762342461  -0.00569367244957
1.58898155865  623  654  653.647256249  28.7754826977  0.00625537462832
1.58898155865  623  678  677.329013442  29.4547753859  0.012257231976
1.58898155865  622  701  702.003839531  30.9161149629  0.0487011364526
1.58898155865  622  726  725.554129165  24.7770995692  0.008749313603
1.58898155865  622  749  749.855455585  23.6434721218  0.0402196365005
1.58898155865  621  774  774.002981152  20.4104811899  0.015822372408
1.58898155865  621  798  798.316186371  18.3264730769  0.0147972888812
1.58898155865  620  822  823.122258291  17.222714377  0.0347095547179
1.58898155865  619  848  847.739129005  15.229536429  0.00141845733171
1.58898155865  619  873  872.923040534  14.1666769535  0.00335747380885
1.58898155865  618  898  898.66669283  13.7638345118  0.020603856558
1.58898155865  617  924  924.398009475  12.8385956895  0.032535300493
1.58898155865  616  951  950.709168404  12.5871337193  0.00351080329558
1.58898155865  615  978  978.297504014  0.373507817727  -5.76398421744
1.58898155865  614  1005  1005.2929443  0.360952090467  -5.9606832379
1.76685155865  610  10  10.224568821  5.72136004188  0.0178314993266
1.76685155865  611  26  26.4871062405  6.0513484936  0.0280092647055
1.76685155865  611  43  42.8923505074  6.51139683134  -0.0168580034605
1.76685155865  612  59  59.4242485926  6.69568093704  -0.0047786868038
1.76685155865  613  76  76.0386770352  6.82902980156  -0.027834147838
1.76685155865  614  93  92.8415976507  6.92148773054  -0.0312415400214
1.76685155865  614  110  109.76280231  7.08211933263  -0.0241175452145
1.76685155865  615  127  126.785239194  7.29081641705  -0.0130556005806
1.76685155865  615  144  143.960450773  7.66194997132  -0.00485242851158
1.76685155865  616  161  161.24073077  8.36045826305  0.0205535642818
1.76685155865  617  179  178.596506448  8.63707936848  0.00329276673295
1.76685155865  617  196  196.212330221  9.76889135215  0.0249844091456
1.76685155865  618  214  213.808202791  11.0427565165  0.0159408228224
1.76685155865  618  232  231.72747001  12.522960889  0.00514894365058
1.76685155865  619  250  249.695478363  14.7981665195  0.0011324239007
1.76685155865  619  268  268.056902446  17.5238493534  0.0150311306779
1.76685155865  620  286  286.662513773  20.3335630008  0.0369083825192
1.76685155865  620  305  305.604029752  26.8362275914  0.0255617394364
1.76685155865  621  325  324.607204793  31.8503618985  0.0012874733927
1.76685155865  621  345  344.820746352  34.1051484909  0.00324760535602
1.76685155865  621  365  365.054478641  29.2404033189  0.0230850454615
1.76685155865  622  384  384.970620798  27.697947532  0.0608317897229
1.76685155865  622  404  403.940105864  23.1053260864  0.0214152032295
1.76685155865  622  423  423.88765023  22.1345161112  0.0537666237585
1.76685155865  622  443  443.587254449  20.5383512437  0.0409330151341
1.76685155865  622  463  463.355115162  19.1245306433  0.0400894163295
1.76685155865  622  483  483.326978718  17.6414085639  0.0346356092652
1.76685155865  623  504  503.411835233  17.2407701911  0.00846981011307
1.76685155865  623  524  523.980080461  17.3428458  0.0248667701895
1.76685155865  623  545  544.613907158  17.4724088314  0.0101723283371
1.76685155865  623  566  565.672308707  17.8443299557  0.0106947321461
1.76685155865  623  587  587.092807559  20.2932412255  0.0206025988751
1.76685155865  622  609  608.788599573  21.9454720465  0.0108303187898
1.76685155865  622  632  631.322060067  0.287226759478  -8.30623144579
1.76685155865  622  655  653.683512861  27.6650780695  -0.0185130883964
1.76685155865  622  678  677.380930176  28.8400982736  0.00802971280759
1.76685155865  622  701  701.823116806  30.6070080421  0.0469166411233
1.76685155865  621  726  725.668753585  25.345385636  0.0124288868871
1.76685155865  621  749  750.06961478  23.8060136788  0.046681172095
1.76685155865  620  774  774.194675491  20.3285195987  0.0193349395757
1.76685155865  620  798  798.457575423  18.2333285165  0.0197128587396
1.76685155865  619  823  823.055179108  16.4575947415  0.00833720192103
1.76685155865  618  848  847.981344562  15.1306338776  0.00564165479664
1.76685155865  618  873  873.14192226  14.5278781296  0.0127040525148
1.76685155865  617  899  898.696635766  13.3305687965  0.00305767044473
1.76685155865  616  924  924.566075996  13.0086374008  0.0338637056295
1.76685155865  615  951  950.928569686  12.6240352756  0.0106497483162
1.76685155865  614  978  977.631230696  12.8458991985  0.0156913566228
1.76685155865  613  1005  1004.65922487  12.8273821242  0.0208763571898
1.94472155865  609  10  10.2994964589  5.81262457963  0.0220610058512
1.94472155865  610  26  26.5369335054  6.15017843446  0.024900017779
1.94472155865  610  43  42.9532124824  6.32306234734  -0.00610036658334
1.94472155865  611  59  59.4935435859  6.7166603182  -0.00791463585588
1.94472155865  612  76  76.1189597112  6.89038294376  -0.0275130060391
1.94472155865  613  93  92.8508903558  7.0214354962  -0.0304251729699
1.94472155865  613  110  109.842795459  7.08250588623  -0.0234891687207
1.94472155865  614  127  126.859075857  7.3795412737  -0.0124061456552
1.94472155865  615  144  144.002038654  7.63228720292  0.00184728882638
1.94472155865  615  161  161.346146768  8.29622343396  0.0221591552948
1.94472155865  616  179  178.673353379  8.63818577882  0.00378541152236
1.94472155865  616  196  196.329449726  9.74300381946  0.0288192671442
1.94472155865  617  214  213.87684251  11.0191056541  0.0174504869579
1.94472155865  617  232  231.768491912  12.4548769782  0.00816848405565
1.94472155865  618  250  249.693762129  14.5658422387  0.00345156155949
1.94472155865  618  269  267.925538625  17.8186630409  -0.028862404926
1.94472155865  619  287  286.419605347  21.2851036422  -0.00929801640326
1.94472155865  619  306  305.51278164  25.7513864634  -0.00943707845885
1.94472155865  620  325  324.853957699  32.018454399  0.0048702520631
1.94472155865  620  345  344.982171068  35.1176719775  0.0104258242727
1.94472155865  620  365  365.356589623  29.636521926  0.0363440685663
1.94472155865  621  384  384.907327948  26.4106604377  0.0627471592536
1.94472155865  621  403  404.693763567  0.764793482435  0.09695722485
1.94472155865  621  424  423.838966311  20.5838112865  0.0167641235588
1.94472155865  621  443  443.695848081  20.1265478784  0.0473213453073
1.94472155865  621  463  463.540086925  18.9403866944  0.0416946314401
1.94472155865  622  483  483.469312534  17.7781134121  0.04075126927
1.94472155865  622  503  503.760096884  17.6886093543  0.0490361469372
1.94472155865  622  524  524.151000387  17.3413526265  0.0293177367687
1.94472155865  622  545  544.790227989  17.5335208952  0.0133373162245
1.94472155865  622  566  565.906919593  17.9455355285  0.0159376513774
1.94472155865  622  587  587.216341535  20.3527600641  0.0237180647082
1.94472155865  621  609  609.02734059  21.8896857762  0.0154829983776
1.94472155865  621  631  631.311777985  24.2004424971  0.0270046568658
1.94472155865  621  654  653.996411687  29.0490702381  0.0163951933887
1.94472155865  621  678  677.45723962  29.0888647012  0.0115631389076
1.94472155865  621  701  701.34879282  31.9564856319  0.0
1.94472155865  620  726  725.900218472  25.5991863455  0.0199469019084
1.94472155865  620  749  750.288499245  0.319211142233  0.0584612077627
1.94472155865  619  774  774.39075376  20.5470017464  0.0246683076955
1.94472155865  619  798  798.612647618  18.3051482362  0.0212388071154
1.94472155865  618  823  823.198997212  16.5955797474  0.0139654248015
1.94472155865  618  848  848.168377443  15.1917850293  0.0117645776203
1.94472155865  617  873  873.348766397  14.4236997667  0.0162614414642
1.94472155865  616  899  898.925716171  13.7434983123  0.0093598027283
1.94472155865  615  925  924.709124961  13.0146771881  0.0221366185527
1.94472155865  614  951  951.087372423  12.5848514122  0.00898605852457
1.94472155865  613  978  977.793497395  12.8677991216  0.0169830992983
1.94472155865  612  1005  1004.79600495  12.754551643  0.0233810964874
2.12259155865  608  10  10.3741552814  5.77491522703  0.0232521527049
2.12259155865  609  27  26.5515070935  6.26911820465  -0.0146370887713
2.12259155865  609  43  43.0053758695  6.35928703712  -0.00908508076709
2.12259155865  610  59  59.5661154166  6.6585247187  -0.00488226319093
2.12259155865  611  76  76.2006233136  6.84542744121  -0.0249909248187
2.12259155865  612  93  92.9495676718  7.01690961032  -0.0294632939704
2.12259155865  612  110  109.89851593  7.10161268792  -0.0215132340315
2.12259155865  613  127  126.977510567  7.31713527663  -0.0079924238314
2.12259155865  614  144  144.087827913  7.67576061406  0.00602952427613
2.12259155865  614  161  161.454223083  8.41539270857  0.0230226564939
2.12259155865  615  179  178.034956303  19.3045403101  -99.5116255994
2.12259155865  615  196  196.372276167  9.78532754274  0.0316554055901
2.12259155865  616  214  213.979264661  10.9690596877  0.0161026846448
2.12259155865  616  232  231.903579415  12.3623538904  0.0221789020141
2.12259155865  617  250  249.760004362  14.7215526084  0.0032562763954
2.12259155865  617  269  267.983743913  17.7693448043  -0.0221159388483
2.12259155865  618  287  286.434724082  21.4654542119  -0.0120474526692
2.12259155865  618  305  305.96066555  26.8404643647  0.0351399008727
2.12259155865  619  325  324.991820161  0.416685437924  0.0154161354538
2.12259155865  619  345  345.234533821  35.30633076  0.02148467438
2.12259155865  619  365  365.311898444  32.0880849779  0.0361617713791
2.12259155865  620  385  367.782055974  62.8607079077  -86.9250798566
2.12259155865  620  405  404.285378398  22.4031816395  -0.00507618625644
2.12259155865  620  423  424.284107134  22.1659180277  0.0699130730028
2.12259155865  620  443  443.345898803  20.3945101124  0.0
2.12259155865  620  464  463.463497268  17.5944563558  0.0162898447086
2.12259155865  621  483  483.597149134  17.8419251872  0.0465709373538
2.12259155865  621  503  503.978264925  18.4597276336  0.0529357641111
2.12259155865  621  525  525.30917007  0.390615153586  -6.99572208698
2.12259155865  621  545  544.983654953  17.6283134094  0.0190863797761
2.12259155865  621  565  566.20620766  19.142933667  0.0565794677443
2.12259155865  621  587  587.445487146  19.9273575558  0.0300296181477
2.12259155865  621  609  608.941175564  22.4880577381  0.00427565616148
2.12259155865  620  631  631.619726503  26.4377137521  0.0324570514645
2.12259155865  620  655  653.821210688  28.8952929147  -0.00998265516745
2.12259155865  620  679  677.347743183  29.2429864177  -0.0136074456801
2.12259155865  620  701  702.438699586  0.505150391795  0.0610271184834
2.12259155865  619  726  726.186843007  26.8733151753  0.0289443016536
2.12259155865  619  750  750.163640942  23.0724433612  0.0303978090788
2.12259155865  618  774  774.517226362  20.105029136  0.0192638132731
2.12259155865  618  798  798.833382763  0.224365641641  0.0305170949604
2.12259155865  617  823  823.477187444  16.7214594954  0.0201835147306
2.12259155865  617  848  848.492982926  15.6330321193  0.0141961606856
2.12259155865  616  873  873.599052256  14.6680364383  0.0220866867932
2.12259155865  615  899  899.097845139  13.671075481  0.0158714178127
2.12259155865  614  925  924.845710593  12.9690022237  0.0236667564897
2.12259155865  613  951  951.329602076  12.6220855303  0.0132974825422
2.12259155865  612  978  978.011088327  12.8643172369  0.0186078526102
2.12259155865  611  1005  1005.00530239  12.7109969532  0.0298584197057
