# Band 2C   Etalon 1A   Slice 5
# Distortion map version 06.04.00 - date 2018-10-09
# Trace (isoalpha): Take pixel trace along specified slice, specified alpha position trace is built by taking the pixel in every detector row with alpha value closest to the one specified 
# xpos[i] = np.argmin(alpha_img[i,:])+funcs.find_nearest(alpha_img[i,:][(slice_img[i,:]!=0)],alpha_pos)
#    alpha       x  y      center         FWHM          skewness
0.0  762  9  8.71784174955  5.86237497942  -0.00754232850883
0.0  763  25  24.7517828508  6.20377102766  -0.0220669731394
0.0  764  41  40.9783238881  6.42484870524  -0.0177809866165
0.0  765  57  57.323374799  6.65654920082  -0.00743661566936
0.0  766  74  73.7566277941  6.82427782458  -0.0221171489245
0.0  766  90  90.286367194  7.15887442424  -0.00126103464445
0.0  767  107  107.015110364  7.42854009156  -0.00596818039835
0.0  768  124  123.873217405  7.82977048757  -0.00360268886322
0.0  768  141  140.803400738  8.38720851226  0.00171080863502
0.0  769  158  157.941296361  9.0790183948  0.015490154625
0.0  770  175  175.201253497  10.4120720249  0.0212445616302
0.0  770  193  192.506866215  11.0851971262  0.00136236269262
0.0  771  210  210.147360668  13.4477264068  0.0229536550292
0.0  771  228  227.916848052  15.604483228  0.0141233335375
0.0  772  246  245.968143231  18.2895315065  0.0117788178865
0.0  772  265  264.020488497  21.4818156049  -0.0279160729486
0.0  773  283  282.986452684  24.3647033747  0.0123190329281
0.0  773  302  302.331095591  26.8217535953  0.029530872978
0.0  774  321  321.354336274  25.7180698337  0.0178815734286
0.0  774  339  340.741123992  0.773684359704  0.0890331256894
0.0  774  359  359.442957209  25.3883782525  0.033547339377
0.0  775  379  378.219207738  21.1923807471  -0.007389635522
0.0  775  397  397.591863228  21.5396916003  0.0452881856251
0.0  775  417  416.675071707  18.8222801682  0.0151270657621
0.0  775  436  436.120511196  18.8474112699  0.0332437488443
0.0  776  456  455.564224988  17.5862875039  0.0102196956046
0.0  776  475  475.578521086  18.1445744281  0.0432392506622
0.0  776  495  495.648762521  18.5702311065  0.0466217784016
0.0  776  516  515.863835342  19.1672893994  0.0162781591189
0.0  776  537  536.333786912  20.0048533043  0.00288213560676
0.0  776  558  557.427231247  21.4034937019  0.00355258265838
0.0  776  579  578.885524189  25.0849409513  0.0141564402085
0.0  776  602  600.515992483  26.2777573766  -0.0226824067019
0.0  776  625  624.341574881  0.35865625021  -8.11232081043
0.0  775  647  646.688259242  29.5541663012  0.0270263826467
0.0  775  670  670.224993634  27.0841348943  0.0289247730555
0.0  775  693  693.80190759  24.5679990995  0.0447827632761
0.0  774  717  716.970917012  19.7621429993  0.0174922320121
0.0  774  740  740.667746177  0.221905340011  0.0299096163573
0.0  774  764  764.438732586  16.3831638128  0.0197939686665
0.0  773  788  788.548098295  15.0045350262  0.0189822852934
0.0  772  813  812.921240124  14.0412683164  0.0092570882893
0.0  772  837  837.526849212  13.0698495329  0.0176219790803
0.0  771  862  862.519400814  12.8978055104  0.0186520286338
0.0  770  888  887.672697514  12.2717132884  0.0205492861107
0.0  769  913  913.601961442  12.2900796514  0.0178435871478
0.0  768  940  939.63146076  12.8210322427  0.0139457044063
0.0  767  966  966.102995459  12.9790396494  0.0296502263554
0.0  766  993  993.135253182  12.813466735  0.0270118311144
-1.84647493417  772  9  9.30552762689  5.79825523073  0.00522456961961
-1.84647493417  773  25  25.2984349069  6.31563340465  0.0120078172563
-1.84647493417  773  41  41.4336319332  6.17971917284  0.013170575083
-1.84647493417  774  58  57.7218640863  6.5417977147  -0.027416394853
-1.84647493417  775  74  74.1612460183  6.82830221163  -0.0219682435794
-1.84647493417  776  91  90.7212163021  7.31370191859  -0.0113724904221
-1.84647493417  776  107  107.424712473  7.10973305023  0.0327045678983
-1.84647493417  777  124  124.288188419  7.86317683039  0.00967359844444
-1.84647493417  778  141  141.29111558  8.58249973389  0.021858626703
-1.84647493417  778  158  158.332751643  8.83011731187  0.0466458430254
-1.84647493417  779  175  175.641732878  10.5879420849  0.0333199608844
-1.84647493417  780  193  192.695534264  12.9712983895  0.00187979338358
-1.84647493417  780  211  210.449451151  13.7126572822  -0.0103222782629
-1.84647493417  781  229  228.653718364  17.5752951047  0.0127510029663
-1.84647493417  781  247  246.301240607  18.657772682  -0.0185098057326
-1.84647493417  782  265  265.487446968  22.2583780766  0.035764165283
-1.84647493417  782  283  283.613799924  26.0878466677  0.0173056709035
-1.84647493417  783  303  302.438812439  0.436014895465  0.0427429943654
-1.84647493417  783  321  321.636745437  0.287568088882  0.0231080969417
-1.84647493417  783  340  340.220845096  20.804810933  0.0809556794618
-1.84647493417  784  359  359.60697801  23.4047721082  0.012978049394
-1.84647493417  784  379  378.41210153  20.8321483011  -0.0086715153632
-1.84647493417  784  397  397.693258422  21.4884314931  0.0423546239892
-1.84647493417  785  417  416.980079296  20.8013901455  0.0402501500925
-1.84647493417  785  436  436.291597308  0.22987606712  0.0296624752602
-1.84647493417  785  455  455.860466734  19.4805085358  0.0521405750041
-1.84647493417  785  476  475.420175367  18.9699509654  0.00460448156847
-1.84647493417  785  496  495.53279514  19.1001549172  0.0107800239391
-1.84647493417  785  516  515.908632845  20.0305902197  0.0199604059205
-1.84647493417  785  536  536.608486606  21.950094936  0.0396148371776
-1.84647493417  785  558  557.394785149  21.786019531  0.00237960634909
-1.84647493417  785  579  578.879391417  25.9000201651  0.0166712010464
-1.84647493417  785  601  600.862285316  27.6823440098  0.0179524043481
-1.84647493417  785  624  623.451791827  29.0159543684  0.0236194763193
-1.84647493417  785  647  646.271795681  29.2142822724  0.0309772901372
-1.84647493417  785  670  669.076217797  30.8894235523  -0.0259616070637
-1.84647493417  784  693  693.371218496  23.2689530996  0.0454661592693
-1.84647493417  784  716  716.826825482  22.1803176183  0.0611589127467
-1.84647493417  783  742  741.79687489  18.7259744244  0.017284349836
-1.84647493417  783  764  764.054773763  16.9863507542  0.0308049175581
-1.84647493417  782  790  789.183257707  16.2772417605  0.0117616411323
-1.84647493417  782  812  812.45738  0.16917522237  0.0377192337608
-1.84647493417  781  837  837.012707072  12.5201668593  -0.00709474401627
-1.84647493417  780  864  865.899242349  0.117844322322  12.9174040697
-1.84647493417  780  887  886.958576233  13.1571493968  0.026066812698
-1.84647493417  779  913  912.946704268  12.6745117731  0.0244414242199
-1.84647493417  778  939  939.060848507  0.158018197245  0.0439153220967
-1.84647493417  777  966  966.301590044  0.373674942077  -5.73283718927
-1.84647493417  776  992  992.248718615  14.1496432237  0.0270576586576
-1.66860493417  771  9  9.21495003595  5.8588156522  0.00435968966892
-1.66860493417  772  25  25.2594256568  6.09230930398  -0.00539393384196
-1.66860493417  772  41  41.3803240148  6.40950105683  -0.000538109567217
-1.66860493417  773  58  57.6632916374  6.70101136662  -0.0356459659491
-1.66860493417  774  74  74.1364961689  6.87714422613  -0.0148960417664
-1.66860493417  775  91  90.6855942642  7.1198626842  -0.0185357602424
-1.66860493417  775  107  107.442238861  7.44893813757  0.0080784402599
-1.66860493417  776  124  124.263613325  7.78562028684  0.0123325234157
-1.66860493417  777  141  141.216067319  8.37223961726  0.0176764267753
-1.66860493417  777  158  158.2877008  9.14924261156  0.0225582198028
-1.66860493417  778  175  175.546453632  10.4622136858  0.0384762741432
-1.66860493417  779  193  192.936781622  11.8005538972  0.0183933442936
-1.66860493417  779  211  211.315257132  0.0801513543613  -6.04112202409
-1.66860493417  780  228  228.303868763  15.7450829822  0.0246690035488
-1.66860493417  780  247  247.308528343  0.364695820816  -6.85562201354
-1.66860493417  781  265  264.489149817  21.2789277926  -0.0121182613676
-1.66860493417  781  283  283.19934648  25.0217370334  0.0195979816052
-1.66860493417  782  302  302.356736963  26.295966735  0.0286758299035
-1.66860493417  782  321  321.502241104  25.2013203998  0.0308629514335
-1.66860493417  783  340  340.547752438  24.8906983753  0.0412251961423
-1.66860493417  783  359  359.647302772  24.8305924989  0.0419440784061
-1.66860493417  783  379  378.384625584  20.5944107564  -0.000442669257452
-1.66860493417  783  397  397.683432358  21.106356052  0.0459988923824
-1.66860493417  784  417  416.75230214  19.3939423772  0.0198910752071
-1.66860493417  784  436  436.294677683  19.5908349439  0.0375879341284
-1.66860493417  784  456  455.658398835  17.9773850276  0.0161892528421
-1.66860493417  784  475  -11576.9962342  49599.8407472  -0.120938708558
-1.66860493417  784  496  495.468417103  18.4577752576  0.00812572041751
-1.66860493417  784  516  515.886907305  19.2492900865  0.0185623106236
-1.66860493417  784  537  536.351010887  20.2454625776  0.00233795100669
-1.66860493417  784  557  557.617080325  22.8599570975  0.0353695695427
-1.66860493417  784  579  578.846767283  25.0942079085  0.0122902326526
-1.66860493417  784  601  600.951229561  0.331198641398  0.0191860952681
-1.66860493417  784  624  623.353674812  29.8277786963  0.0170845413791
-1.66860493417  784  647  646.487430912  29.8092855606  0.0235288361462
-1.66860493417  784  670  670.157967145  26.5139055847  0.0343601621327
-1.66860493417  783  693  693.575983318  24.7638937912  0.0422244772017
-1.66860493417  783  717  716.857915051  19.5864745829  0.0156491515733
-1.66860493417  783  740  740.491323997  18.5610648937  0.019665831644
-1.66860493417  782  764  764.20518997  16.4280673661  0.0177144669818
-1.66860493417  782  788  788.16283694  15.2735192145  0.00985035484732
-1.66860493417  781  812  812.646737847  13.987982627  0.022822083948
-1.66860493417  780  837  837.302846167  13.1082927036  0.0122621689787
-1.66860493417  780  862  862.184215331  12.8948550561  0.0171211706953
-1.66860493417  779  887  887.359706033  12.5188152136  0.0327336751105
-1.66860493417  778  913  913.220410019  12.4325428513  0.0165949575626
-1.66860493417  777  939  939.335400817  12.7456557474  0.0284304697081
-1.66860493417  776  966  965.766014728  12.9402562179  0.0215839511943
-1.66860493417  775  993  992.605097492  13.0273435498  0.0208939653286
-1.49073493417  770  9  9.16375888903  5.82199157092  0.00101614612111
-1.49073493417  771  25  25.2169392428  6.11648573165  -0.00127013090105
-1.49073493417  772  41  41.3896385834  6.43254162322  -0.00117232812977
-1.49073493417  772  58  57.6290115412  6.65879026954  -0.0297861768048
-1.49073493417  773  74  74.1055465899  6.84335343321  -0.0158093920834
-1.49073493417  774  91  90.649645318  7.12147285096  -0.0254500128174
-1.49073493417  775  107  107.400835871  7.47900877849  0.00862172512333
-1.49073493417  775  124  124.19876203  7.79296365096  0.00775485423122
-1.49073493417  776  141  141.168631848  8.2880998885  0.0139204327063
-1.49073493417  777  158  158.223458477  9.17052040946  0.0210776639693
-1.49073493417  777  175  175.488655671  10.3340731027  0.0340052635397
-1.49073493417  778  193  192.866342799  11.5909808969  0.0127335989992
-1.49073493417  778  211  211.292627355  0.398345110899  -5.98681068527
-1.49073493417  779  228  228.169442787  15.7065359631  0.0244700392813
-1.49073493417  779  247  247.335592827  0.375976542913  -6.95260301478
-1.49073493417  780  265  264.456209753  21.234792936  -0.0110964956129
-1.49073493417  780  283  283.13269177  24.6604916071  0.0205652419156
-1.49073493417  781  302  302.409286818  27.2891580394  0.0308300354059
-1.49073493417  781  321  321.34963683  26.087852429  0.0241227033678
-1.49073493417  782  340  340.70733092  24.6359037027  0.0343408984478
-1.49073493417  782  359  359.729354601  25.1635199435  0.0478634938507
-1.49073493417  782  379  378.457796297  20.7333693158  0.0015361553413
-1.49073493417  783  397  397.673008621  21.4042701516  0.0486113159699
-1.49073493417  783  417  416.911440263  18.9735934009  0.0254500854841
-1.49073493417  783  436  436.253937463  0.220324022251  0.0324030557704
-1.49073493417  783  455  455.852540926  18.7658484992  0.0542558585011
-1.49073493417  783  476  475.405646416  18.0715837904  0.00533940516318
-1.49073493417  783  496  495.467968414  18.2204151735  0.00469271566795
-1.49073493417  784  516  515.874974334  19.0775399924  0.0161030005495
-1.49073493417  784  537  536.351010887  20.2454625776  0.00233795100669
-1.49073493417  784  557  557.617080325  22.8599570975  0.0353695695427
-1.49073493417  783  579  578.790004362  24.9316869197  0.0148668267569
-1.49073493417  783  601  600.820300336  26.9819482996  0.0160198658563
-1.49073493417  783  624  623.323563732  29.7194216854  0.0137626859937
-1.49073493417  783  647  646.648723472  29.6749384212  0.0237616959975
-1.49073493417  783  670  670.183395016  26.8804972742  0.0350111574739
-1.49073493417  783  692  694.105475349  27.2129416206  0.096258044198
-1.49073493417  782  717  716.927085676  19.8747644785  0.0139615493824
-1.49073493417  782  740  740.576844375  18.2852064921  0.0265854447497
-1.49073493417  781  764  764.233420116  16.4672631473  0.0192472885861
-1.49073493417  781  788  788.303638806  14.8990254766  0.0144558467127
-1.49073493417  780  812  812.711239955  13.9868261485  0.022009613356
-1.49073493417  779  837  837.277567403  13.3481177036  0.0187954894624
-1.49073493417  779  862  862.288044479  12.6133091375  0.0192929597836
-1.49073493417  778  887  887.451224644  12.5804908851  0.0323538953232
-1.49073493417  777  913  913.249203596  12.3923402339  0.0122089885279
-1.49073493417  776  940  940.313322695  0.373024622847  -5.88811775246
-1.49073493417  775  966  965.853472911  12.9486942789  0.0219603208021
-1.49073493417  774  993  992.669604102  13.231023177  0.0189996293772
-1.49073493417  773  1020  1026.05593507  35.2328987588  176.254941287
-1.31286493417  769  9  9.08788647184  5.84931227272  -0.00173296805801
-1.31286493417  770  25  25.149973159  6.07294091392  -0.00821752312141
-1.31286493417  771  41  41.3573847755  6.46659754236  0.00217708346314
-1.31286493417  771  57  57.676388397  6.67869385178  0.00128429578576
-1.31286493417  772  74  74.0591294066  6.82323859339  -0.0118931452765
-1.31286493417  773  91  90.6023572843  7.10426030601  -0.0251660973153
-1.31286493417  774  107  107.367159939  7.48619865491  0.00737734396448
-1.31286493417  774  124  124.143948306  7.84325388268  0.0114382193428
-1.31286493417  775  141  141.139572653  8.35991484847  0.0125748036384
-1.31286493417  776  158  158.259696981  9.1570903421  0.0222264660909
-1.31286493417  776  175  175.51112981  10.3784178407  0.0380409605908
-1.31286493417  777  193  192.759993021  11.6122954524  0.00427074386436
-1.31286493417  777  211  210.201221645  12.7474150911  -0.0152050432152
-1.31286493417  778  228  228.211776274  15.6288227143  0.0213478843077
-1.31286493417  778  247  247.334524774  0.377032717232  -6.93329409503
-1.31286493417  779  265  264.497141574  21.3398882317  -0.00559825087955
-1.31286493417  779  283  283.118452809  24.5814501481  0.0125000895549
-1.31286493417  780  302  302.299504815  26.6610493623  0.0225106882274
-1.31286493417  780  321  321.498856939  26.3981462295  0.0270616296384
-1.31286493417  781  340  340.559886091  24.5324446075  0.0285317335747
-1.31286493417  781  359  359.718080061  24.8020533668  0.0490420813363
-1.31286493417  781  379  378.406313086  20.5595433705  -0.000612618791833
-1.31286493417  782  397  397.701610813  21.324170278  0.0494772459921
-1.31286493417  782  417  416.863284703  18.6716085167  0.0222019237965
-1.31286493417  782  435  436.592636105  0.269055160871  0.0807623797253
-1.31286493417  782  455  455.849112086  18.6956705099  0.0544511694307
-1.31286493417  782  475  475.527653299  18.3726758925  0.0414475080009
-1.31286493417  783  496  495.460135632  18.4112280263  0.00907606056061
-1.31286493417  783  516  515.810341013  18.7692533423  0.0159623883196
-1.31286493417  783  536  536.522881605  19.8219252253  0.0349056079765
-1.31286493417  783  557  557.540506671  22.689375595  0.0367754092083
-1.31286493417  783  579  578.7707238  24.513663647  0.0103706575504
-1.31286493417  782  601  601.010999716  26.3112662784  0.015079376914
-1.31286493417  782  624  623.302302032  29.7792054581  0.00719626742039
-1.31286493417  782  647  646.512068863  29.1283912946  0.0209574677607
-1.31286493417  782  670  670.131921143  27.4570460912  0.0317433065019
-1.31286493417  782  692  694.206754327  0.866062292238  0.0940417629562
-1.31286493417  781  717  716.892309746  19.9697962791  0.0152313529728
-1.31286493417  781  740  740.56423602  18.4674110658  0.0280620569265
-1.31286493417  780  764  764.306616441  16.2573093042  0.0163305171276
-1.31286493417  780  788  788.305323551  14.9202282892  0.0166960437443
-1.31286493417  779  813  812.634846311  13.9281224634  0.00164208684702
-1.31286493417  779  837  837.433622821  13.3131144689  0.01538243903
-1.31286493417  778  862  862.342819839  12.5972310046  0.0229771565919
-1.31286493417  777  887  887.48378613  12.6134114755  0.0336165800618
-1.31286493417  776  913  913.290674266  12.4186427  0.0112663961516
-1.31286493417  775  939  939.457680119  12.6850673434  0.0278088955517
-1.31286493417  774  966  965.931555585  12.8573299528  0.0206393517285
-1.31286493417  773  993  992.740414429  13.1598331562  0.0233238665152
-1.31286493417  772  1020  1018.81208691  10.715476049  0.0
-1.13499493417  768  9  9.05648492162  5.86826260496  3.10754922699e-05
-1.13499493417  769  25  25.1001196407  6.11893146203  -0.00919691330283
-1.13499493417  770  41  41.2757301055  6.39353886791  -0.00804537125944
-1.13499493417  771  57  57.6024302355  6.68443503288  0.00248473541455
-1.13499493417  771  74  73.98230392  6.87780141262  -0.0195740305771
-1.13499493417  772  91  90.5558248918  7.12202068806  -0.0251891801953
-1.13499493417  773  107  107.356564289  7.43256554179  0.00861965306335
-1.13499493417  773  124  124.100870254  7.90310689704  0.00626401796696
-1.13499493417  774  141  141.082487076  8.48174478386  0.0133996644184
-1.13499493417  775  158  158.206414326  9.14270525979  0.0238549970106
-1.13499493417  775  175  175.401262572  10.3271010699  0.0277931369806
-1.13499493417  776  193  192.764644114  11.014060302  0.015093322744
-1.13499493417  776  210  210.291622956  13.3051037889  0.0195197415784
-1.13499493417  777  228  228.080898922  15.6180533099  0.019652608836
-1.13499493417  778  247  247.335909698  0.376836117696  -6.93801494997
-1.13499493417  778  265  264.359648713  21.6851425396  -0.0103435005673
-1.13499493417  779  283  283.043496495  24.3767269079  0.0148102176659
-1.13499493417  779  302  302.274432027  26.4917337139  0.0146299338087
-1.13499493417  779  321  321.467166624  26.5736202696  0.0224495368857
-1.13499493417  780  340  340.536211733  24.8154723528  0.0304215338971
-1.13499493417  780  359  359.637169245  25.0572421786  0.0456300157814
-1.13499493417  780  379  378.314751519  20.4848111045  0.00264987964002
-1.13499493417  781  397  397.739605457  21.5532977383  0.053480938061
-1.13499493417  781  417  416.846486902  18.8958124045  0.025584171498
-1.13499493417  781  436  436.266568143  17.8983468975  0.0345159155834
-1.13499493417  781  455  455.939720835  18.954672186  0.0570348474432
-1.13499493417  782  475  475.58965068  18.4752565354  0.0436998511854
-1.13499493417  782  496  495.470883987  18.2772556157  0.00655403426944
-1.13499493417  782  516  515.761485726  19.0226358554  0.012416337305
-1.13499493417  782  536  536.571920003  19.9362151044  0.0372078861069
-1.13499493417  782  557  557.58933018  22.4591744745  0.0314794895935
-1.13499493417  782  579  578.86608006  24.6102918332  0.013706075488
-1.13499493417  782  601  600.852701284  26.7753196164  0.0148066075354
-1.13499493417  781  624  623.261520578  29.380379989  0.00475593847844
-1.13499493417  781  647  646.678161066  29.2565426697  0.022140696517
-1.13499493417  781  670  669.946886967  26.5564426512  0.0225053680097
-1.13499493417  781  693  693.697791719  23.3230025024  0.0418011944337
-1.13499493417  780  716  717.263332046  21.2889955365  0.0485996941557
-1.13499493417  780  740  740.613736661  18.5685561906  0.026547010751
-1.13499493417  779  764  764.330161885  16.53880408  0.0214646971068
-1.13499493417  779  788  788.327113105  14.919420544  0.0157929648239
-1.13499493417  778  813  812.725977748  13.9444862173  0.00119952154554
-1.13499493417  778  837  837.307891231  13.1679027227  0.0145287702961
-1.13499493417  777  862  862.313485351  12.5970067093  0.0174454361809
-1.13499493417  776  887  887.473377698  12.5028471432  0.0306531591676
-1.13499493417  775  913  913.307279678  12.5099528667  0.015305336862
-1.13499493417  774  940  939.371467544  12.5651343967  0.00987989158738
-1.13499493417  773  966  965.876203096  12.8324688452  0.0197651725753
-1.13499493417  772  993  992.793246925  12.8978678916  0.0232353047497
-0.957124934171  767  9  8.97674445785  5.87823326421  -0.00742577093563
-0.957124934171  768  25  25.0434428284  6.11860206099  -0.00946153895384
-0.957124934171  769  41  41.2459859836  6.44125493929  -0.00844041455148
-0.957124934171  770  57  57.5740034443  6.63554525523  6.68851078104e-05
-0.957124934171  770  74  73.9622668826  6.81180151389  -0.0163739741062
-0.957124934171  771  91  90.5211084086  7.07928602651  -0.0261124705416
-0.957124934171  772  107  107.249345408  7.36354555695  -0.00103786247298
-0.957124934171  773  124  124.031479542  7.88589999458  0.00732906723581
-0.957124934171  773  141  141.046465636  8.39146403752  0.0130629601143
-0.957124934171  774  158  158.161937858  9.15541048699  0.0227593021388
-0.957124934171  774  175  175.362574518  10.3953976825  0.0283136772081
-0.957124934171  775  193  192.753075552  11.1202135489  0.0125550680902
-0.957124934171  776  210  210.323184674  13.2176097551  0.0207129647086
-0.957124934171  776  228  228.075044977  15.6529319269  0.0200611385501
-0.957124934171  777  246  246.242978139  18.7114821216  0.0215910959302
-0.957124934171  777  265  264.373129316  21.4992571835  -0.0103453984028
-0.957124934171  778  283  283.044752348  24.2505099836  0.00904837746458
-0.957124934171  778  302  302.279823518  26.2758922992  0.0258172278969
-0.957124934171  778  321  321.368237155  26.3648552877  0.0281499051499
-0.957124934171  779  340  340.534147732  24.7099814618  0.0376705802276
-0.957124934171  779  359  359.658824073  25.5852493642  0.0456098047723
-0.957124934171  780  379  378.442797732  20.4181473807  0.00203502092443
-0.957124934171  780  397  397.769272336  21.3695034355  0.0530569757972
-0.957124934171  780  417  416.873393725  18.9520452276  0.0245996591679
-0.957124934171  780  436  436.232581542  19.2648195359  0.0358160153932
-0.957124934171  780  456  455.695893314  17.6530273724  0.0199038466651
-0.957124934171  781  475  475.554596009  18.4103393349  0.0445131252351
-0.957124934171  781  496  495.455457305  18.3919337864  0.00554845159956
-0.957124934171  781  516  515.844596143  19.1082807768  0.0139899572366
-0.957124934171  781  537  -16438.0287722  69797.3956457  -0.116910993837
-0.957124934171  781  557  557.563355658  22.3498993375  0.031835664621
-0.957124934171  781  579  578.921883664  24.9496361828  0.0167807129273
-0.957124934171  781  601  600.783327874  26.7522335402  0.0124555181774
-0.957124934171  781  624  623.362044833  29.2420199077  0.00711048777839
-0.957124934171  780  647  646.673350275  29.5401222477  0.0199476851073
-0.957124934171  780  670  670.060915052  27.166117701  0.0272586792914
-0.957124934171  780  693  693.75286643  25.0053596331  0.0455925265118
-0.957124934171  779  717  716.906073896  19.9435132364  0.0154245756063
-0.957124934171  779  740  740.64031419  0.222924146473  0.0313437649747
-0.957124934171  779  764  764.399518502  16.3421077944  0.0187231480195
-0.957124934171  778  788  788.381669944  15.1340614965  0.0151730832692
-0.957124934171  777  812  812.840604593  14.111446324  0.0251042687091
-0.957124934171  777  837  837.333743289  13.1408692625  0.0144219917107
-0.957124934171  776  862  862.35864491  12.9045839406  0.0155839791809
-0.957124934171  775  888  887.471312517  12.1110784842  0.01884522218
-0.957124934171  774  913  913.391298398  12.5261174217  0.0124429407418
-0.957124934171  773  940  939.371676938  12.7518744842  0.0131726661435
-0.957124934171  772  966  965.922849474  12.7147041526  0.0190599659823
-0.957124934171  771  993  992.890181229  13.1733500412  0.0298711760979
-0.779254934171  766  9  8.91033364763  5.86792001595  -0.0130610106838
-0.779254934171  767  25  24.981427284  6.11555024028  -0.0109497341366
-0.779254934171  768  41  41.1736672312  6.35963403242  -0.0116095276197
-0.779254934171  769  57  57.5346770503  6.6712185857  0.00515051233629
-0.779254934171  769  74  73.9449183262  6.82648665677  -0.0174932629278
-0.779254934171  770  90  90.5106130198  7.07927906963  0.00528248637343
-0.779254934171  771  107  107.223270933  7.37607613272  0.000755847808143
-0.779254934171  772  124  124.057899068  7.82510210113  0.00317754267854
-0.779254934171  772  141  140.991116057  8.38050971124  0.0149341245661
-0.779254934171  773  158  158.150135643  9.15670417115  0.0263160090173
-0.779254934171  774  175  175.365105567  10.4210113467  0.0268723716406
-0.779254934171  774  193  192.668085811  11.2132347458  0.00836396268974
-0.779254934171  775  210  210.279064848  13.3980915103  0.0253761203115
-0.779254934171  775  228  228.127458415  15.627239701  0.0223768016559
-0.779254934171  776  247  247.324286897  0.38303188354  -7.04373999361
-0.779254934171  776  265  264.262483723  21.3371308433  -0.0163650291801
-0.779254934171  777  283  283.16029635  24.4076921217  0.0195169935174
-0.779254934171  777  302  302.231241783  0.323097930172  0.0204317696702
-0.779254934171  778  321  321.351728474  26.6838678807  0.032335662881
-0.779254934171  778  340  340.550872439  24.9409193978  0.0313173663303
-0.779254934171  778  359  359.696369052  25.1246335658  0.0472205274189
-0.779254934171  779  379  378.327155104  20.5356376769  -0.00171330971304
-0.779254934171  779  397  397.683741843  21.5006256168  0.0500197147014
-0.779254934171  779  417  416.914881577  18.8808213945  0.0245952115116
-0.779254934171  779  436  436.191757845  19.0736893018  0.0306680383067
-0.779254934171  780  456  455.673722201  17.6548796555  0.0136088363512
-0.779254934171  780  475  475.522035365  18.4533268678  0.0455105155063
-0.779254934171  780  495  -14280.9871392  60773.7069332  -0.121680006965
-0.779254934171  780  516  515.837876268  19.01035124  0.0148308953604
-0.779254934171  780  537  536.27849102  19.7957075384  -0.000217221749856
-0.779254934171  780  557  557.466051427  22.6366259497  0.0340546965879
-0.779254934171  780  579  578.994314962  0.302376720633  0.0213944832117
-0.779254934171  780  601  600.730568741  27.0011421829  0.0166880108234
-0.779254934171  780  624  623.230353387  28.3326832634  0.00495211602981
-0.779254934171  779  647  646.564757419  0.388764839614  0.0163050530311
-0.779254934171  779  671  669.953552708  26.1618014358  -0.00170702385675
-0.779254934171  779  693  693.697175666  25.347281099  0.0452224551196
-0.779254934171  778  717  716.979343319  19.5141947187  0.01044015581
-0.779254934171  778  740  740.619888355  0.227192467316  0.0309984792402
-0.779254934171  778  764  764.366205017  16.2974245922  0.019583497002
-0.779254934171  777  788  788.369709999  15.0880057683  0.0169795278614
-0.779254934171  776  813  812.786698202  13.8936602567  0.00441571168628
-0.779254934171  776  837  837.408128856  13.2177943714  0.0192103537729
-0.779254934171  775  862  862.369969029  12.4963534896  0.0160720968234
-0.779254934171  774  887  887.642838326  12.4766956284  0.0368849816939
-0.779254934171  773  913  913.413669451  12.4574360844  0.0133903341058
-0.779254934171  772  940  940.312915637  0.374194257526  -5.90463372169
-0.779254934171  771  966  965.905303375  12.7280736931  0.0219721007211
-0.779254934171  770  993  992.913187329  12.8094625776  0.023728788239
-0.601384934171  765  9  8.87538478608  5.87347151019  -0.0123204993202
-0.601384934171  766  25  24.9267119197  6.10051431734  -0.0130050958648
-0.601384934171  767  41  41.1279446251  6.36116641012  -0.0135442205643
-0.601384934171  768  57  57.4519477537  6.61999343261  -0.00377326841331
-0.601384934171  769  74  73.856870728  6.92160429577  -0.015246052083
-0.601384934171  769  90  90.4841853219  7.10745837779  0.00110766783603
-0.601384934171  770  107  107.137277878  7.44147915505  -0.00247487967494
-0.601384934171  771  124  124.009532699  7.88842532278  0.00726921571429
-0.601384934171  771  141  140.939581221  8.45361248038  0.0042602112912
-0.601384934171  772  158  158.079042421  9.08415308737  0.0210344792915
-0.601384934171  773  175  175.33024556  10.5935801254  0.0304604977823
-0.601384934171  773  193  192.642714644  11.2135704869  0.0104220902366
-0.601384934171  774  210  210.315057111  13.4974272925  0.0221822372714
-0.601384934171  774  228  228.105116461  15.5139392468  0.0223783536253
-0.601384934171  775  246  246.109581741  18.2283410863  0.0133786415338
-0.601384934171  775  265  264.141172806  0.260700758305  -0.024845643635
-0.601384934171  776  283  282.998268175  24.274149334  0.0127065796634
-0.601384934171  776  302  302.135006111  26.9217571274  0.0185116614344
-0.601384934171  777  321  321.364170242  26.784191293  0.035656363778
-0.601384934171  777  340  340.488994348  24.8824402256  0.0311320225107
-0.601384934171  777  359  359.731618877  25.0998698924  0.0468750722386
-0.601384934171  778  379  378.343182977  20.7461254114  -0.00186248214248
-0.601384934171  778  397  397.703173281  21.5730602913  0.0522064899691
-0.601384934171  778  417  416.868545917  18.6675195765  0.0215471513333
-0.601384934171  778  436  436.123785488  18.0250262446  0.0389827210145
-0.601384934171  779  455  455.978382361  18.7402983078  0.0585019309322
-0.601384934171  779  475  475.586703445  18.5896355378  0.0466962635319
-0.601384934171  779  495  495.623145302  18.5394625482  0.0444128211434
-0.601384934171  779  516  515.805377195  18.9152873656  0.0147148535937
-0.601384934171  779  537  536.401345778  19.7193800083  0.00380434867432
-0.601384934171  779  558  557.329218325  21.1141891239  -0.00281473490127
-0.601384934171  779  578  579.14822673  25.227334412  0.0531206411546
-0.601384934171  779  601  600.843979033  0.329990579322  0.0207903412035
-0.601384934171  779  624  623.19971586  28.3948422287  0.000870874107618
-0.601384934171  778  647  646.791401925  31.9363123348  0.0163350659057
-0.601384934171  778  671  670.050854879  25.9910072839  0.00357086867383
-0.601384934171  778  693  693.752992572  25.1827276233  0.0437640639074
-0.601384934171  778  717  716.889745895  19.6720355866  0.010378607589
-0.601384934171  777  740  740.63264673  0.22883393603  0.029356518648
-0.601384934171  777  764  764.377652361  16.5074341785  0.01900264749
-0.601384934171  776  788  788.463893398  15.0700565138  0.0178603556562
-0.601384934171  776  812  812.89273868  14.0697313696  0.0241078568501
-0.601384934171  775  837  837.446905061  13.27080119  0.0165252411639
-0.601384934171  774  862  862.385384512  12.7753492807  0.0188512441685
-0.601384934171  773  888  887.583248664  12.2333742957  0.0226845072906
-0.601384934171  773  913  913.53607001  12.4334249216  0.014673493943
-0.601384934171  772  939  939.525848918  12.8317759827  0.0315973674491
-0.601384934171  771  966  966.052365444  12.8377849347  0.0220876922763
-0.601384934171  769  993  992.890771024  12.9748282386  0.0280375530078
-0.423514934171  765  9  8.83235531572  5.93634435054  -0.00674601437602
-0.423514934171  765  25  24.8877638996  6.16460621728  -0.019049293433
-0.423514934171  766  41  41.0802022854  6.3833580053  -0.0195242280063
-0.423514934171  767  57  57.4110446768  6.62484031329  -0.00378783724831
-0.423514934171  768  74  73.8441163273  6.81590410548  -0.0218615817505
-0.423514934171  768  90  90.4245602756  7.08617439477  0.00214989819642
-0.423514934171  769  107  107.101796361  7.47494714577  -0.000230438229788
-0.423514934171  770  124  123.973931706  7.79412564667  0.000171702583939
-0.423514934171  770  141  140.8952356  8.43161240874  0.0061293092798
-0.423514934171  771  158  157.995286294  9.04129176491  0.0115043827554
-0.423514934171  772  175  175.302063092  10.4817635537  0.02266187672
-0.423514934171  772  193  192.610276784  11.6434907369  0.00681431033281
-0.423514934171  773  211  210.078803924  12.9099086829  -0.0200503611691
-0.423514934171  773  228  228.033960007  15.385853224  0.0142117205196
-0.423514934171  774  246  246.028109279  18.3826654904  0.0126605977705
-0.423514934171  774  265  264.166504441  21.3481476714  -0.0202322309324
-0.423514934171  775  283  282.914558614  24.4126490384  0.00938745084335
-0.423514934171  775  302  302.135080177  26.5258081329  0.0174765537773
-0.423514934171  776  321  321.363424006  25.6899838386  0.0249267751309
-0.423514934171  776  340  340.398761026  24.7355533612  0.0271159445383
-0.423514934171  776  359  359.490735171  24.8000884978  0.0415764405797
-0.423514934171  777  379  378.258003704  21.0598477073  -0.00711356610939
-0.423514934171  777  397  397.705463903  21.5620985476  0.0486727280372
-0.423514934171  777  417  416.72042545  18.75077786  0.0143754968478
-0.423514934171  778  436  436.211498745  18.0044036291  0.03592854197
-0.423514934171  778  455  455.969258199  18.8055146156  0.0595496001281
-0.423514934171  778  475  475.601772286  18.4975705976  0.0460944967791
-0.423514934171  778  495  495.549189193  18.6554761425  0.0403345663169
-0.423514934171  778  516  515.712231008  18.946086011  0.0123370360005
-0.423514934171  778  537  536.467319574  19.779106367  0.00723019863237
-0.423514934171  778  557  557.610381093  22.177659436  0.0334563782795
-0.423514934171  778  580  578.610467033  25.2292138632  -0.0195447303027
-0.423514934171  778  602  600.71510469  27.3678729931  -0.0112649240557
-0.423514934171  778  624  623.304126397  28.3673008836  0.00267473976514
-0.423514934171  778  647  646.496081631  32.1075808877  0.0157227582876
-0.423514934171  777  671  670.317969712  0.310034096995  -8.11160965876
-0.423514934171  777  693  693.645661501  25.0132690434  0.0405976867766
-0.423514934171  777  717  716.875280158  19.8538880692  0.0111190417762
-0.423514934171  776  740  740.699818805  0.225403127974  0.0283809816704
-0.423514934171  776  764  764.429241442  16.6098698769  0.0193965366489
-0.423514934171  775  788  788.45565738  14.9249375996  0.0193256648888
-0.423514934171  775  812  812.922923479  14.1066521287  0.0242333587401
-0.423514934171  774  837  837.435500722  13.2185995205  0.0178628014183
-0.423514934171  773  862  862.479654996  12.8664784049  0.021925084284
-0.423514934171  772  888  887.693907155  12.5487190784  0.0208856010407
-0.423514934171  772  914  913.438487341  11.9854643532  0.00309952286014
-0.423514934171  771  939  939.571567218  13.0120371661  0.0254642460528
-0.423514934171  770  966  966.074933283  12.8323877188  0.0254982142966
-0.423514934171  769  993  993.013945869  12.8880269063  0.0275033879928
-0.245644934171  764  9  8.8293506139  5.8578228884  -0.00823415311322
-0.245644934171  764  25  24.8331415471  6.13726704969  -0.0179990504349
-0.245644934171  765  41  41.0352888267  6.4031593598  -0.0188821634603
-0.245644934171  766  57  57.3701476394  6.64193613521  -0.00317241106318
-0.245644934171  767  74  73.8052788461  6.8518891865  -0.0211250880776
-0.245644934171  767  90  90.3920802295  7.13399482073  -0.000288314083631
-0.245644934171  768  107  107.053894217  7.46280537044  -0.00453460265408
-0.245644934171  769  124  123.885642487  7.78594629488  -0.00420289538081
-0.245644934171  770  141  140.874979269  8.45047777896  0.00138638904493
-0.245644934171  770  158  157.935549253  9.05189222209  0.0129504735911
-0.245644934171  771  175  175.257478205  10.4291373997  0.0227280464903
-0.245644934171  771  193  192.550880378  11.7113505853  -0.00185790270553
-0.245644934171  772  211  210.292194301  0.321394571807  -6.5100497426
-0.245644934171  773  228  227.840251244  15.6525244214  0.0119518386655
-0.245644934171  773  246  246.035286864  18.4186828591  0.0111000236552
-0.245644934171  774  265  264.182696729  21.8136954224  -0.0211881390522
-0.245644934171  774  283  283.001661227  24.3145485771  0.0128165244093
-0.245644934171  774  302  302.132145788  25.9637345656  0.0236107476334
-0.245644934171  775  321  321.293032146  25.9878096217  0.0200057451466
-0.245644934171  775  340  340.314978739  25.278445932  0.0187265277286
-0.245644934171  776  359  359.451625955  22.6281451058  0.0338154975692
-0.245644934171  776  378  378.544962246  21.5625452375  0.0402028523649
-0.245644934171  776  397  397.611520942  21.819090417  0.0502711486274
-0.245644934171  776  417  416.702952988  18.7811410402  0.0224516498994
-0.245644934171  777  436  436.097162959  0.219788072873  0.0288582197537
-0.245644934171  777  455  455.875585058  18.7124157078  0.0576573977909
-0.245644934171  777  475  475.579546094  18.3017101511  0.0427285131054
-0.245644934171  777  495  495.623111622  18.8907242904  0.0464018354761
-0.245644934171  777  515  516.041378362  20.3954681068  0.0531092454251
-0.245644934171  777  537  536.432915774  19.7955442223  0.00739826846987
-0.245644934171  777  557  557.661194865  22.5296079575  0.0349702835254
-0.245644934171  777  579  578.839008402  24.9402881676  0.0126266861037
-0.245644934171  777  602  600.705985133  26.7494926802  -0.0141431102169
-0.245644934171  777  624  623.246056921  28.6632871612  0.00566093262569
-0.245644934171  777  647  646.55506626  31.7516611261  0.0153491248085
-0.245644934171  776  671  669.885126467  25.8882153641  -0.00811714154075
-0.245644934171  776  693  693.71710584  24.9784909589  0.0439105234022
-0.245644934171  776  717  716.894395209  19.7794258202  0.0161705269182
-0.245644934171  775  740  740.649821201  0.222495357412  0.0316461711481
-0.245644934171  775  764  764.38420848  16.4183232634  0.0175676269333
-0.245644934171  774  788  788.527125962  14.8856289475  0.0185024951688
-0.245644934171  774  813  812.807432845  13.978416234  0.00631526377391
-0.245644934171  773  837  837.524850017  13.0831317267  0.0206602717092
-0.245644934171  772  862  862.516168426  12.8807541105  0.0166742420897
-0.245644934171  772  888  887.627038692  12.2909698503  0.0246316447254
-0.245644934171  771  913  913.552722414  12.3120382131  0.0136209636891
-0.245644934171  770  939  939.630312448  12.8968830689  0.0300465591961
-0.245644934171  769  966  966.121966279  13.007333565  0.0256522067203
-0.245644934171  768  993  993.038423671  12.9753703876  0.0291592651199
-0.0677749341714  763  9  8.78922836703  5.88596645739  0.000238323580093
-0.0677749341714  764  25  24.7930314619  6.18589287491  -0.0208917461237
-0.0677749341714  764  41  40.9761126225  6.41502131526  -0.0166061860516
-0.0677749341714  765  57  57.3252982447  6.6486707545  -0.00884134624023
-0.0677749341714  766  74  73.7543583515  6.83828212636  -0.0202048293314
-0.0677749341714  767  90  90.3421774412  7.17712332125  0.00204908468172
-0.0677749341714  767  107  107.020332389  7.44974048937  -0.00846332763818
-0.0677749341714  768  124  123.863989652  7.85997216664  -0.000313020417117
-0.0677749341714  769  141  140.806759162  8.4547344271  0.00706678602282
-0.0677749341714  769  158  157.909248288  9.09160956607  0.0139809817252
-0.0677749341714  770  175  175.183650681  10.4248792034  0.0211601898495
-0.0677749341714  770  193  192.504365074  11.0693263392  0.00262061179129
-0.0677749341714  771  210  210.156597633  13.4189985686  0.0219990881089
-0.0677749341714  772  228  227.958021212  15.4659852757  0.0119568771956
-0.0677749341714  772  246  245.968143231  18.2895315065  0.0117788178865
-0.0677749341714  773  265  264.030607646  0.270782106041  -0.0240609082541
-0.0677749341714  773  283  282.986452684  24.3647033747  0.0123190329281
-0.0677749341714  774  302  302.414150849  26.4362903812  0.0292180864062
-0.0677749341714  774  321  321.234510254  26.0684788041  0.0197769511255
-0.0677749341714  774  339  340.741123992  0.773684359704  0.0890331256894
-0.0677749341714  775  359  359.43048043  24.8763780821  0.0384411435528
-0.0677749341714  775  379  378.219207738  21.1923807471  -0.007389635522
-0.0677749341714  775  397  397.591863228  21.5396916003  0.0452881856251
-0.0677749341714  776  417  416.781527019  18.6514720436  0.0193089921304
-0.0677749341714  776  436  436.117950078  19.0065254906  0.0327682594933
-0.0677749341714  776  456  455.60694913  17.6525476988  0.0116373547177
-0.0677749341714  776  475  475.578521086  18.1445744281  0.0432392506622
-0.0677749341714  776  495  495.648762521  18.5702311065  0.0466217784016
-0.0677749341714  776  516  515.863835342  19.1672893994  0.0162781591189
-0.0677749341714  776  537  536.333786912  20.0048533043  0.00288213560676
-0.0677749341714  776  558  557.427231247  21.4034937019  0.00355258265838
-0.0677749341714  776  579  578.885524189  25.0849409513  0.0141564402085
-0.0677749341714  776  602  600.515992483  26.2777573766  -0.0226824067019
-0.0677749341714  776  625  624.341574881  0.35865625021  -8.11232081043
-0.0677749341714  776  647  646.634357599  29.3177620527  0.0255072696333
-0.0677749341714  776  670  670.006516654  26.7209611203  0.0248523978655
-0.0677749341714  775  693  693.80190759  24.5679990995  0.0447827632761
-0.0677749341714  775  717  716.988272353  19.7389204165  0.0168655262861
-0.0677749341714  774  740  740.711655532  0.220378188759  0.0290955773044
-0.0677749341714  774  764  764.408212097  16.463948588  0.0177857210713
-0.0677749341714  773  788  788.524995076  15.0442616534  0.0184988585565
-0.0677749341714  773  813  812.818614649  14.0761965089  0.00736355225948
-0.0677749341714  772  837  837.524315787  13.0796245181  0.0180779627152
-0.0677749341714  771  862  862.500711187  13.0222546318  0.0202736937134
-0.0677749341714  771  888  887.637613698  12.6255852325  0.0178131977202
-0.0677749341714  770  914  913.529685797  11.9515645524  0.00327718085938
-0.0677749341714  769  939  939.649101151  12.9142421949  0.0295739717258
-0.0677749341714  768  966  966.19412651  12.8387780528  0.0306037091728
-0.0677749341714  767  993  993.11269673  13.0000891125  0.0259637647133
0.110095065829  762  9  8.71234855312  5.8467118692  -0.00909105065679
0.110095065829  763  25  24.7659211629  6.23148661661  -0.0169737719956
0.110095065829  763  41  40.9329977122  6.53411483416  -0.0260059956286
0.110095065829  764  57  57.2490386059  6.58616844278  -0.0101010794938
0.110095065829  765  74  73.7054691784  6.79086251264  -0.0225629792497
0.110095065829  766  90  90.2863985427  7.15570043324  -0.00129253664768
0.110095065829  766  107  106.969133735  7.51284100616  -0.00736294033055
0.110095065829  767  124  123.823645722  7.86199426825  -0.00549413337769
0.110095065829  768  141  140.781032249  8.39465901234  -0.0026142019389
0.110095065829  768  158  157.929374984  8.95513989391  0.0187886869429
0.110095065829  769  175  175.172835862  10.462496189  0.0204854203234
0.110095065829  770  193  193.293566909  0.412256771995  -5.67002459918
0.110095065829  770  210  210.134001324  13.3420408837  0.0192984123804
0.110095065829  771  228  227.880650651  15.7081479897  0.0159859027377
0.110095065829  771  246  245.939375062  18.3852331456  0.00968913293216
0.110095065829  772  265  264.025765341  21.4304447212  -0.0350400193487
0.110095065829  772  283  282.876508791  24.4277036736  0.0104255799614
0.110095065829  773  302  302.300130602  27.3177457573  0.0313613039426
0.110095065829  773  321  321.219834811  25.964742307  0.0150962651622
0.110095065829  773  340  340.294237249  25.0999953199  0.0150454446976
0.110095065829  774  359  359.442957209  25.3883782525  0.033547339377
0.110095065829  774  379  379.277668008  0.376880800292  -7.91776688413
0.110095065829  774  397  397.616755039  21.7289608742  0.0499100401263
0.110095065829  775  417  416.655115486  18.8659101182  0.0162201492933
0.110095065829  775  436  436.120511196  18.8474112699  0.0332437488443
0.110095065829  775  456  455.623805431  17.8186651917  0.0151935901899
0.110095065829  775  475  475.585956445  18.1717955373  0.0482515271293
0.110095065829  775  495  -11830.6368676  50720.9928188  -0.122040864717
0.110095065829  775  516  515.883453937  19.082815588  0.0141931691586
0.110095065829  775  537  536.361767867  19.7510195139  0.00259404137274
0.110095065829  775  557  557.770241806  21.2794671814  0.0454904315022
0.110095065829  775  578  579.1236886  25.1337448833  0.0483980371673
0.110095065829  775  600  601.253433684  29.2994755783  0.0528453324151
0.110095065829  775  624  623.232312957  29.1953983153  0.00830885057754
0.110095065829  775  647  646.597334817  29.116029077  0.0241706946137
0.110095065829  775  670  670.155013128  27.0859412787  0.0306705032273
0.110095065829  774  693  693.750521423  24.8453183772  0.0422904560795
0.110095065829  774  717  716.992576132  19.8095904341  0.0193777661297
0.110095065829  774  740  740.570337098  18.4437803754  0.0268085919435
0.110095065829  773  764  764.467214429  16.5998098762  0.0196312095857
0.110095065829  773  788  788.597766258  15.0470126717  0.019200600784
0.110095065829  772  813  812.811723031  14.0433516898  0.0085347938365
0.110095065829  771  837  837.586210921  13.1276089358  0.0221581369192
0.110095065829  771  862  862.558133024  12.9678217138  0.0158990300652
0.110095065829  770  888  887.691572596  12.3132574496  0.0253031330105
0.110095065829  769  913  913.588105971  12.2069476976  0.0156369543969
0.110095065829  768  940  939.61554628  12.8020400886  0.0149634430122
0.110095065829  767  966  966.203304668  12.9850134362  0.0295160740084
0.110095065829  766  993  993.137255976  12.8532794763  0.0305756397092
0.287965065829  761  9  8.67002773626  5.90832222817  -0.0106635575843
0.287965065829  762  25  24.6805537102  6.19093715025  -0.0273985569815
0.287965065829  763  41  40.8455854899  6.44502747837  -0.0245616765618
0.287965065829  763  57  57.1994047977  6.65416833535  -0.0164325361447
0.287965065829  764  74  73.6380082491  6.85409869005  -0.0291227595816
0.287965065829  765  90  90.2749564325  7.14188025579  0.00262637525623
0.287965065829  765  107  106.977297288  7.55000777821  -0.00674487590602
0.287965065829  766  124  123.770977009  7.87579269791  -0.00576790808428
0.287965065829  767  141  140.738512516  8.40525652294  -0.00373111618855
0.287965065829  767  158  157.915630993  9.06085796019  0.0130453156463
0.287965065829  768  175  175.131869572  10.308086004  0.0206073218848
0.287965065829  769  193  192.445206241  11.1738662416  -0.00159735786879
0.287965065829  769  210  210.077213341  13.4307438125  0.0159173354666
0.287965065829  770  228  227.844688239  15.6964660193  0.0119076953033
0.287965065829  770  246  245.921599548  18.1515218663  0.0061577949919
0.287965065829  771  264  264.31191313  20.8237601485  0.0303620816365
0.287965065829  771  283  282.962331686  24.544670766  0.00830119279107
0.287965065829  772  302  302.129235448  26.5982784773  0.0173649055219
0.287965065829  772  320  321.708510524  28.8914512217  0.0921922400058
0.287965065829  772  339  340.531892468  29.781565784  0.0887909542581
0.287965065829  773  359  359.494924225  0.311533001912  0.036836829871
0.287965065829  773  379  379.276768002  0.376424806128  -7.9287191952
0.287965065829  773  397  397.66975791  21.774664611  0.0463517309008
0.287965065829  774  417  416.584992063  18.9405210543  0.0133498697913
0.287965065829  774  436  436.107787555  0.220864902501  0.0306760258445
0.287965065829  774  455  -21789.4582329  91411.0589797  -0.119614049149
0.287965065829  774  475  475.547538996  18.3047754616  0.0463965122862
0.287965065829  774  495  495.686473704  18.4852034898  0.04336528418
0.287965065829  774  516  515.880205596  18.9500258993  0.0178268476205
0.287965065829  774  537  536.389848591  19.9735536153  0.000724666407316
0.287965065829  774  558  557.427634378  21.1612028316  0.00375610987126
0.287965065829  774  579  578.926738744  25.023622412  0.0109508863322
0.287965065829  774  601  600.855622804  27.365199456  0.0174834270918
0.287965065829  774  624  623.346603689  29.1222752158  0.00713175429556
0.287965065829  774  647  646.917200913  29.4297416731  0.0287738089994
0.287965065829  774  670  670.276344454  27.1341622932  0.0374105512712
0.287965065829  773  693  693.733152346  25.3191866857  0.0458576506087
0.287965065829  773  717  717.050133607  19.9236536802  0.0189407956386
0.287965065829  773  740  740.686739283  0.227343098159  0.0293616398846
0.287965065829  772  764  764.548099273  16.5373728866  0.0235493660004
0.287965065829  772  788  788.480560193  14.8622883577  0.0216029453215
0.287965065829  771  813  812.840896222  13.9853274457  0.0058008657567
0.287965065829  770  837  837.569927567  13.0839699382  0.0177839753799
0.287965065829  770  862  862.571189528  12.9400802749  0.0202024318725
0.287965065829  769  888  887.704891308  12.5394683707  0.0229371098823
0.287965065829  768  914  913.521687282  12.2958660737  -0.000439465661379
0.287965065829  767  940  939.625495343  12.7637473589  0.0148094057529
0.287965065829  766  966  966.240177399  13.0825589818  0.0282180743817
0.287965065829  765  993  993.212435404  12.9023906356  0.0300809080707
0.465835065829  760  9  8.59628542752  5.86124132862  -0.013675906255
0.465835065829  761  25  24.6387932535  6.23307015661  -0.0208025280143
0.465835065829  762  41  40.8438532558  6.40354288465  -0.0247098637176
0.465835065829  762  57  57.1358629532  6.64183062866  -0.0144828149604
0.465835065829  763  73  73.6498298581  6.86367197381  0.0079839165599
0.465835065829  764  90  90.2394397095  7.11681696672  0.000994247139755
0.465835065829  765  107  106.883153238  7.6009902626  -0.0054787365481
0.465835065829  765  124  123.690420764  7.88120819063  -0.010650437799
0.465835065829  766  141  140.709963616  8.464323205  -0.00126643398785
0.465835065829  767  158  157.799517586  9.13131649602  0.0113077545465
0.465835065829  767  175  175.06281388  10.3613672329  0.016932472942
0.465835065829  768  193  192.423768375  11.1181314536  -0.00756779875859
0.465835065829  768  210  210.035295566  13.4712010377  0.0190022208019
0.465835065829  769  228  227.884080842  15.7414125086  0.0130793537016
0.465835065829  769  246  245.874568304  18.2524639061  0.00274455810239
0.465835065829  770  264  264.306771102  0.254445204706  0.025930493014
0.465835065829  770  283  282.942315818  24.2525680511  0.0120338424846
0.465835065829  771  302  302.026095641  26.8517917963  0.0149073082934
0.465835065829  771  320  321.818282591  0.87102115897  0.0940948973223
0.465835065829  772  339  340.811543081  0.793906313202  0.0918508194481
0.465835065829  772  359  359.34981487  22.5793771914  0.0289159964288
0.465835065829  772  378  378.389312627  21.2564258914  0.0347882898812
0.465835065829  773  397  397.482723747  21.4394799526  0.043769311577
0.465835065829  773  417  416.586061382  19.9178497744  0.0113774124451
0.465835065829  773  437  436.014483967  18.2390552805  -0.00460044579262
0.465835065829  773  455  -17406.8625064  73434.865411  -0.119653827868
0.465835065829  773  475  475.465407379  18.2956220586  0.045346121318
0.465835065829  773  495  495.616561397  18.1290816433  0.038560944877
0.465835065829  773  515  516.039548631  20.4363809847  0.0563702270507
0.465835065829  774  537  536.389848591  19.9735536153  0.000724666407316
0.465835065829  774  558  557.318150025  21.2333750008  -7.03264431777e-05
0.465835065829  773  579  578.96616689  25.0590771  0.0201456870297
0.465835065829  773  602  600.647030859  25.669134869  -0.0167930312064
0.465835065829  773  623  623.643840884  31.3953003588  0.038456011115
0.465835065829  773  647  646.681722211  29.1482256974  0.0236460817367
0.465835065829  773  669  670.651267669  32.4978258501  0.0813150253564
0.465835065829  772  694  693.633142481  22.4858155401  0.00985420750793
0.465835065829  772  716  717.457697848  21.6843982384  0.056956552815
0.465835065829  772  740  740.684155624  18.3951886277  0.0343101075475
0.465835065829  771  764  764.501645949  16.3399109362  0.0227262864172
0.465835065829  771  788  788.574661284  15.0548545499  0.0178359367425
0.465835065829  770  813  812.884224141  13.8737197525  0.00543595750865
0.465835065829  769  837  837.61756866  13.1962144199  0.019560762068
0.465835065829  769  862  862.582242428  13.0154471923  0.0192712919955
0.465835065829  768  888  887.722375907  12.5580595116  0.0235748348222
0.465835065829  767  914  913.580745685  12.3740151472  0.00244626927281
0.465835065829  766  940  939.691073352  12.7791223671  0.0135015672013
0.465835065829  765  966  966.249716932  13.0647568249  0.0269974024353
0.465835065829  764  993  993.237190137  13.0510579623  0.0336456340271
0.643705065829  759  8  8.53839764794  5.68871173632  -0.017483882918
0.643705065829  760  25  24.590365413  6.12740432765  -0.0240125066714
0.643705065829  761  41  40.8017887587  6.42603379111  -0.0205153233955
0.643705065829  761  57  57.0812418373  6.68138569114  -0.0197263504856
0.643705065829  762  73  73.5810173947  6.82764508  0.00773495176972
0.643705065829  763  90  90.1426070482  7.0946865913  -0.00389864668519
0.643705065829  764  107  106.849772379  7.46837433376  -0.00983462945367
0.643705065829  764  124  123.683836693  7.8415952946  -0.00696631092501
0.643705065829  765  141  140.68522636  8.47614742311  -0.00641347596653
0.643705065829  766  158  157.814517185  9.14197436018  0.00868984689607
0.643705065829  766  175  175.045121793  10.4522359091  0.014424550862
0.643705065829  767  193  192.364290372  11.17765231  -0.00644042903743
0.643705065829  767  210  209.979489035  13.5214377678  0.0094142924542
0.643705065829  768  228  227.782034142  15.8442554822  0.00739813541201
0.643705065829  768  246  245.760896905  18.1238016798  0.00190352613096
0.643705065829  769  265  265.325164585  0.423329975341  -7.44555920891
0.643705065829  769  283  282.99590095  24.8813395286  0.00529973516632
0.643705065829  770  302  301.871828419  26.3479927999  0.0115632959315
0.643705065829  770  321  321.19017805  25.8433572804  0.0171281627731
0.643705065829  771  340  340.301895489  24.5841392539  0.0273371320389
0.643705065829  771  359  359.233964811  22.5991315554  0.0281626534709
0.643705065829  771  378  378.393023243  21.5888938336  0.0381066952132
0.643705065829  772  397  397.608369172  0.263655044128  0.0437099300065
0.643705065829  772  417  416.545145854  18.8420583601  0.00950877286777
0.643705065829  772  436  436.125185783  0.228078040928  0.0291536733579
0.643705065829  772  455  -23867.9238403  99934.9984371  -0.120103970051
0.643705065829  772  475  475.554722034  18.2554058036  0.0482996697725
0.643705065829  772  495  495.562316242  18.314515342  0.0396304582923
0.643705065829  773  515  516.039548631  20.4363809847  0.0563702270507
0.643705065829  773  537  536.38373793  20.0775097868  0.000382245707507
0.643705065829  773  558  557.355722002  21.3654712866  -0.000636758982227
0.643705065829  773  579  579.023702862  25.0830032998  0.0182837511976
0.643705065829  772  602  600.685719861  25.1217314996  -0.016797128941
0.643705065829  772  623  623.71053503  31.1330164808  0.0415740717165
0.643705065829  772  647  646.575495377  29.2454607891  0.0235657163864
0.643705065829  772  670  670.349584865  29.1286519909  0.0414107037337
0.643705065829  772  694  693.539865441  22.607905503  0.0152186399744
0.643705065829  771  716  717.474952624  22.0525781119  0.0573188225294
0.643705065829  771  740  740.690399084  0.226270583047  0.0310539983196
0.643705065829  770  764  764.519868849  16.2734641731  0.0214515041606
0.643705065829  770  788  788.569151689  15.2265933212  0.0206837504549
0.643705065829  769  813  812.896352896  13.8240047324  0.00733723883014
0.643705065829  769  837  837.734204332  13.1624197694  0.0216839323965
0.643705065829  768  862  862.598550839  12.9569506911  0.0213043932922
0.643705065829  767  888  887.744620028  12.4637094293  0.023413444736
0.643705065829  766  914  913.576173059  12.4016490777  -8.194978711e-05
0.643705065829  765  940  939.81823422  12.8753159909  0.0190792892316
0.643705065829  764  966  966.28928604  12.9876766403  0.0261532242637
0.643705065829  763  993  993.329956492  13.0915403608  0.035433064301
0.821575065829  758  8  8.48300261504  5.66213165827  -0.0172714856101
0.821575065829  759  25  24.5282176561  6.13616621899  -0.0313120288876
0.821575065829  760  41  40.7160289067  6.41697557118  -0.0303340246736
0.821575065829  761  57  57.0330694873  6.66037231311  -0.0184138696644
0.821575065829  761  73  73.5287738124  6.8874659097  0.00119440874151
0.821575065829  762  90  90.1001044697  7.1362310662  -0.00252042913199
0.821575065829  763  107  106.818841885  7.42026338538  -0.00749949453615
0.821575065829  763  124  123.63404923  7.91493169469  -0.0143252287539
0.821575065829  764  141  140.623774738  8.42114603877  -0.00566067504797
0.821575065829  765  158  157.762604263  9.15192323348  0.009316966435
0.821575065829  765  175  174.97383425  10.5462932043  0.00992218194939
0.821575065829  766  193  193.240790585  0.449265892166  -4.47974774526
0.821575065829  766  210  209.919579829  13.3800866495  0.00909146258714
0.821575065829  767  228  227.772894581  15.6205056342  0.00661657629024
0.821575065829  768  246  245.91918897  18.0163051267  0.00379927688079
0.821575065829  768  264  264.171051423  21.2887949859  0.0207697253657
0.821575065829  769  283  282.688782343  24.7012914513  0.00453639076179
0.821575065829  769  302  301.781150419  26.4865008354  0.000560112104718
0.821575065829  769  321  321.044511121  26.2674937665  0.0
0.821575065829  770  340  340.265976606  0.306938208008  0.0227512668759
0.821575065829  770  359  359.253151407  22.4558136174  0.0272970654737
0.821575065829  770  378  378.527299574  21.06590836  0.0456314446526
0.821575065829  771  397  397.531280082  21.1933081524  0.044850619596
0.821575065829  771  417  416.508090667  20.0352528025  0.00775686086305
0.821575065829  771  437  435.87138257  18.7617671337  -0.0127685880578
0.821575065829  771  456  455.510082116  18.4601085747  0.0116598518433
0.821575065829  771  476  475.407324886  17.2076915046  0.00766109930308
0.821575065829  772  495  495.617876989  18.4132388816  0.0401115170981
0.821575065829  772  515  516.036636956  20.4678767207  0.0550335831375
0.821575065829  772  537  536.288051567  0.365736588854  -8.67745351288
0.821575065829  772  558  557.473527394  21.1987195628  0.00701254912005
0.821575065829  772  579  579.049506731  24.6699480611  0.0236208520873
0.821575065829  772  602  600.569490833  24.4548395288  -0.0151450044125
0.821575065829  771  623  623.56696404  30.7544111613  0.0389231367958
0.821575065829  771  647  646.538184145  31.0348318037  0.0199858279495
0.821575065829  771  671  670.097354406  26.1647633843  0.00717444806185
0.821575065829  771  694  693.623142579  22.4691091578  0.0122413515388
0.821575065829  770  717  717.193785441  21.1359926796  0.0291768425284
0.821575065829  770  741  740.495263197  17.4318109768  -0.00418600232052
0.821575065829  769  764  764.618631119  16.6680348935  0.0278307716438
0.821575065829  769  789  788.482734524  15.1312886531  -0.000274058071195
0.821575065829  768  813  812.907559906  13.9595063726  0.00820232503191
0.821575065829  768  837  837.652839021  13.1606513895  0.021827921436
0.821575065829  767  862  862.634308956  12.9934654546  0.0212141943552
0.821575065829  766  888  887.775423243  12.4726227313  0.0224070065486
0.821575065829  765  914  913.642999412  12.4434369284  0.00124088804076
0.821575065829  764  940  939.911413964  12.7116251975  0.0212889637721
0.821575065829  763  966  966.369714015  13.3644531346  0.0290770585668
0.821575065829  762  994  993.194449047  13.4347788446  0.0111527090505
0.999445065829  757  8  8.41309496707  5.74860372021  -0.0245621183077
0.999445065829  758  24  24.4993319523  6.13425685302  0.010289894596
0.999445065829  759  41  40.6977297234  6.42673199073  -0.029082527598
0.999445065829  760  57  57.0091973555  6.57502697386  -0.020727684677
0.999445065829  760  73  73.4887344631  6.87015246562  0.00161738264763
0.999445065829  761  90  90.0689521917  7.11551614757  -0.00314196828586
0.999445065829  762  107  106.741341806  7.40234449333  -0.0119635390646
0.999445065829  763  124  123.585452663  7.89528539026  -0.00892962033136
0.999445065829  763  141  140.576637228  8.41330570106  -0.00423329462779
0.999445065829  764  158  157.703566114  9.09136636278  0.00616355687009
0.999445065829  764  175  174.917257393  10.4430641316  0.012093998566
0.999445065829  765  193  193.241886798  0.447705149035  -4.47832730695
0.999445065829  766  210  209.939704026  13.2902657463  0.00840160122239
0.999445065829  766  228  227.720919114  15.4717997932  0.00310001397807
0.999445065829  767  246  245.682370237  18.1209151566  -5.86856287912e-05
0.999445065829  767  264  264.13834757  21.3772992559  0.0188147502606
0.999445065829  768  283  282.837941048  24.6474643606  0.00298175825679
0.999445065829  768  302  301.670136159  27.0823022592  -0.00290922718031
0.999445065829  768  321  321.111369583  26.0777608316  0.0133929649468
0.999445065829  769  340  340.288603641  25.5205985233  0.018421304614
0.999445065829  769  359  359.441566249  24.5549829437  0.0369414430536
0.999445065829  770  379  378.227784857  20.9741377836  -0.0064642250364
0.999445065829  770  397  397.423330701  21.5489460042  0.0440286201148
0.999445065829  770  417  416.428836004  18.7541544615  0.00520874579463
0.999445065829  770  435  436.409208737  0.262443682378  0.072999579089
0.999445065829  770  456  455.530753294  18.5309229314  0.0153435731282
0.999445065829  771  476  475.364103097  17.1270024581  0.0107933133747
0.999445065829  771  495  495.648464838  18.5199045259  0.0446728952333
0.999445065829  771  516  515.791762645  19.0026441253  0.0149884307997
0.999445065829  771  537  536.370930575  19.8453976117  -0.00274211250393
0.999445065829  771  558  557.318123419  20.9867620558  -0.000391617603518
0.999445065829  771  579  578.954661834  23.1611059767  0.022018217555
0.999445065829  771  600  601.193548914  0.384492647655  0.0502972040937
0.999445065829  770  625  624.341020309  0.355638613584  -8.15317117281
0.999445065829  770  647  646.619344938  31.29960565  0.0217851738659
0.999445065829  770  671  670.095924192  26.1172953705  0.00644733926463
0.999445065829  770  694  693.566024767  22.8193119903  0.0152830796739
0.999445065829  769  717  717.150449118  21.3251651765  0.0291677313282
0.999445065829  769  741  740.610734865  17.4331159296  0.00052354072062
0.999445065829  768  764  764.626681189  16.4537944533  0.0234851221089
0.999445065829  768  789  788.598754832  15.084579663  0.00244702504905
0.999445065829  767  813  812.984773635  14.0796250461  0.0121293473747
0.999445065829  767  838  837.628774487  13.1228434574  0.0012341182788
0.999445065829  766  863  862.525775558  12.6805509197  0.00480729751925
0.999445065829  765  888  887.802826419  12.5222847329  0.0227494790129
0.999445065829  764  914  913.688066459  12.3948805904  0.00135762775974
0.999445065829  763  940  939.869644299  12.9695761634  0.0239631790558
0.999445065829  762  966  966.374241429  13.2331728423  0.0261899131254
0.999445065829  761  994  993.200536409  13.4374170179  0.0142339525802
1.17731506583  756  8  8.35155996518  5.69245632437  -0.0278646462986
1.17731506583  757  24  24.4526543978  6.09566886069  0.00752594481517
1.17731506583  758  41  40.6410410023  6.39517442677  -0.0293060008609
1.17731506583  759  57  56.9487594736  6.62371683704  -0.0202959826979
1.17731506583  759  73  73.4648150957  6.93934382412  -0.00193528954789
1.17731506583  760  90  90.0181169706  7.11622732918  -0.00750714761901
1.17731506583  761  107  106.721074124  7.45678225562  -0.0117440675535
1.17731506583  762  124  123.560574761  7.86391514306  -0.0113702010624
1.17731506583  762  141  140.541595429  8.36338245046  -0.00329036081026
1.17731506583  763  158  157.66456801  8.99619642541  0.00542704920226
1.17731506583  763  175  174.938596924  9.97745259044  0.0145668415077
1.17731506583  764  192  192.366080879  11.8314900201  0.0309313142788
1.17731506583  765  210  209.910200578  13.236018979  0.0125522810409
1.17731506583  765  228  227.67769605  15.64893583  0.00128082166645
1.17731506583  766  246  245.688585759  18.0257769895  -0.00057432700869
1.17731506583  766  264  264.08792736  21.4062655122  0.0155064757441
1.17731506583  767  283  282.737284866  25.1247476267  0.00313972384287
1.17731506583  767  302  301.697313941  26.9556278205  0.0016179434513
1.17731506583  768  321  321.264267606  25.6638510831  0.0104060014968
1.17731506583  768  340  340.230712728  0.309039175035  0.0221771965448
1.17731506583  768  359  359.341725765  22.7439046874  0.0360530611289
1.17731506583  769  378  378.264990157  21.626442867  0.032170631952
1.17731506583  769  397  397.473516078  0.274788072701  0.0427659772985
1.17731506583  769  417  416.454839234  18.8501579574  0.00943507419197
1.17731506583  769  436  435.998806593  19.3997725501  0.0208326562747
1.17731506583  769  456  455.654946168  17.9276021572  0.0226088544824
1.17731506583  770  475  475.553076231  17.9206721714  0.0403064898004
1.17731506583  770  495  -11971.7469994  51299.4517238  -0.12241639695
1.17731506583  770  516  515.829022064  18.8667099246  0.0184295276033
1.17731506583  770  537  536.413410098  19.5775058205  4.29868220295e-05
1.17731506583  770  557  557.430119132  22.2334425323  0.0278215320426
1.17731506583  770  579  578.937610905  24.3392427273  0.01616169225
1.17731506583  770  601  600.793907991  28.6574156998  0.0154131488774
1.17731506583  770  625  624.310003018  0.318515698339  -8.13988340923
1.17731506583  769  646  647.151111319  31.617224248  0.0585826688544
1.17731506583  769  671  670.08037838  26.1812220896  0.00285236853496
1.17731506583  769  693  693.786856439  24.964954688  0.0451831589037
1.17731506583  768  717  717.184773898  0.261430345265  0.0258894695821
1.17731506583  768  741  740.661998195  17.5625234614  0.00521110078132
1.17731506583  768  764  764.54911333  16.3663836027  0.0226037097762
1.17731506583  767  788  788.742061355  15.1248947052  0.0239938739351
1.17731506583  766  813  813.045603386  14.0276702206  0.00932338604734
1.17731506583  766  838  837.660482503  13.0799868481  0.00318290056008
1.17731506583  765  862  862.705825384  13.1209121538  0.0254030556947
1.17731506583  764  888  887.853632374  12.4928324896  0.0216063716642
1.17731506583  763  914  913.7515482  12.3929303171  0.00552679873746
1.17731506583  762  940  939.898587483  12.8743895419  0.0196299949617
1.17731506583  761  966  966.400285352  13.1261485707  0.0304886141342
1.17731506583  760  993  993.415261496  13.0116946332  0.0323279092209
1.35518506583  755  8  8.3230990507  5.85678428662  -0.0355699911996
1.35518506583  756  24  24.4056248385  6.07316576414  0.00479884444692
1.35518506583  757  40  40.6078675027  6.37068571983  0.00720122149246
1.35518506583  758  57  56.905713891  6.65545923141  -0.0271612710946
1.35518506583  759  73  73.3768489765  6.88351761078  -0.00220816719658
1.35518506583  759  90  89.961139655  7.13490167642  -0.0113613252784
1.35518506583  760  107  106.693977661  7.43170512301  -0.0126283908272
1.35518506583  761  124  123.545464517  7.91862259017  -0.00434406697106
1.35518506583  761  141  140.471851534  8.45883255658  -0.00922318698072
1.35518506583  762  158  157.62311865  9.04067787766  0.00290153892694
1.35518506583  763  175  174.837203578  10.4059310951  0.00703491129994
1.35518506583  763  193  192.265015922  11.2007334508  -0.00469084560195
1.35518506583  764  210  209.846291184  13.2215385758  0.00480349150582
1.35518506583  764  228  227.567036205  15.5913854393  -0.00294683765248
1.35518506583  765  246  245.663524734  18.2699681574  0.000751633268728
1.35518506583  765  264  264.083285501  21.3774679951  0.0162530637993
1.35518506583  766  283  282.642789509  24.8997531508  0.00248961193578
1.35518506583  766  301  301.873716888  29.0353447949  0.0437942715967
1.35518506583  767  321  320.962297656  25.4871923435  0.00677488096745
1.35518506583  767  340  340.174410962  25.1101958483  0.0153944054341
1.35518506583  767  359  357.200287479  0.309972848857  -15.7911718916
1.35518506583  768  378  378.383168346  21.5497473235  0.0328411778623
1.35518506583  768  397  397.426791901  21.5081403454  0.0376900352874
1.35518506583  768  417  416.462849856  18.6280497129  0.00870614178144
1.35518506583  768  436  435.966336974  19.5683182507  0.0218982913985
1.35518506583  769  456  455.600396703  17.9464692268  0.023722772679
1.35518506583  769  475  475.569328543  18.2286139505  0.0427473868831
1.35518506583  769  495  495.648002108  18.296880612  0.0431475210566
1.35518506583  769  515  516.075277805  18.9568654674  0.0595695909856
1.35518506583  769  536  536.585103683  20.4076415622  0.0328773189852
1.35518506583  769  558  557.282477225  21.2388628931  -0.000685503009027
1.35518506583  769  579  578.839889558  24.3195285066  0.0121372602825
1.35518506583  769  601  600.948892858  0.321750785855  0.0208337156819
1.35518506583  769  624  623.314790317  28.9742635493  0.00695013792389
1.35518506583  768  647  646.667772531  28.2827782421  0.0161538677286
1.35518506583  768  670  670.290568718  0.341967349976  0.0336211664185
1.35518506583  768  693  693.785213165  23.2946833909  0.0431510023386
1.35518506583  768  716  717.340407118  22.2211467746  0.0574728750963
1.35518506583  767  741  740.768136531  17.5553441577  0.00891505094497
1.35518506583  767  764  764.631518714  16.5071092  0.022390237764
1.35518506583  766  789  788.566676203  14.6260901889  -0.0023068483742
1.35518506583  766  812  813.060044177  14.314317949  0.030258887696
1.35518506583  765  837  837.829892577  13.4511214709  0.0249258484301
1.35518506583  764  863  862.650411715  12.7241174814  0.00700929938104
1.35518506583  763  888  887.902063438  12.5596510024  0.0284729146651
1.35518506583  762  914  913.766993421  12.4429551415  0.00141744787966
1.35518506583  762  940  939.868071723  12.8753073552  0.0188589889098
1.35518506583  760  966  966.440116264  13.4459178706  0.0280387105664
1.35518506583  759  994  994.310304129  0.38746735792  -5.81052701436
1.53305506583  755  8  8.24591010056  5.78888822328  -0.0350240069589
1.53305506583  755  24  24.3397665694  6.15630974855  -0.00533615639977
1.53305506583  756  40  40.5617921697  6.37648977798  0.00605241850865
1.53305506583  757  57  56.8513260992  6.67208510558  -0.0254910646554
1.53305506583  758  73  73.3545573374  6.87296803561  -0.00693778275512
1.53305506583  758  90  89.9108035741  7.09797028581  -0.00912212486932
1.53305506583  759  107  106.623255485  7.45735960594  -0.0180113347956
1.53305506583  760  124  123.467493335  7.84337752793  -0.010274155336
1.53305506583  760  140  140.512523259  8.44478810403  0.0275584894736
1.53305506583  761  157  157.656328651  9.48925939787  0.0389268410945
1.53305506583  762  175  174.774805266  9.85046280688  0.00639524499773
1.53305506583  762  192  192.287631992  11.6152891466  0.0265169687973
1.53305506583  763  210  209.836080685  13.2215264411  0.00662098402083
1.53305506583  763  228  227.500300168  15.4833569971  -0.0118069305137
1.53305506583  764  246  245.567481851  18.2965226441  -0.00376753260177
1.53305506583  764  264  264.040070745  21.3253780183  0.0171194633788
1.53305506583  765  283  282.585645966  24.9520906222  -0.00727400189289
1.53305506583  765  301  301.980241509  0.392944846174  0.0475421700679
1.53305506583  766  321  320.843555147  25.416104601  -0.0049303769544
1.53305506583  766  339  340.588861916  28.0810682663  0.0781099814159
1.53305506583  766  359  357.227347873  0.313929227032  -14.5274726994
1.53305506583  767  378  378.254875019  21.0482423678  0.0285189363437
1.53305506583  767  397  397.517638103  21.4902532548  0.0447687572748
1.53305506583  767  417  416.490518052  18.5358214056  0.00939915709713
1.53305506583  767  436  436.039171364  19.5714613755  0.0203444878898
1.53305506583  768  456  455.583741151  17.8693656182  0.0203340853164
1.53305506583  768  475  475.533086113  18.1873712935  0.0424588986063
1.53305506583  768  496  495.479708642  18.2284977897  0.00720580306405
1.53305506583  768  516  515.745151133  19.0432058808  0.0183795050842
1.53305506583  768  537  536.394046456  19.3056548192  -0.000579676306232
1.53305506583  768  558  557.412971258  21.065548041  0.00546218969564
1.53305506583  768  579  578.78306159  24.6350620443  0.00869738248893
1.53305506583  768  601  600.867002493  26.4335434018  0.016662325163
1.53305506583  768  624  623.432793168  29.2261763118  0.014099761385
1.53305506583  767  647  646.46029588  28.9599322998  0.0153950541111
1.53305506583  767  670  670.272390149  27.6880649693  0.0364730551383
1.53305506583  767  693  693.859995603  25.0765761701  0.0438451103725
1.53305506583  767  717  717.253222931  20.7824947269  0.0195177354128
1.53305506583  766  740  740.943323788  18.6831060535  0.0411171612538
1.53305506583  766  764  764.630525124  16.6142427125  0.0240906919446
1.53305506583  765  789  788.550061928  14.9403991823  -0.000479178373622
1.53305506583  765  813  813.083481569  14.1187606152  0.0118536382592
1.53305506583  764  837  837.824715777  13.5367792264  0.0260755277656
1.53305506583  763  863  862.668084427  12.4988069377  0.00958173485423
1.53305506583  762  888  887.910139067  12.5553797505  0.0247847449946
1.53305506583  762  914  913.724388406  12.3678626115  0.00279202321169
1.53305506583  761  940  939.956175025  12.912695104  0.0195689293751
1.53305506583  760  966  966.475190118  13.4757187723  0.0301519510316
1.53305506583  758  994  993.3985176  13.096719823  0.0153083631971
1.71092506583  754  8  8.21069359266  5.72017394002  -0.0393117062297
1.71092506583  754  24  24.3079061465  6.2143702108  0.000969325135646
1.71092506583  755  40  40.5156477517  6.42771452799  0.00371349088188
1.71092506583  756  57  56.8078629674  6.64457547248  -0.025684978751
1.71092506583  757  73  73.2949806123  6.88386746665  -0.00336265125248
1.71092506583  757  90  89.844537996  7.21080332098  -0.0189538810797
1.71092506583  758  107  106.559462387  7.43049729928  -0.0208418123262
1.71092506583  759  123  123.47484538  7.77729352175  0.0232347749693
1.71092506583  759  140  140.525137122  8.79148675943  0.026115227242
1.71092506583  760  158  157.513681696  9.0484466067  -0.00105083581377
1.71092506583  761  175  174.761173537  9.97339592314  0.0122242555854
1.71092506583  761  192  192.228132489  11.6305971661  0.0179451847131
1.71092506583  762  210  209.804747658  13.2755609628  0.00488321338671
1.71092506583  762  228  227.452659328  15.3055212016  -0.0054821395682
1.71092506583  763  246  245.563621528  18.2902295948  -0.00691940050772
1.71092506583  763  264  263.996515301  21.5275880444  0.00844346123499
1.71092506583  764  283  282.496616608  24.3527762481  -0.0105183620544
1.71092506583  764  301  302.099066254  27.1734578827  0.0612622354408
1.71092506583  765  320  321.048240324  26.460137527  0.055790815627
1.71092506583  765  339  340.694709059  0.744700461708  0.0860100329278
1.71092506583  765  359  359.304575211  22.738935682  0.0293063384013
1.71092506583  766  377  378.771068214  24.0567361149  0.0876890348633
1.71092506583  766  397  397.380444892  21.7049406163  0.0441156173341
1.71092506583  766  417  416.531915186  18.7372774436  0.0120838217321
1.71092506583  767  436  435.980476656  19.3813869408  0.0220800424423
1.71092506583  767  456  455.507637901  17.5866881609  0.0175326482518
1.71092506583  767  475  475.490401003  18.0410193096  0.041536563592
1.71092506583  767  495  495.681309573  18.4593063403  0.0435845717472
1.71092506583  767  515  515.954760149  20.4010134824  0.0554700987895
1.71092506583  767  537  536.430775742  19.5193065834  0.00111785372902
1.71092506583  767  558  557.371553531  20.6257502066  0.00292004008694
1.71092506583  767  579  578.868421405  24.4381131247  0.012025875166
1.71092506583  767  601  601.230347872  27.1901416148  0.0166885473663
1.71092506583  767  624  623.368467827  28.9852693609  0.0114278277657
1.71092506583  767  647  646.642710139  29.233655005  0.0154190190606
1.71092506583  766  670  670.325184101  27.5369239205  0.0415765078959
1.71092506583  766  693  693.979802941  25.0334995328  0.0489600651552
1.71092506583  766  717  717.270759681  20.6766256398  0.0232525186903
1.71092506583  765  740  740.949540582  18.8803508709  0.0380267162047
1.71092506583  765  764  764.603408103  16.5330056606  0.0232846789631
1.71092506583  764  788  788.720475528  15.0891928739  0.0195995764899
1.71092506583  764  813  813.056042779  13.9320218579  0.0119580824876
1.71092506583  763  838  837.679262494  13.0385160782  0.00350521718898
1.71092506583  762  863  862.713490031  12.5635755354  0.0074426472533
1.71092506583  761  888  887.943770633  12.5628028848  0.0263474143189
1.71092506583  761  914  913.829713603  12.4472156681  0.00205855057426
1.71092506583  760  940  939.952598501  12.6716878935  0.0216991169952
1.71092506583  759  966  966.524425763  13.417092469  0.0286593518056
1.71092506583  758  994  993.371429368  13.1333604214  0.0182546521407
1.88879506583  753  8  8.1396425654  5.73255951244  -0.0368839652105
1.88879506583  753  24  24.2391482147  6.17274347028  -0.000549252674981
1.88879506583  754  40  40.4714839442  6.40781044135  0.0031246517282
1.88879506583  755  57  56.7439570446  6.63640887159  -0.029327333435
1.88879506583  756  73  73.2583100176  6.85943429525  -0.0087621592336
1.88879506583  757  90  89.7555889625  7.1537228575  -0.0201537031315
1.88879506583  757  107  106.538672539  7.44845835454  -0.0244697896088
1.88879506583  758  123  123.469625462  7.85539309251  0.02370606592
1.88879506583  759  140  140.400552726  8.72668964371  0.0243953221545
1.88879506583  759  158  157.498927201  9.06119311915  -0.00423841712826
1.88879506583  760  175  174.74864436  9.92811524747  0.0102172581649
1.88879506583  760  192  192.152677178  11.3694120988  0.0225831567763
1.88879506583  761  210  209.726827614  13.4355630591  -0.00189216499323
1.88879506583  762  228  227.466162873  15.3725880051  -0.00607323309336
1.88879506583  762  246  245.553973009  17.1109116434  -0.00350966019186
1.88879506583  762  263  264.015488537  22.7777110869  0.0507436117837
1.88879506583  763  283  282.471379721  24.2551620238  -0.00795103889188
1.88879506583  763  302  301.722322846  26.6815143222  0.0015487091113
1.88879506583  764  320  321.2491632  30.2787871886  0.0577878271562
1.88879506583  764  341  339.969965724  25.3094193528  -0.0329343341587
1.88879506583  765  359  359.04541254  23.4932682981  0.0289614074307
1.88879506583  765  378  378.400256236  21.3417051895  0.0363673464014
1.88879506583  765  397  397.396726987  21.4505893831  0.0404163669068
1.88879506583  765  417  416.641117532  18.625690362  0.0104558538947
1.88879506583  766  436  436.036522102  19.2338457599  0.0236747203546
1.88879506583  766  456  455.491388456  17.4810699317  0.0138766097237
1.88879506583  766  475  475.553518977  18.1338511279  0.0413546342364
1.88879506583  766  495  495.621430825  18.2244112955  0.0414738431845
1.88879506583  766  515  516.005976138  20.2795548036  0.0527185257025
1.88879506583  766  537  536.39723787  19.5643258402  0.000612686241735
1.88879506583  766  557  557.635349069  22.3062949667  0.034769230891
1.88879506583  766  579  578.750207023  24.4327235045  0.0102739476302
1.88879506583  766  601  600.872597278  26.5319741155  0.0147961895233
1.88879506583  766  623  623.530065268  30.9082275288  0.0393629150684
1.88879506583  766  647  646.753455946  30.0753323019  0.0227453998293
1.88879506583  765  670  670.298643369  27.8491741034  0.0386130865198
1.88879506583  765  693  693.868462885  25.5051780297  0.0486559933984
1.88879506583  765  717  717.218846235  20.3689453634  0.0182841436902
1.88879506583  764  740  740.88989422  18.7060928194  0.0363983904992
1.88879506583  764  764  764.69206622  16.568425406  0.0251410759993
1.88879506583  763  788  788.746852185  15.0303993885  0.0232922852545
1.88879506583  763  813  813.036811698  13.8486403787  0.00903067865526
1.88879506583  762  838  837.67508508  13.083052919  0.00479731730232
1.88879506583  761  863  862.708019331  12.4799548529  0.00677084801075
1.88879506583  761  888  888.105673037  12.7184084458  0.0287679489815
1.88879506583  760  914  913.862085327  12.447631839  0.00675572825697
1.88879506583  759  940  939.946891877  12.8496497962  0.0152532291537
1.88879506583  758  966  966.587685727  13.3413437598  0.0294809202909
1.88879506583  757  994  993.550136106  13.3813968026  0.0193599464194
2.06666506583  752  8  8.09220082351  5.69806541336  -0.0486904140155
2.06666506583  753  24  24.213901629  6.3184380405  0.00550693048261
2.06666506583  753  40  40.3877127612  6.43107873084  -0.002772912699
2.06666506583  754  57  56.6791636576  6.61290477648  -0.0335388172336
2.06666506583  755  73  73.1934999963  6.83411828802  -0.00958551288212
2.06666506583  756  90  89.7965647061  7.20795624044  -0.0167098998056
2.06666506583  756  106  106.53209554  7.36349429879  0.0117584377747
2.06666506583  757  123  123.400834243  7.90143166666  0.0154700445766
2.06666506583  758  140  140.401554731  8.4629192359  0.0278805843738
2.06666506583  758  157  157.532288491  9.44425245112  0.0311149253372
2.06666506583  759  175  174.72949022  9.95294897978  0.011848030413
2.06666506583  759  192  192.162281636  11.6077277595  0.0182490403258
2.06666506583  760  210  209.767617969  13.5111376997  0.000384245143733
2.06666506583  761  228  227.345240174  15.9333015745  -0.00644656388264
2.06666506583  761  246  245.466152106  18.2590452305  -0.0074365341422
2.06666506583  762  264  263.880874753  21.3591153559  0.0110653715367
2.06666506583  762  283  282.563420372  24.7521311969  -0.00973009621594
2.06666506583  762  301  301.802326652  27.2220061926  0.0458519582056
2.06666506583  763  320  321.257067855  0.371102365227  0.0585379469114
2.06666506583  763  339  340.64439913  0.984166102259  0.0898523175057
2.06666506583  764  359  357.126223864  54.1362476793  -24.2154767529
2.06666506583  764  378  378.275873049  21.2800171278  0.0301620706645
2.06666506583  764  397  397.300758229  19.9970418337  0.0349125638249
2.06666506583  764  416  416.653080858  20.0913913886  0.0514402486014
2.06666506583  765  436  436.004094363  19.3667565642  0.0247290933186
2.06666506583  765  456  455.520626954  17.4374934393  0.00958988059401
2.06666506583  765  475  475.467258068  18.2256987114  0.0378448814329
2.06666506583  765  495  495.593343058  18.2884209205  0.041098029294
2.06666506583  765  515  515.94347881  0.255509914799  0.0456504342508
2.06666506583  765  537  536.296936474  19.9522142418  -0.00042391237079
2.06666506583  765  558  557.411434648  21.4172656866  0.00080132579572
2.06666506583  765  579  578.897901996  24.8374897553  0.0130469492517
2.06666506583  765  601  600.825096187  26.8724316565  0.0176122032655
2.06666506583  765  623  623.614948621  30.7285730658  0.0383745435622
2.06666506583  765  647  646.829461371  29.7508753708  0.023891170151
2.06666506583  764  670  670.591187535  29.1403567107  0.0396650596935
2.06666506583  764  694  693.487274993  23.2930604913  0.012906101395
2.06666506583  764  717  717.233976396  20.4777963511  0.0199847554744
2.06666506583  763  740  740.896396407  18.3162205611  0.0375626694161
2.06666506583  763  764  764.689386187  16.5245531245  0.026361902031
2.06666506583  762  788  788.719145126  14.9507375901  0.0199983229057
2.06666506583  762  813  813.05526239  13.7760898331  0.0118668189315
2.06666506583  761  838  837.75984802  13.1314104353  0.00820344555372
2.06666506583  760  863  862.828986095  12.4005473714  0.00637320440228
2.06666506583  760  888  888.005736878  12.5997237012  0.028634856929
2.06666506583  759  914  913.829445681  12.6083001286  0.00258913555249
2.06666506583  758  940  940.030521715  12.8589604025  0.0199882147046
2.06666506583  757  967  966.514080032  13.1018800296  0.0128424319501
2.06666506583  756  994  993.459983555  13.0514626859  0.0195191866683
