# Band 2C   Etalon 1B   Slice 10
# Distortion map version 06.04.00 - date 2018-10-09
# Trace (isoalpha): Take pixel trace along specified slice, specified alpha position trace is built by taking the pixel in every detector row with alpha value closest to the one specified 
# xpos[i] = np.argmin(alpha_img[i,:])+funcs.find_nearest(alpha_img[i,:][(slice_img[i,:]!=0)],alpha_pos)
#    alpha       x  y      center         FWHM          skewness
0.0  561  14  13.6967094764  1.61870775407  -0.0142772103735
0.0  561  28  28.0509036365  1.66540347728  0.0599386912115
0.0  562  42  42.3905515556  1.5872640623  0.0739592578579
0.0  563  57  56.8270978221  1.69480247663  0.0396038263709
0.0  563  72  71.5219387172  1.64761293671  0.0397974256194
0.0  564  86  86.283791914  1.70860900062  0.088727357889
0.0  565  101  101.150177232  1.64351183317  0.0492645397889
0.0  565  116  116.217370016  1.75325133759  0.0614310003052
0.0  566  131  131.321584985  1.73614170681  0.0379085887014
0.0  566  147  146.656709759  1.74652724573  0.0205627688441
0.0  567  162  162.079879086  1.77262285575  0.0348583820661
0.0  567  178  177.689589521  1.76092780499  0.00259910966322
0.0  568  193  193.380199958  1.73577494603  0.0231547294858
0.0  568  209  209.300590949  1.74517028671  0.0348164366314
0.0  569  225  225.250904846  1.74711806836  0.0298906044511
0.0  569  241  241.46344886  1.68329185846  0.0329541325345
0.0  570  258  257.70347002  1.75985787199  0.0379172060845
0.0  570  274  274.246513941  1.72111836444  0.0909733359073
0.0  570  291  290.877712336  1.81824800249  0.0526550854908
0.0  571  308  307.574096717  1.79485224822  0.0329763487345
0.0  571  325  324.55792339  1.81612177666  0.0336140812039
0.0  571  342  341.70443382  1.85336081144  0.0305270969106
0.0  572  359  358.839085283  1.89838975053  0.00821640900113
0.0  572  376  376.317851754  1.83811083909  0.0234740150278
0.0  572  394  393.952192079  1.90272528141  0.0332178414002
0.0  572  412  411.739856581  1.89162468821  0.0223106811072
0.0  573  430  429.543921434  1.88191566855  0.00446422564569
0.0  573  448  447.673270976  1.8935653363  0.00662099728771
0.0  573  466  465.981599322  1.9187409041  0.0175262776306
0.0  573  484  484.466314706  1.86446823217  0.0150012013887
0.0  573  503  503.120287953  1.90512068574  0.0220166905252
0.0  573  522  521.954144957  1.91956693634  0.0238793637242
0.0  573  541  540.967231701  1.91139780481  0.0217189002285
0.0  573  560  560.187838035  1.89658533957  0.0490507426656
0.0  573  580  579.560461232  1.87835570834  0.0204818958233
0.0  573  599  599.168595915  1.94840014152  0.0403540996064
0.0  573  619  618.94734056  1.96804751483  0.0503073859165
0.0  573  639  638.940433715  2.00134166909  0.0297567834718
0.0  573  659  659.136571755  2.00528536766  0.0460672918059
0.0  572  680  679.663505088  2.001574768  0.0104780588432
0.0  572  700  700.29511479  2.00242248296  0.0387665231125
0.0  572  721  721.097095003  2.05517484871  0.0344540263283
0.0  571  742  742.284381557  2.04752270371  0.0231430353506
0.0  571  764  763.521549194  2.08691429055  0.00202649426822
0.0  571  785  784.970190894  2.12882048073  -0.00358606303117
0.0  570  807  806.812847154  2.12310398638  -0.0121171078837
0.0  570  829  828.7080769  2.06034293858  -0.0462615741764
0.0  569  851  851.049237834  2.08139754952  0.0119150223698
0.0  568  874  873.571982439  2.05003836659  -0.00322341859783
0.0  568  896  896.210199221  2.11118897441  0.0453375012717
0.0  567  919  919.249878116  2.11564670159  0.0522572689248
0.0  566  942  942.481236109  2.0939994497  0.0218085422591
0.0  565  966  966.071113397  2.18209525127  0.0464142225729
0.0  564  990  989.863536119  2.24068008415  0.0310804787426
0.0  563  1014  1013.90308643  2.27100305847  0.0313855168684
-1.85607293546  571  13  12.8278782983  1.65636932236  -0.00569389309435
-1.85607293546  571  27  27.1452565878  1.65811141705  0.0470696789702
-1.85607293546  572  41  41.4666372591  1.63495081187  0.0452504122994
-1.85607293546  573  56  55.9090328649  1.69725657129  0.0413239131456
-1.85607293546  573  71  70.573474721  1.67201080969  0.0610672532139
-1.85607293546  574  85  85.2913858588  1.71488835812  0.053136738627
-1.85607293546  575  100  100.144779159  1.73575102573  0.0614784749821
-1.85607293546  575  115  115.181291724  1.77532074251  0.0137166034954
-1.85607293546  576  130  130.296996105  1.74053729979  0.0200917199916
-1.85607293546  576  146  145.630654265  1.76470633315  0.00974633565027
-1.85607293546  577  161  160.994201254  1.7580766869  -0.00623616366505
-1.85607293546  577  177  176.615585227  1.75489995361  0.0142535410472
-1.85607293546  578  192  192.285216554  1.73565331397  0.0167095770883
-1.85607293546  578  208  208.176971134  1.76099245858  0.0195984531648
-1.85607293546  579  224  224.129310257  1.75183538723  0.0156875200359
-1.85607293546  579  240  240.322155281  1.71990345301  0.0370561435583
-1.85607293546  580  257  256.5380498  1.71178456688  0.0174373229303
-1.85607293546  580  273  273.027688955  1.78459942673  0.039347542935
-1.85607293546  580  290  289.645808377  1.79523905194  0.0485036318356
-1.85607293546  581  306  306.369645678  1.7811465327  0.0686231119315
-1.85607293546  581  323  323.307310236  1.79265986668  0.0477909346903
-1.85607293546  581  340  340.419732774  1.73330534081  0.109355329967
-1.85607293546  582  358  357.559485502  1.84142562899  0.0073493186709
-1.85607293546  582  375  374.992774708  1.84156852658  0.0145954280859
-1.85607293546  582  393  392.583944145  1.84093392545  -0.00168536081709
-1.85607293546  583  410  410.260350821  1.79143302765  0.0111536188165
-1.85607293546  583  428  428.185908187  1.85321422475  0.00528519913285
-1.85607293546  583  446  446.290966775  1.86268886036  0.0114523789824
-1.85607293546  583  465  464.539202903  1.8485871013  -0.00963150774931
-1.85607293546  583  483  482.985117631  1.86825581998  -0.0186040695215
-1.85607293546  583  502  501.616211913  1.86104913825  -0.0180991094849
-1.85607293546  583  520  520.433707354  1.84250958106  -0.0030877508769
-1.85607293546  583  539  539.439997888  1.8368218665  0.0136890598474
-1.85607293546  583  559  558.600067085  1.83917482508  -0.00469904439649
-1.85607293546  583  578  578.001106992  1.91982572018  0.0341943615002
-1.85607293546  583  598  597.54340509  1.88363490065  0.00274647942079
-1.85607293546  583  617  617.334308613  1.89065871451  0.0379855896049
-1.85607293546  583  637  637.2970143  1.92472482917  0.0384540409472
-1.85607293546  583  657  657.473200167  1.94318849304  0.0265882581707
-1.85607293546  582  678  677.967104036  2.030330493  0.0244260185126
-1.85607293546  582  699  698.538200801  1.98049620227  0.0145624005297
-1.85607293546  582  719  719.359257845  2.00292385982  0.0267009449611
-1.85607293546  582  740  740.367753279  2.00407827195  0.0206487367375
-1.85607293546  581  762  761.705087757  2.04829153973  -0.0137781580428
-1.85607293546  581  783  783.169195955  2.05494437309  -0.00151924089259
-1.85607293546  580  805  804.948156242  2.10595303869  -0.0294913837624
-1.85607293546  580  827  826.837619372  2.06886574087  -0.0343948353523
-1.85607293546  579  849  849.136468353  2.05496721733  3.08426010461e-05
-1.85607293546  578  872  871.626346982  2.1248078316  0.0472903135836
-1.85607293546  578  894  894.237174731  2.06682328401  0.0304739224833
-1.85607293546  577  917  917.226686121  2.09274082743  0.0343329843957
-1.85607293546  576  940  940.440941278  2.06055277884  0.0124473598056
-1.85607293546  575  964  963.976521546  2.16242737506  0.020617862408
-1.85607293546  574  988  987.743687404  2.27190031764  0.0554160878499
-1.85607293546  573  1012  1011.69430479  2.31068482626  -0.00540023048609
-1.67820293546  570  13  12.907305021  1.69024810384  -0.0130026299921
-1.67820293546  570  27  27.2396735853  1.62915034154  0.0935347507453
-1.67820293546  571  42  41.5311657831  1.6238936518  0.0274110833838
-1.67820293546  572  56  56.012381465  1.70900571228  0.0688177570315
-1.67820293546  572  71  70.6456713689  1.6893572805  0.0579558640164
-1.67820293546  573  85  85.3893572221  1.69733789705  0.0634289541737
-1.67820293546  574  100  100.219724246  1.73537967317  0.0552804172919
-1.67820293546  574  115  115.291809358  1.76550975598  0.0286532030642
-1.67820293546  575  130  130.390856362  1.73063491087  0.0264554828452
-1.67820293546  575  146  145.718022312  1.76569611377  0.0157192084635
-1.67820293546  576  161  161.090177161  1.77122537501  -0.000442830577681
-1.67820293546  576  177  176.711952437  1.73447208335  0.0145628442475
-1.67820293546  577  192  192.384323909  1.73170144385  0.0201965841863
-1.67820293546  577  208  208.301196581  1.75195044794  0.0331934531262
-1.67820293546  578  224  224.23024461  1.73715449168  0.0240603273291
-1.67820293546  578  240  240.429619766  1.69758478103  0.0486611629339
-1.67820293546  579  257  256.637645788  1.70388579142  0.0316936858221
-1.67820293546  579  273  273.155380068  1.76948441595  0.0622674882282
-1.67820293546  579  290  289.740300135  1.67621284168  0.0890425443417
-1.67820293546  580  306  306.462092076  1.76507307185  0.0625936766742
-1.67820293546  580  323  323.417968632  1.8004776169  0.0469828582002
-1.67820293546  581  340  340.411217254  1.70002158253  -0.0104255888927
-1.67820293546  581  358  357.671105613  1.8598769418  0.0113797203969
-1.67820293546  581  375  375.107923162  1.84906986464  0.0100704797195
-1.67820293546  581  393  392.708194569  1.86658666548  -0.000680341979226
-1.67820293546  582  410  410.347513532  1.84731877359  -0.00175643150572
-1.67820293546  582  428  428.299566558  1.86779446036  0.00552976490979
-1.67820293546  582  446  446.383883939  1.85567010129  -0.00758081132728
-1.67820293546  582  465  464.661331585  1.87993912641  -0.0147967435238
-1.67820293546  582  483  483.132329616  1.88722539394  -0.00644271072968
-1.67820293546  582  502  501.743083384  1.8889047585  -0.0260898350451
-1.67820293546  582  521  520.583209966  1.84277719478  0.00424437656085
-1.67820293546  582  540  539.556124116  1.84123925454  -0.000454572310299
-1.67820293546  582  559  558.736135993  1.88603395914  -0.0123333361323
-1.67820293546  582  578  578.147248905  1.90307194809  0.0464011400407
-1.67820293546  582  598  597.697955599  1.92000545236  0.0158489531262
-1.67820293546  582  617  617.474481038  1.90955804669  0.0387954034471
-1.67820293546  582  637  637.442162172  1.92718597936  0.0349805994407
-1.67820293546  582  658  657.595841607  1.95016801715  0.0133646625718
-1.67820293546  582  678  678.056962385  2.17635342264  0.0334576734841
-1.67820293546  581  699  698.703582415  1.98626479515  0.00667175541688
-1.67820293546  581  719  719.489232592  2.01250235445  0.00585662807513
-1.67820293546  581  740  740.489932622  2.0237923821  0.00138531755344
-1.67820293546  580  762  761.882777914  2.09512480063  0.00184117914127
-1.67820293546  580  783  783.312281877  2.05824644261  -0.0151284988656
-1.67820293546  579  805  805.145095428  2.09346747646  -0.0185345669554
-1.67820293546  579  827  827.022765459  2.09545220632  -0.0139500100289
-1.67820293546  578  849  849.296707451  2.0446533041  -0.00591269549245
-1.67820293546  577  872  871.68205114  2.23093757709  -0.0361303163684
-1.67820293546  577  894  894.394527779  2.04360042859  0.0118298173295
-1.67820293546  576  917  917.409885466  2.06640136229  0.0307634566128
-1.67820293546  575  941  940.62394627  2.0703900269  0.000993199946853
-1.67820293546  574  964  964.186046429  2.139407686  0.0328067313816
-1.67820293546  573  988  987.813041793  2.41483181519  -0.0128322514088
-1.67820293546  572  1012  1011.8613746  2.3876296302  -0.000614611203217
-1.50033293546  569  13  13.000656541  1.68533105861  0.00163544874307
-1.50033293546  569  27  27.2788380169  1.5563748081  0.0658636305267
-1.50033293546  570  42  41.620424001  1.61867275744  0.0342979308101
-1.50033293546  571  56  56.1126229041  1.6959256708  0.0917038629567
-1.50033293546  571  71  70.7375599756  1.70197667652  0.0567603100591
-1.50033293546  572  85  85.4652179932  1.70332352464  0.0506862735928
-1.50033293546  573  100  100.32086332  1.72535150659  0.0455400479171
-1.50033293546  573  115  115.386204103  1.75870752984  0.0270442786432
-1.50033293546  574  130  130.478446062  1.72763171316  0.0203841507478
-1.50033293546  574  146  145.818019987  1.78050973389  0.0157928143707
-1.50033293546  575  161  161.210109506  1.77302236561  0.00899601621171
-1.50033293546  575  177  176.821089219  1.74912085879  0.0167095341253
-1.50033293546  576  192  192.485291239  1.72359875658  0.018040516422
-1.50033293546  576  208  208.396522183  1.72165167071  0.028437127942
-1.50033293546  577  224  224.33941601  1.71623322644  0.0253482145762
-1.50033293546  577  241  240.519979262  1.69757188596  0.0222669555489
-1.50033293546  578  257  256.735208245  1.74122906585  0.0232543490736
-1.50033293546  578  273  273.265850417  1.7682148636  0.0738699150982
-1.50033293546  579  290  289.832380643  1.74680898605  0.0757613978089
-1.50033293546  579  307  306.562517012  1.78085334066  0.0402986320883
-1.50033293546  579  324  323.532574472  1.80047866376  0.0426589407092
-1.50033293546  580  341  340.505859011  1.82521814204  0.00560911586816
-1.50033293546  580  358  357.804610207  1.85777223868  0.0241731337052
-1.50033293546  580  375  375.247075152  1.85589497834  0.0154126798224
-1.50033293546  580  393  392.847518377  1.89067162302  0.0122224788933
-1.50033293546  581  410  410.470934285  1.85139768602  -0.00152395016777
-1.50033293546  581  428  428.412671575  1.85512243484  -0.00898589548648
-1.50033293546  581  447  446.528874839  1.8609417451  -3.15387146596e-05
-1.50033293546  581  465  464.796085833  1.88936932389  -0.0181514211585
-1.50033293546  581  483  483.30010536  1.87181926683  0.00963346584161
-1.50033293546  581  502  501.913640825  1.89224690492  -0.00599941066272
-1.50033293546  581  521  520.714424622  1.85726887178  -0.0101950185451
-1.50033293546  581  540  539.707243973  1.85223865745  -0.00472122991991
-1.50033293546  581  559  558.914346019  1.90828293102  0.0104174606209
-1.50033293546  581  578  578.31700685  1.8454883689  0.0561516448514
-1.50033293546  581  598  597.872847549  1.93094355593  0.0337879938917
-1.50033293546  581  618  617.622030333  1.92865961895  0.0246016914017
-1.50033293546  581  638  637.584865564  1.96833611568  0.00548153778711
-1.50033293546  581  658  657.748841726  1.96639735292  0.0047532680252
-1.50033293546  581  678  678.150753531  1.99037755507  0.0366107403503
-1.50033293546  580  699  698.880020933  2.02497660849  0.0231569202535
-1.50033293546  580  720  719.643113216  2.02193958489  -0.000654987311824
-1.50033293546  580  741  740.634827821  2.04338178928  -0.0128584241026
-1.50033293546  579  762  762.059949842  2.08387783894  0.00725497650124
-1.50033293546  579  783  783.494840665  2.06339041369  -0.00620680820216
-1.50033293546  578  805  805.338474983  2.0752969514  -0.00777236107999
-1.50033293546  578  827  827.21599787  2.10071240025  -0.00221261761777
-1.50033293546  577  849  849.485566233  2.05164668863  -0.00549359516338
-1.50033293546  577  872  871.908792995  2.32437027584  -0.0124501260989
-1.50033293546  576  895  894.565228197  2.05294352062  -0.00960588564433
-1.50033293546  575  918  917.587838538  2.07565301947  0.0143023560207
-1.50033293546  574  941  940.826094961  2.12902829824  0.00813690670489
-1.50033293546  573  964  964.39747702  2.13971277314  0.0604539314061
-1.50033293546  573  988  988.080689958  2.47310049897  0.0265399470371
-1.50033293546  572  1012  1012.09713128  2.42677865409  0.0230924343949
-1.32246293546  568  13  13.0829593412  1.68621593669  0.0140068109198
-1.32246293546  569  27  27.3401770527  1.49773784176  0.0520708113025
-1.32246293546  569  42  41.6914840781  1.64261896992  0.022306731026
-1.32246293546  570  56  56.2175166874  1.66778718241  0.107894963111
-1.32246293546  570  71  70.7996219746  1.60984607254  0.0879081842212
-1.32246293546  571  86  85.5586579608  1.71297095385  0.0464860775975
-1.32246293546  572  100  100.405575241  1.73087943685  0.0443140256512
-1.32246293546  572  115  115.484231267  1.74963082267  0.0299958747464
-1.32246293546  573  131  130.571085699  1.74167989624  0.00729796309745
-1.32246293546  573  146  145.919064037  1.78475760402  0.0202741341546
-1.32246293546  574  161  161.311430932  1.75276606842  0.0142269727736
-1.32246293546  574  177  176.933729446  1.77286029414  0.03621243879
-1.32246293546  575  193  192.580342776  1.72838113571  0.00605518196354
-1.32246293546  575  208  208.490368802  1.71539776329  0.016150796862
-1.32246293546  576  224  224.437863046  1.69139683486  0.0132675352821
-1.32246293546  576  241  240.622789079  1.70258050802  0.0113592191845
-1.32246293546  577  257  256.84664625  1.73947373651  0.0103724809829
-1.32246293546  577  273  273.375216287  1.73063939628  0.0684091402278
-1.32246293546  578  290  289.895486582  1.80999348398  0.0616077913472
-1.32246293546  578  307  306.680504045  1.78959473178  0.0429825598216
-1.32246293546  578  324  323.638338963  1.84491663933  0.0274101947666
-1.32246293546  579  341  340.650045756  1.83248682121  0.0367330480628
-1.32246293546  579  358  357.943634728  1.87199622386  0.0341013269686
-1.32246293546  579  375  375.374098975  1.83608421179  0.0142739979538
-1.32246293546  579  393  392.978476748  1.88882456498  0.0132383255119
-1.32246293546  580  411  410.601241962  1.85128775645  0.00443080951344
-1.32246293546  580  429  428.544793977  1.86705220721  -0.00560117373774
-1.32246293546  580  447  446.662262346  1.87049155928  -0.00350043906617
-1.32246293546  580  465  464.939319648  1.9100947763  -0.0141846421545
-1.32246293546  580  483  483.419353089  1.86231346525  -0.00432207206053
-1.32246293546  580  502  502.072164217  1.88964922931  0.00665613081164
-1.32246293546  580  521  520.873482227  1.87199402953  -0.00470601660201
-1.32246293546  580  540  539.871096287  1.87347652988  0.0151434007163
-1.32246293546  580  559  559.092657866  1.89080224477  0.0364819410937
-1.32246293546  580  578  578.450893665  1.83437089235  0.0356355495497
-1.32246293546  580  598  598.048225333  1.92980409844  0.0506488402869
-1.32246293546  580  618  617.77992842  1.95745966121  0.0222409302062
-1.32246293546  580  638  637.744335959  1.96893880102  0.0126135178781
-1.32246293546  580  658  657.941786071  2.00824595506  0.040264928952
-1.32246293546  580  678  678.313440918  1.96447127223  0.0380076784788
-1.32246293546  579  699  699.061483363  2.04500717969  0.0326314658844
-1.32246293546  579  720  719.827570251  2.05770566887  0.0144453007532
-1.32246293546  579  741  740.810656944  2.06255771505  -0.00572431569221
-1.32246293546  578  762  762.244285208  2.05098970132  0.00611447590046
-1.32246293546  578  784  783.663819513  2.07207250476  -0.0226298416587
-1.32246293546  577  806  805.509968605  2.08351127477  -0.0197200884467
-1.32246293546  577  827  827.406649398  2.08251376615  -0.000572738425825
-1.32246293546  576  850  849.668669195  2.07492256888  -0.0238692452874
-1.32246293546  576  872  872.000357592  2.10800207081  -0.0570000347614
-1.32246293546  575  895  894.763164524  2.08965377383  -0.0013141517595
-1.32246293546  574  918  917.792454898  2.12987806871  0.01747281695
-1.32246293546  573  941  941.021834349  2.15102478497  0.00868548265909
-1.32246293546  572  965  964.575083819  2.33832113482  0.0769843034761
-1.32246293546  572  988  988.138776125  2.30572785313  -0.0613321695622
-1.32246293546  571  1012  1012.16814367  2.33773154822  -0.0786223668475
-1.14459293546  567  13  13.1796325873  1.67795575792  0.0310442378548
-1.14459293546  568  27  27.4060275389  1.6074629631  0.0516440628779
-1.14459293546  568  42  41.7897859061  1.67249127949  0.0327091693238
-1.14459293546  569  56  56.3082078714  1.6198830448  0.117870896729
-1.14459293546  569  71  70.8958312885  1.63528657357  0.0841939481949
-1.14459293546  570  86  85.647611754  1.71706913027  0.0548216829724
-1.14459293546  571  100  100.497987513  1.7078748849  0.0458322660751
-1.14459293546  571  116  115.581146464  1.74516766549  0.0338158715713
-1.14459293546  572  131  130.668599774  1.74579780542  0.0150043560454
-1.14459293546  572  146  146.024904715  1.77941025646  0.0222149207701
-1.14459293546  573  161  161.419040561  1.74833822229  0.0149633760508
-1.14459293546  573  177  176.981558091  1.67791173389  0.0124801671524
-1.14459293546  574  193  192.672722078  1.73094368228  -0.00106503168732
-1.14459293546  574  209  208.587193868  1.6152526334  0.0640168599456
-1.14459293546  575  225  224.53915232  1.70714414297  0.00983253963668
-1.14459293546  575  241  240.729754704  1.7329471104  0.0201637854967
-1.14459293546  576  257  256.975870527  1.77824829518  0.0115537072471
-1.14459293546  576  273  273.473853025  1.70555715416  0.0548985112677
-1.14459293546  577  290  290.029318837  1.81228627309  0.0830679535961
-1.14459293546  577  307  306.811053521  1.80889941379  0.0566343779136
-1.14459293546  577  324  323.77434423  1.85862768787  0.0347946078939
-1.14459293546  578  341  340.771747322  1.82950156877  0.0339713933767
-1.14459293546  578  358  358.069837945  1.86596170856  0.0348873072876
-1.14459293546  578  375  375.493770075  1.83678040461  0.0100144911081
-1.14459293546  578  393  393.111795837  1.87779273215  0.00853554148901
-1.14459293546  579  411  410.739474529  1.86081986401  0.00824576887937
-1.14459293546  579  429  428.686802264  1.87661958819  0.000226397710543
-1.14459293546  579  447  446.797595168  1.89020769508  0.00143528406736
-1.14459293546  579  465  465.091321958  1.91159879163  -0.00656361358334
-1.14459293546  579  484  483.55533566  1.8538018179  -0.00926625180635
-1.14459293546  579  502  502.216499884  1.88281328264  0.0141205329444
-1.14459293546  579  521  521.035174109  1.88332965876  0.0114264632536
-1.14459293546  579  540  540.032950732  1.87042796452  0.0254367439075
-1.14459293546  579  559  559.245301066  1.88208330425  0.041365933957
-1.14459293546  579  579  578.590059347  1.86654398457  0.0132186598719
-1.14459293546  579  598  598.208330268  1.92312198628  0.0552473356017
-1.14459293546  579  618  617.96195505  1.96581303884  0.0370264520799
-1.14459293546  579  638  637.921877005  2.00498884223  0.0275125224046
-1.14459293546  579  658  658.132141808  1.99275239738  0.0595259066182
-1.14459293546  579  678  678.465460766  1.95155386273  0.0286723838514
-1.14459293546  578  699  699.233022064  2.01932843079  0.0359124613101
-1.14459293546  578  720  719.997566107  2.04440066313  0.0156784689129
-1.14459293546  578  741  741.015076072  2.10275471274  0.0091334672101
-1.14459293546  577  762  762.423217057  2.06191223024  0.00202051487803
-1.14459293546  577  784  783.84831873  2.11777193182  -0.0198758819271
-1.14459293546  576  806  805.689562888  2.09272236143  -0.0182956876173
-1.14459293546  576  828  827.577116067  2.05968548353  -0.0242526516034
-1.14459293546  575  850  849.860018457  2.09581342338  -0.0152580786895
-1.14459293546  575  872  872.225839594  2.04363454013  0.0184362138717
-1.14459293546  574  895  894.970405314  2.120200689  0.00768251933906
-1.14459293546  573  918  918.014967123  2.13266769194  0.0287064838646
-1.14459293546  572  941  941.241581435  2.12553184084  0.0227009292937
-1.14459293546  571  965  964.677564719  2.30613000936  0.00122301983814
-1.14459293546  571  988  988.350517697  2.36601204048  -0.0823535699258
-1.14459293546  570  1012  1012.4020062  2.19527928769  0.00914174899167
-0.966722935462  566  13  13.2771698688  1.62756860799  0.0328218732566
-0.966722935462  567  27  27.4822853146  1.57282982633  0.0363760957794
-0.966722935462  567  42  41.8940660762  1.6789116971  0.0463796187711
-0.966722935462  568  56  56.3907223271  1.58912271737  0.103626105721
-0.966722935462  569  71  70.9805396421  1.64800761151  0.0821896173741
-0.966722935462  569  86  85.7433569265  1.74459609416  0.0413588576337
-0.966722935462  570  101  100.593167263  1.72757744997  0.0354372894392
-0.966722935462  570  116  115.667160134  1.75382384298  0.0275429484063
-0.966722935462  571  131  130.765028395  1.74184038555  0.0182753898557
-0.966722935462  571  146  146.156840762  1.76435034543  0.0644489470858
-0.966722935462  572  162  161.520382683  1.74962147743  0.0116259578384
-0.966722935462  573  177  177.074300332  1.68182551987  0.0150893965321
-0.966722935462  573  193  192.779902377  1.73932752058  -0.0125550842701
-0.966722935462  574  209  208.656539003  1.67467559441  0.0283760048587
-0.966722935462  574  225  224.650700071  1.72173091474  0.0106592286029
-0.966722935462  574  241  240.845490617  1.76231151734  0.0161187850826
-0.966722935462  575  257  257.127784346  1.74224001075  0.0696768522892
-0.966722935462  575  274  273.572590023  1.73430285  0.016565182492
-0.966722935462  576  290  290.167113853  1.78265663478  0.0917841847315
-0.966722935462  576  307  306.940724619  1.81723940271  0.0621375854466
-0.966722935462  576  324  323.909579438  1.85601500798  0.0509587897879
-0.966722935462  577  341  340.902480105  1.82964302354  0.0370712209878
-0.966722935462  577  358  358.200364117  1.83744692889  0.0346782285963
-0.966722935462  577  376  375.628208892  1.86774148406  0.0126209049764
-0.966722935462  577  393  393.261353333  1.87219784833  0.0136559635907
-0.966722935462  578  411  410.885894036  1.8779031874  0.0100933650831
-0.966722935462  578  429  428.821021364  1.88108668131  0.00150073196451
-0.966722935462  578  447  446.931412894  1.9199404412  -0.00333403689468
-0.966722935462  578  465  465.255786765  1.90055351417  0.0120615136729
-0.966722935462  578  484  483.696629885  1.89871622195  -0.00881611353719
-0.966722935462  578  502  502.35805419  1.84163943497  0.00226032114408
-0.966722935462  578  521  521.191518404  1.87247483825  0.0277093222046
-0.966722935462  578  540  540.195183391  1.86653329758  0.0392637344695
-0.966722935462  578  559  559.403723081  1.86380701384  0.0327811281055
-0.966722935462  578  579  578.746006065  1.9109228764  0.0152620958572
-0.966722935462  578  598  598.350777685  1.89519311554  0.0415957577177
-0.966722935462  578  618  618.130167571  1.92142442133  0.0556871686204
-0.966722935462  578  638  638.099862028  1.98974025261  0.0476854561763
-0.966722935462  578  658  658.275531991  1.95803805562  0.0413091659048
-0.966722935462  578  679  678.617041508  1.97834959149  0.00773788306824
-0.966722935462  577  699  699.406045061  2.00452884409  0.0283335526629
-0.966722935462  577  720  720.205422125  2.01068203796  0.029720562002
-0.966722935462  577  741  741.202440659  2.06374266951  0.0208489498282
-0.966722935462  576  763  762.583894064  2.06629483472  -0.00054418590655
-0.966722935462  576  784  784.038245072  2.13534788545  -0.00370925457735
-0.966722935462  575  806  805.89406387  2.09708573172  -0.0075394084877
-0.966722935462  575  828  827.773923636  2.11261427886  -0.021375676545
-0.966722935462  574  850  850.067705905  2.08231261618  0.00342002034942
-0.966722935462  574  872  872.406818488  2.04943522009  0.00881562993998
-0.966722935462  573  895  895.181026785  2.09865302319  0.026009799445
-0.966722935462  572  918  918.211306534  2.11138313912  0.0355892888089
-0.966722935462  571  941  941.441559271  2.09290529265  0.0154823137745
-0.966722935462  571  965  964.866623654  2.44006690332  -0.0133576080752
-0.966722935462  570  989  988.543760039  2.17216652507  -0.0245578989204
-0.966722935462  569  1013  1012.60855591  2.21845308907  0.00752641314244
-0.788852935462  565  13  13.3757372351  1.62344259871  0.042857396402
-0.788852935462  566  28  27.5571849581  1.58801840877  0.00924842303633
-0.788852935462  566  42  42.0006893262  1.70072789045  0.0693101027325
-0.788852935462  567  56  56.4666377628  1.59719824288  0.0756179347399
-0.788852935462  568  71  71.0293215215  1.71937544847  0.0406447774465
-0.788852935462  568  86  85.8425282583  1.75094273007  0.0534697266062
-0.788852935462  569  101  100.68769765  1.72959778627  0.0353679217665
-0.788852935462  569  116  115.768713682  1.77045469942  0.0252553298561
-0.788852935462  570  131  130.866529864  1.75800027514  0.0164646893147
-0.788852935462  570  146  146.190260149  1.67349385848  0.0323216163866
-0.788852935462  571  162  161.622298235  1.75425261993  0.0130926849869
-0.788852935462  572  177  177.123052292  1.7807276733  -0.0192432114377
-0.788852935462  572  193  192.906004967  1.74868408129  0.00569640649545
-0.788852935462  573  209  208.681682307  1.71128424486  -0.0496566966423
-0.788852935462  573  225  224.757869577  1.72002779123  0.000105461520254
-0.788852935462  573  241  240.985579395  1.75466174098  0.0309969619637
-0.788852935462  574  257  257.244321277  1.71874409409  0.0830100269433
-0.788852935462  574  274  273.71746326  1.75137218432  0.0432121977125
-0.788852935462  575  290  290.294552501  1.73503616325  0.0957440718314
-0.788852935462  575  307  307.07750269  1.83327211448  0.0751260873312
-0.788852935462  575  324  324.046663635  1.84628450421  0.0676133872703
-0.788852935462  576  341  341.03681043  1.85504093086  0.037445899794
-0.788852935462  576  358  358.328600346  1.84211253418  0.0325258577283
-0.788852935462  576  376  375.767457451  1.86555030307  0.0252433604322
-0.788852935462  576  393  393.31148579  1.78270049301  0.000664262953886
-0.788852935462  577  411  411.038936779  1.86657774241  0.0166233464192
-0.788852935462  577  429  428.968169515  1.90219234519  0.00750952488564
-0.788852935462  577  447  447.095435186  1.90452387995  0.00949158406742
-0.788852935462  577  465  465.388841065  1.89384692533  0.000479694064287
-0.788852935462  577  484  483.852572941  1.91269720964  0.00137416025595
-0.788852935462  577  502  502.490247895  1.85982072711  -0.00532227962344
-0.788852935462  577  521  521.342755336  1.87719951496  0.0265853773119
-0.788852935462  577  540  540.355588928  1.85315660294  0.0311184841215
-0.788852935462  577  560  559.543782476  1.8712138994  0.0147740015157
-0.788852935462  577  579  578.91295529  1.926368025  0.0268703658438
-0.788852935462  577  599  598.518509622  1.89901427207  0.0341683850319
-0.788852935462  577  618  618.311062906  1.90984426614  0.0641766604201
-0.788852935462  577  638  638.274719728  1.95788983683  0.0470318673439
-0.788852935462  577  658  658.441924822  1.95118054431  0.032806108855
-0.788852935462  577  679  678.784740714  1.99952093805  0.00979108579784
-0.788852935462  576  700  699.553150135  1.98621824134  0.00273375608621
-0.788852935462  576  720  720.373108826  2.00840182514  0.0252158285109
-0.788852935462  576  741  741.375841758  2.04935487275  0.0137966874863
-0.788852935462  575  763  762.766502003  2.08567370704  -0.00159590903969
-0.788852935462  575  784  784.241748496  2.10293835356  0.00419315688775
-0.788852935462  574  806  806.098036732  2.11788851222  0.00673823779236
-0.788852935462  574  828  827.962785676  2.13388725638  -0.00586914330805
-0.788852935462  573  850  850.283092708  2.08501497022  0.02753596661
-0.788852935462  573  873  872.598733373  2.03403003819  0.00488202698648
-0.788852935462  572  895  895.384787107  2.08031753342  0.0297857189575
-0.788852935462  571  918  918.404369725  2.091438622  0.0292125249438
-0.788852935462  570  942  941.640401017  2.11878247224  0.00723295455156
-0.788852935462  570  965  965.106083131  2.41033800562  0.0287420796298
-0.788852935462  569  989  988.759886498  2.21668783227  -0.0074864842038
-0.788852935462  568  1013  1012.80609399  2.2386539719  0.0023761968956
-0.610982935462  564  13  13.4463115773  1.59932492327  0.019014367403
-0.610982935462  565  28  27.63968696  1.6028099013  0.00904027871855
-0.610982935462  565  42  42.1108539161  1.67919954142  0.094219618413
-0.610982935462  566  57  56.5466017621  1.59759770112  0.0540602939425
-0.610982935462  567  71  71.1441027469  1.71270319229  0.0821534834984
-0.610982935462  567  86  85.9582375995  1.75443134093  0.0637867216784
-0.610982935462  568  101  100.785078477  1.74334056973  0.0351185683337
-0.610982935462  568  116  115.882384044  1.78023070645  0.0364073825048
-0.610982935462  569  131  130.981892177  1.75773096891  0.021127198369
-0.610982935462  570  146  146.279814683  1.62638446148  0.00590177067509
-0.610982935462  570  162  161.723573859  1.75857038375  0.0158429928848
-0.610982935462  571  177  177.254790176  1.75769037354  0.0207993576589
-0.610982935462  571  193  193.032666574  1.76439579199  0.0124173432488
-0.610982935462  572  209  208.802573224  1.76387920865  -0.00751058456196
-0.610982935462  572  225  224.868979197  1.75650385607  0.00917214864829
-0.610982935462  572  241  241.038391511  1.64592852272  0.0449162260518
-0.610982935462  573  257  257.364717506  1.70959898759  0.0751120743571
-0.610982935462  573  274  273.835558178  1.78189717596  0.0468032882443
-0.610982935462  574  290  290.401784066  1.74006693449  0.0864959574474
-0.610982935462  574  307  307.208954007  1.80760899327  0.0726057255708
-0.610982935462  574  324  324.179542223  1.82490951764  0.0700807157408
-0.610982935462  575  341  341.175395254  1.83782825701  0.0437618892331
-0.610982935462  575  358  358.460553211  1.83156839474  0.0367657561552
-0.610982935462  575  376  375.920588009  1.85812403455  0.037844641604
-0.610982935462  576  393  393.384643015  1.89303626399  -0.0103475652836
-0.610982935462  576  411  411.175400086  1.88337806613  0.0221225859567
-0.610982935462  576  429  429.115037369  1.91999875013  0.00723458934826
-0.610982935462  576  447  447.237030704  1.90588228422  0.0119037958672
-0.610982935462  576  466  465.531077784  1.88461571069  0.00144982263697
-0.610982935462  576  484  484.01460831  1.92152513012  0.0129856225836
-0.610982935462  576  503  502.63119475  1.86729612353  -0.00848180972355
-0.610982935462  576  521  521.485562483  1.85858283562  0.014427417413
-0.610982935462  577  540  540.355588928  1.85315660294  0.0311184841215
-0.610982935462  576  560  559.695121973  1.89001084321  0.0163998270461
-0.610982935462  576  579  579.089277016  1.92616366753  0.0467480262336
-0.610982935462  576  599  598.651970837  1.92592095533  0.0159412519047
-0.610982935462  576  618  618.458669707  1.90690228063  0.039303986878
-0.610982935462  576  638  638.423628931  1.92748655883  0.0282812348318
-0.610982935462  576  659  658.579710169  1.95977923391  0.0124066857782
-0.610982935462  576  679  678.968633063  2.02804226152  0.0267587744821
-0.610982935462  575  700  699.729768476  2.04112318162  0.0103036895759
-0.610982935462  575  721  720.539858923  1.99897839851  0.0127296516735
-0.610982935462  575  742  741.543063553  2.07560776306  -0.0054363290143
-0.610982935462  574  763  762.968793105  2.10934370875  0.00192408002831
-0.610982935462  574  784  784.41475072  2.08080110209  -0.00229326704758
-0.610982935462  573  806  806.282029903  2.08660464509  0.00743073626396
-0.610982935462  573  828  828.167801547  2.10539349239  0.0028391813599
-0.610982935462  572  850  850.448408569  2.0376971693  0.0040625547122
-0.610982935462  572  873  872.773840501  2.08502511954  -0.00131295963285
-0.610982935462  571  896  895.575044137  2.06506589112  0.0148305971474
-0.610982935462  570  919  918.582844507  2.1017367129  0.00199235772053
-0.610982935462  569  942  941.851531058  2.16032331115  0.0215882245957
-0.610982935462  569  965  965.184543181  2.29058022176  -0.0760617881709
-0.610982935462  568  989  988.988147975  2.26514415549  0.0169329503607
-0.610982935462  567  1013  1013.03044432  2.26245764363  0.0161863823492
-0.433112935462  563  14  13.5323554717  1.59614651453  0.0190165611108
-0.433112935462  564  28  27.7328281908  1.64929408001  0.00880412722279
-0.433112935462  564  42  42.2078162036  1.64494292096  0.0911677601286
-0.433112935462  565  57  56.6365483246  1.62821943738  0.0430204963397
-0.433112935462  566  71  71.2576845451  1.67175016985  0.0991325346786
-0.433112935462  566  86  86.057921336  1.74319194748  0.0683033238314
-0.433112935462  567  101  100.891817146  1.74837814646  0.0432614535518
-0.433112935462  567  116  115.992702303  1.76916742075  0.0680512282715
-0.433112935462  568  131  131.095736437  1.76241202881  0.0284267682442
-0.433112935462  569  146  146.349455201  1.75268320071  0.00916414920184
-0.433112935462  569  162  161.843645772  1.76866863593  0.0154536194968
-0.433112935462  570  177  177.365580251  1.74681633458  0.0140679899909
-0.433112935462  570  193  193.149730701  1.75570240033  0.0169284255642
-0.433112935462  571  209  208.93811335  1.76510815165  0.021452784951
-0.433112935462  571  225  225.002578341  1.75803701371  0.0212840491543
-0.433112935462  572  241  241.158431696  1.61809638633  0.0398629963336
-0.433112935462  572  257  257.467114756  1.71941193833  0.0556248924841
-0.433112935462  572  274  273.968873093  1.79497703251  0.0608775556336
-0.433112935462  573  291  290.516829797  1.75932461528  0.0609470552858
-0.433112935462  573  307  307.336825219  1.79175515795  0.0635558460851
-0.433112935462  573  324  324.309366962  1.79576838208  0.0608066531954
-0.433112935462  574  341  341.307855568  1.82258591554  0.0370322300884
-0.433112935462  574  359  358.569986153  1.85082043238  0.0139924175878
-0.433112935462  574  376  376.056415179  1.86059235897  0.0373208298559
-0.433112935462  575  394  393.526747027  1.86072381609  0.0125209919462
-0.433112935462  575  411  411.308087307  1.86565436307  0.0138731475477
-0.433112935462  575  429  429.267359447  1.90084577667  0.0131603726974
-0.433112935462  575  447  447.383310529  1.87976053146  0.00280574604793
-0.433112935462  575  466  465.661203653  1.88509132211  -0.0168847133247
-0.433112935462  575  484  484.170830375  1.90532443004  0.0271855893806
-0.433112935462  575  503  502.783989814  1.89083718711  -0.00468498889539
-0.433112935462  576  521  521.485562113  1.85859418046  0.0143472563905
-0.433112935462  576  540  540.497295536  1.84435974221  0.0213275624163
-0.433112935462  576  560  559.695197729  1.89059332453  0.0160628588026
-0.433112935462  575  579  579.271640009  1.88024026558  0.060370142746
-0.433112935462  575  599  598.812869439  1.93670452607  0.00767653098284
-0.433112935462  575  619  618.609010733  1.91152879622  0.0415810638461
-0.433112935462  575  639  638.572778902  1.94997292284  0.0158151959897
-0.433112935462  575  659  658.755725652  2.00127615  0.00945267049024
-0.433112935462  575  679  679.163816476  2.00274622613  0.0486480740119
-0.433112935462  574  700  699.934601141  2.04654584446  0.0289669240556
-0.433112935462  574  721  720.710576478  2.04169246307  0.00548820675526
-0.433112935462  574  742  741.735148439  2.07038877207  0.00544730670494
-0.433112935462  573  763  763.182016323  2.09911651535  0.0253932738561
-0.433112935462  573  785  784.592303498  2.08559706452  -0.0124736914652
-0.433112935462  572  806  806.466670972  2.05152152617  0.011767770677
-0.433112935462  572  828  828.351063458  2.07777903816  0.00915294198297
-0.433112935462  571  851  850.620095172  2.05405041547  -0.0242693456586
-0.433112935462  571  873  872.99223604  2.08448097713  0.00429708312381
-0.433112935462  570  896  895.766836949  2.10186818486  0.0072026687935
-0.433112935462  569  919  918.792533106  2.13810785912  0.0117844679723
-0.433112935462  568  942  942.085080787  2.17271047677  0.0889580641845
-0.433112935462  568  965  965.421822844  2.15533001489  0.01330704987
-0.433112935462  567  989  989.231179803  2.26939315302  0.0384343679921
-0.433112935462  566  1013  1013.25627877  2.26503623456  0.0287587089952
-0.255242935462  562  14  13.6185478682  1.61051965395  0.00772333593814
-0.255242935462  563  28  27.8276366354  1.66587364589  0.0162982645638
-0.255242935462  563  42  42.3280810975  1.58756985386  0.14669010042
-0.255242935462  564  57  56.7249182213  1.668162139  0.0335327368027
-0.255242935462  565  71  71.3483989172  1.65611878767  0.0907083517553
-0.255242935462  565  86  86.1767586176  1.7281335299  0.082966591089
-0.255242935462  566  101  101.002701994  1.74852633649  0.0556070686664
-0.255242935462  566  116  116.032110211  1.6677883566  0.0540181348529
-0.255242935462  567  131  131.204100886  1.74319907192  0.0290676295106
-0.255242935462  568  146  146.452577277  1.73037364846  0.0174421724192
-0.255242935462  568  162  161.953174715  1.77968187635  0.0214077641814
-0.255242935462  569  177  177.474539447  1.73644444447  0.0109623238033
-0.255242935462  569  193  193.266727204  1.74575442429  0.0128763625257
-0.255242935462  570  209  209.057390564  1.76966543889  0.0193733286587
-0.255242935462  570  225  225.125562161  1.76017659222  0.0296753892424
-0.255242935462  571  241  241.230806995  1.75933971806  0.0317021619202
-0.255242935462  571  258  257.579162927  1.73071158293  0.0299920539863
-0.255242935462  571  274  274.109226105  1.76878049698  0.082949768427
-0.255242935462  572  291  290.622419215  1.75735247244  0.0355949893925
-0.255242935462  572  307  307.450702621  1.78206748415  0.0457105982933
-0.255242935462  572  324  324.429254366  1.8096378091  0.0386854061939
-0.255242935462  573  341  341.435338038  1.82082025098  0.0388111391759
-0.255242935462  573  359  358.700842789  1.86273087616  0.00745272050604
-0.255242935462  573  376  376.205653732  1.86664580025  0.0443877086144
-0.255242935462  574  394  393.649138504  1.89067678033  0.00810584491184
-0.255242935462  574  411  411.4560571  1.87512590517  0.0248702333194
-0.255242935462  574  429  429.409570275  1.88040331302  0.0172646892725
-0.255242935462  574  448  447.524331069  1.88009423476  0.00583716122976
-0.255242935462  574  466  465.813499417  1.90817621996  -0.00271006375061
-0.255242935462  574  484  484.316691753  1.8745570176  0.0178513566469
-0.255242935462  575  503  502.878590543  1.78184362384  0.0177438167223
-0.255242935462  575  522  521.617139879  1.86121183999  -0.00274240563828
-0.255242935462  575  541  540.646217603  1.83938212987  0.0165932578615
-0.255242935462  575  560  559.846529442  1.91653298711  0.0212797382612
-0.255242935462  575  579  579.27213506  1.8773985449  0.0582527597458
-0.255242935462  574  599  598.996714658  1.9644612764  0.0447058496803
-0.255242935462  574  619  618.748859169  1.9178234177  0.19639735652
-0.255242935462  574  639  638.736962755  1.98015825675  0.0135162434831
-0.255242935462  574  659  658.949841165  2.00858885375  0.0314600930122
-0.255242935462  574  679  679.338921497  1.99195508635  0.0432488421103
-0.255242935462  573  700  700.136483533  2.03782175257  0.054450538615
-0.255242935462  573  721  720.903039213  2.07512198278  0.0235015248391
-0.255242935462  573  742  741.921878181  2.0934891909  0.0130060478581
-0.255242935462  572  763  763.346322969  2.08024697068  0.0206537795675
-0.255242935462  572  785  784.772333922  2.13608417776  -0.0175902113486
-0.255242935462  571  807  806.646608743  2.22876682312  0.075532129545
-0.255242935462  571  829  828.544380974  2.06256720888  0.00154237892163
-0.255242935462  570  851  850.831701644  2.09561737867  -0.00785647920041
-0.255242935462  570  873  873.207135852  2.06363025179  0.0256344244269
-0.255242935462  569  896  895.988806601  2.13221495188  0.0240658174787
-0.255242935462  568  919  919.026098157  2.14645589484  0.0306431013556
-0.255242935462  567  942  942.208828388  2.41181365143  0.0550904494336
-0.255242935462  567  966  965.62192836  2.17367817646  0.0100032772439
-0.255242935462  566  989  989.425514642  2.20139745855  0.0217018805101
-0.255242935462  565  1013  1013.48418331  2.22713342457  0.0359213410463
-0.0773729354616  561  14  13.6967285354  1.61880302674  -0.0143699746366
-0.0773729354616  562  28  27.9419577159  1.67209055001  0.0310403292957
-0.0773729354616  562  42  42.4042139273  1.53695908256  0.147038032499
-0.0773729354616  563  57  56.8272150421  1.69500264324  0.0404560431285
-0.0773729354616  564  71  71.4430165323  1.63935378588  0.0789076429582
-0.0773729354616  564  86  86.2837255242  1.70890318549  0.0878979612633
-0.0773729354616  565  101  101.111199805  1.73980896083  0.0574521225191
-0.0773729354616  566  116  116.148288571  1.64505219694  0.0519925792739
-0.0773729354616  566  131  131.321495015  1.73672848521  0.0374135705209
-0.0773729354616  567  147  146.558256972  1.7429131725  0.0195340622472
-0.0773729354616  567  162  162.079779051  1.77275816561  0.0343712922073
-0.0773729354616  568  178  177.584987553  1.74970652795  0.0128274937689
-0.0773729354616  568  193  193.380199958  1.73577494603  0.0231547294858
-0.0773729354616  569  209  209.184353851  1.76025668669  0.0264073108928
-0.0773729354616  569  225  225.250779085  1.74765398303  0.0292731203484
-0.0773729354616  570  241  241.354171311  1.71857944528  0.0355004692186
-0.0773729354616  570  258  257.70339458  1.75944377366  0.0378550356051
-0.0773729354616  570  274  274.246633921  1.72076484657  0.0925537655743
-0.0773729354616  571  291  290.754480616  1.78821035866  0.05499712861
-0.0773729354616  571  308  307.574096717  1.79485224822  0.0329763487345
-0.0773729354616  571  324  324.498252684  1.74541935716  0.0416015586272
-0.0773729354616  572  342  341.568109329  1.83292701583  0.0352847491914
-0.0773729354616  572  359  358.839085283  1.89838975053  0.00821640900113
-0.0773729354616  572  376  376.317851754  1.83811083909  0.0234740150278
-0.0773729354616  573  394  393.793207162  1.89929701162  0.00592137463516
-0.0773729354616  573  412  411.59711046  1.89568848412  0.0140675240168
-0.0773729354616  573  430  429.543921434  1.88191566855  0.00446422564569
-0.0773729354616  573  448  447.673270976  1.8935653363  0.00662099728771
-0.0773729354616  573  466  465.981599322  1.9187409041  0.0175262776306
-0.0773729354616  573  484  484.466314706  1.86446823217  0.0150012013887
-0.0773729354616  574  503  502.953988347  1.9193066126  0.0127753090926
-0.0773729354616  574  522  521.783912832  1.90913813894  0.000640479950872
-0.0773729354616  574  541  540.796947679  1.87471801509  0.00536615090206
-0.0773729354616  574  560  560.018423003  1.90993873785  0.037453009568
-0.0773729354616  574  579  579.416580174  1.85926407674  0.0485743102575
-0.0773729354616  573  599  599.168591488  1.94841347888  0.0403317346948
-0.0773729354616  573  619  618.94734056  1.96804751483  0.0503073859165
-0.0773729354616  573  639  638.940433715  2.00134166909  0.0297567834718
-0.0773729354616  573  659  659.136592335  2.00529641099  0.0462309993798
-0.0773729354616  573  679  679.49434295  1.97703719871  0.00865816003992
-0.0773729354616  572  700  700.243973202  2.21428086546  0.0646824339654
-0.0773729354616  572  721  721.097095003  2.05517484871  0.0344540263283
-0.0773729354616  572  742  742.105369352  2.09032015682  0.0210511012774
-0.0773729354616  571  764  763.521536621  2.08558478492  0.00236482495658
-0.0773729354616  571  785  784.970554205  2.13022631276  -0.00144147271516
-0.0773729354616  570  807  806.698231924  2.23591056096  -0.0387977314932
-0.0773729354616  570  829  828.717588361  2.07277809411  -0.0187994057531
-0.0773729354616  569  851  851.049565262  2.08062979083  0.0137095231914
-0.0773729354616  569  873  873.395368157  2.05657771678  0.0207899473518
-0.0773729354616  568  896  896.2101355  2.11101824019  0.0445074234834
-0.0773729354616  567  919  919.250096822  2.11439479964  0.0534146781631
-0.0773729354616  567  942  942.429832756  2.25618605632  0.0517426446469
-0.0773729354616  566  966  965.851224935  2.20717142118  0.0273661201127
-0.0773729354616  565  990  989.647950031  2.21552558593  0.0225781495467
-0.0773729354616  564  1014  1013.67801195  2.24595032619  0.0144240693032
0.100497064538  560  14  13.7800206356  1.63974146082  -0.00105025379793
0.100497064538  561  28  28.0510130724  1.66538085582  0.0604655087585
0.100497064538  561  42  42.4357677055  1.47046554256  0.0756336724738
0.100497064538  562  57  56.9380261285  1.70524951948  0.0642232913375
0.100497064538  563  72  71.5220198594  1.64991392407  0.0385481394594
0.100497064538  563  86  86.3727537859  1.68696365578  0.0808242839327
0.100497064538  564  101  101.214065791  1.73185598065  0.0557585292071
0.100497064538  565  116  116.206265806  1.76721318398  0.0385420088201
0.100497064538  565  131  131.418243397  1.73512337907  0.026650506896
0.100497064538  566  147  146.656716122  1.74657576246  0.0205145944876
0.100497064538  566  162  162.186875763  1.76133446889  0.0391958764462
0.100497064538  567  178  177.689589521  1.76092780499  0.00259910966322
0.100497064538  567  193  193.489287966  1.73340464097  0.0279204778093
0.100497064538  568  209  209.300541798  1.74544900269  0.0345560426392
0.100497064538  568  225  225.372930419  1.74024318613  0.0326305011073
0.100497064538  569  241  241.463489093  1.68140768838  0.0338015242762
0.100497064538  569  258  257.821458285  1.77939892861  0.0324768322264
0.100497064538  569  274  274.365884561  1.7051326706  0.0833386577033
0.100497064538  570  291  290.877401544  1.81760457463  0.0512897570353
0.100497064538  570  308  307.70127363  1.81482735092  0.039119275347
0.100497064538  571  325  324.558564305  1.82571702172  0.0308813639057
0.100497064538  571  342  341.704458679  1.8534993645  0.0306464277312
0.100497064538  571  359  359.00238422  1.87381077134  0.0388920034263
0.100497064538  571  376  376.445845599  1.83702487646  0.0225919483607
0.100497064538  572  394  393.952192079  1.90272528141  0.0332178414002
0.100497064538  572  412  411.739799758  1.8913592128  0.0220459934469
0.100497064538  572  430  429.673308158  1.88380274427  0.0012714118257
0.100497064538  572  448  447.820585968  1.91537922802  0.0206316060017
0.100497064538  572  466  466.143056994  1.88748074297  0.0280312400026
0.100497064538  572  485  484.601221789  1.88725503059  0.0123445817045
0.100497064538  573  503  503.120287953  1.90512068574  0.0220166905252
0.100497064538  573  522  521.954144957  1.91956693634  0.0238793637242
0.100497064538  573  541  540.967231701  1.91139780481  0.0217189002285
0.100497064538  573  560  560.187838035  1.89658533957  0.0490507426656
0.100497064538  573  580  579.560461232  1.87835570834  0.0204818958233
0.100497064538  572  599  599.351543782  1.90705249008  0.0616337388693
0.100497064538  572  619  619.13563804  1.97741528537  0.0628627922064
0.100497064538  572  639  639.109599435  2.00846940865  0.044426947759
0.100497064538  572  659  659.304181212  1.98256560937  0.0515728900529
0.100497064538  572  680  679.663505088  2.001574768  0.0104780588432
0.100497064538  572  700  700.275060798  2.08844676436  -0.0472500307625
0.100497064538  571  721  721.274991868  2.02102018385  0.0370004318758
0.100497064538  571  742  742.284345948  2.0477461981  0.0229539712175
0.100497064538  570  764  763.704216655  2.09694617362  7.75687846538e-05
0.100497064538  570  785  785.178564679  2.11128579431  0.0243502875195
0.100497064538  570  807  806.793973115  2.11853461028  -0.0592045463241
0.100497064538  569  829  828.929112945  2.08961944104  0.00975847723686
0.100497064538  568  851  851.245573356  2.0793293356  0.0194354613333
0.100497064538  568  874  873.57196644  2.04979179547  -0.00331044493193
0.100497064538  567  896  896.405391793  2.06817954654  0.0360942312691
0.100497064538  566  919  919.431579735  2.07115328158  0.0399325751687
0.100497064538  566  942  942.489835604  2.30238354032  -0.059210241489
0.100497064538  565  966  966.071043198  2.18213754857  0.0459714226697
0.100497064538  564  990  989.863623731  2.24090127872  0.0315423102572
0.100497064538  563  1014  1013.90296832  2.27120334624  0.0305483388885
0.278367064538  559  14  13.8823527101  1.66896321247  0.0148710846538
0.278367064538  560  28  28.1517928518  1.64515885114  0.0777603372457
0.278367064538  561  42  42.4746713326  1.14974166047  -0.0116261507943
0.278367064538  561  57  57.0265539586  1.6920248303  0.0592196581679
0.278367064538  562  72  71.621534069  1.66181202174  0.0475320994432
0.278367064538  562  86  86.4516892839  1.68054992652  0.0691886238117
0.278367064538  563  101  101.311041143  1.7072135431  0.0390859894973
0.278367064538  564  116  116.304355073  1.73897358765  0.0480667626529
0.278367064538  564  132  131.513908362  1.73921732152  0.0172211450167
0.278367064538  565  147  146.758642927  1.74942679105  0.0196917349044
0.278367064538  565  162  162.298823206  1.7197800245  0.0408473975966
0.278367064538  566  178  177.794155274  1.76080993902  0.00724397872464
0.278367064538  566  194  193.585311438  1.73844531067  0.0171296309952
0.278367064538  567  209  209.410314655  1.7160293669  0.0358364346676
0.278367064538  567  225  225.478998075  1.71288845144  0.0327530159991
0.278367064538  568  242  241.561071323  1.7007813677  0.025359082168
0.278367064538  568  258  257.946475175  1.79566462614  0.0515195075612
0.278367064538  568  274  274.468697334  1.59898587814  0.125880189306
0.278367064538  569  291  291.016993149  1.81321649385  0.073710611888
0.278367064538  569  308  307.823501405  1.84453451946  0.0354516404072
0.278367064538  570  325  324.669976788  1.83660843392  0.0257824827578
0.278367064538  570  342  341.830253563  1.87334171601  0.0441854585347
0.278367064538  570  359  359.134193104  1.85508352332  0.0412042867934
0.278367064538  570  377  376.57606256  1.84658921315  0.0162947007507
0.278367064538  571  394  394.098265295  1.88003854247  0.049933852927
0.278367064538  571  412  411.87695983  1.89801155786  0.0310229967849
0.278367064538  571  430  429.814848192  1.91286717459  0.0113529787729
0.278367064538  571  448  447.974971918  1.9181221497  0.0368879427343
0.278367064538  571  466  466.284955229  1.88095967543  0.0332168475729
0.278367064538  572  485  484.600972325  1.8834437308  0.00912245680652
0.278367064538  572  503  503.264249038  1.88699607162  0.0204353111909
0.278367064538  572  522  522.117037748  1.89341490201  0.0338350456306
0.278367064538  572  541  541.136457797  1.89418129864  0.0421423137911
0.278367064538  572  560  560.342355224  1.86201637027  0.0451229581692
0.278367064538  572  580  579.713589318  1.92105930196  0.009022571626
0.278367064538  572  599  599.351325804  1.90962736455  0.0604723792996
0.278367064538  571  619  619.296784122  1.94247138496  0.0616930657246
0.278367064538  571  639  639.28311309  1.95984313827  0.043404114291
0.278367064538  571  659  659.463959284  1.96611953139  0.0275152356982
0.278367064538  571  680  679.852438288  2.03858167232  0.0312652702114
0.278367064538  571  700  700.441860694  2.00208244268  0.0204819533909
0.278367064538  570  721  721.441848983  2.02299989285  0.0383619496506
0.278367064538  570  742  742.459218188  2.06520228532  0.0129124212788
0.278367064538  569  764  763.747370297  2.25059866111  -0.085282604307
0.278367064538  569  785  785.357590522  2.09514068217  0.0189284283554
0.278367064538  569  807  807.022671116  2.09514879639  -0.000678977358913
0.278367064538  568  829  829.106225442  2.11246624663  0.00498752062427
0.278367064538  567  851  851.439496489  2.03964258175  0.0238853595234
0.278367064538  567  874  873.783738835  2.09876192076  0.0131204997245
0.278367064538  566  897  896.576476796  2.07845085761  0.0155399172941
0.278367064538  565  920  919.606488832  2.09704915239  0.0102874208046
0.278367064538  565  943  942.668192262  2.1070084845  -0.0197537740376
0.278367064538  564  966  966.267656232  2.15201289968  0.0449021355694
0.278367064538  563  990  990.076916238  2.22166435935  0.0407026225916
0.278367064538  562  1014  1014.1277876  2.2527779228  0.0414072957519
0.456237064538  558  14  13.9871977645  1.66684771447  0.0353835442959
0.456237064538  559  28  28.2414693325  1.61167467209  0.0862832486565
0.456237064538  560  43  42.5204749273  1.1421865341  -0.133914754157
0.456237064538  560  57  57.1386986013  1.69279005111  0.0807955716496
0.456237064538  561  72  71.7144597855  1.69241242129  0.0451162658209
0.456237064538  561  87  86.5463680196  1.59206201846  0.10301535979
0.456237064538  562  101  101.414471452  1.71364304346  0.0528403408358
0.456237064538  563  116  116.398648997  1.70993156065  0.041349615475
0.456237064538  563  132  131.610269221  1.75817726646  0.0138757867227
0.456237064538  564  147  146.864782825  1.75187015605  0.0220504674518
0.456237064538  564  162  162.405168652  1.71696627344  0.0382880473635
0.456237064538  565  178  177.907686227  1.76434107924  0.020050502012
0.456237064538  565  194  193.698502721  1.74651732082  0.00769904943755
0.456237064538  566  210  209.502690101  1.72788476256  0.0225706656378
0.456237064538  566  226  225.586210964  1.72264969524  0.0199305761266
0.456237064538  567  242  241.67970634  1.72940889419  0.0178406356508
0.456237064538  567  258  258.079043918  1.79436872233  0.0706114844725
0.456237064538  568  274  274.459166322  1.57434655676  -0.0170009175821
0.456237064538  568  291  291.151346702  1.79824625057  0.0839750483591
0.456237064538  568  308  307.973665063  1.84873364884  0.0588441261273
0.456237064538  569  325  324.811692193  1.84715200514  0.0320426057384
0.456237064538  569  342  341.977946709  1.87236837048  0.0559916244295
0.456237064538  569  359  359.267586807  1.83593137909  0.0310624069118
0.456237064538  569  377  376.731355103  1.89326126048  0.040410018928
0.456237064538  570  394  394.232918539  1.85282434804  0.0444847132776
0.456237064538  570  412  412.027393234  1.90752027551  0.0504794088689
0.456237064538  570  430  429.967700436  1.91387915836  0.0317986656257
0.456237064538  570  448  448.129576775  1.89411928103  0.0412463149875
0.456237064538  570  466  466.408278468  1.85845659903  0.0172972059091
0.456237064538  571  485  484.752332022  1.89644125321  0.022503570943
0.456237064538  571  503  503.406241146  1.86696131489  0.0266544534398
0.456237064538  571  522  522.266631048  1.86429330563  0.0365828816288
0.456237064538  571  541  541.294365765  1.86452573695  0.048540716109
0.456237064538  571  560  560.497021232  1.85227684695  0.0350532658407
0.456237064538  571  580  579.893569571  1.94558715189  0.045991852486
0.456237064538  571  599  599.495555674  1.90819337408  0.0357023378266
0.456237064538  570  619  619.444346337  1.92420392448  0.0313969872081
0.456237064538  570  639  639.428077547  1.93791600627  0.0238762493332
0.456237064538  570  660  659.623006792  1.98274729422  0.0241077788229
0.456237064538  570  680  680.039995447  2.03492151204  0.0506312549483
0.456237064538  570  701  700.610791942  2.03371306136  0.011614888973
0.456237064538  569  722  721.609419227  2.04987421355  0.0238550322975
0.456237064538  569  743  742.642357665  2.07575837935  0.00214935439416
0.456237064538  569  764  763.945422962  2.27198067917  -0.081207858516
0.456237064538  568  786  785.533563189  2.08307202123  0.00637294915055
0.456237064538  568  807  807.228974984  2.0923577393  0.0205498238199
0.456237064538  567  829  829.310195808  2.09952284343  0.0189964983898
0.456237064538  566  852  851.627332968  2.04230144453  0.0257220699257
0.456237064538  566  874  874.002667501  2.10349056015  0.0380979197061
0.456237064538  565  897  896.771719438  2.09996941845  0.017389305115
0.456237064538  564  920  919.836972963  2.13589857973  0.0324446980928
0.456237064538  564  943  942.866900522  2.18376542378  -0.0254671706573
0.456237064538  563  966  966.448502579  2.12548306315  0.0203448303721
0.456237064538  562  990  990.279345272  2.20160286121  0.0340899237003
0.456237064538  561  1014  1014.35022952  2.25156204098  0.0323073632083
0.634107064538  557  14  14.1013054589  1.65801029902  0.0550973338745
0.634107064538  558  28  28.3367661725  1.57748982481  0.0829157410339
0.634107064538  559  43  42.5735987926  1.18253065291  -0.211093587236
0.634107064538  559  57  57.2476673883  1.65707464868  0.0923935039138
0.634107064538  560  72  71.8105334399  1.71037643023  0.0559622440729
0.634107064538  561  87  86.5927440416  1.63922002324  0.0526115298408
0.634107064538  561  102  101.515249444  1.71680860688  0.035181533916
0.634107064538  562  116  116.500206838  1.72065154139  0.0349363393554
0.634107064538  562  132  131.72177503  1.75368112777  0.0258756314503
0.634107064538  563  147  146.980749369  1.76937227179  0.0269846890921
0.634107064538  563  162  162.505365421  1.72018276534  0.0311722098768
0.634107064538  564  178  178.038919717  1.75403010303  0.0425747327787
0.634107064538  564  194  193.808618418  1.77105086079  0.013473380616
0.634107064538  565  210  209.618092972  1.73348778161  0.00961002861031
0.634107064538  565  226  225.697083131  1.74753556792  0.0128168898508
0.634107064538  566  242  241.800923359  1.75098869307  0.0190583142263
0.634107064538  566  258  258.203728297  1.75087632148  0.0766230136736
0.634107064538  567  275  274.580076638  1.7017585038  0.0374946323513
0.634107064538  567  291  291.291452776  1.75208107889  0.0959110295455
0.634107064538  567  308  308.122124181  1.84751146448  0.0846673870458
0.634107064538  568  325  324.949099158  1.86622993811  0.0539874605462
0.634107064538  568  342  342.117105618  1.85873568882  0.0680144924913
0.634107064538  568  359  359.393047412  1.83566871346  0.0205384654673
0.634107064538  569  377  376.70478135  1.83572074612  -0.0322936439314
0.634107064538  569  394  394.376942681  1.84408735832  0.0407652952376
0.634107064538  569  412  412.176265433  1.87770497734  0.0484962300224
0.634107064538  569  430  430.123866392  1.89527636034  0.0300656850767
0.634107064538  569  448  448.274875852  1.88047124639  0.0414480886374
0.634107064538  569  467  466.559900531  1.87579613816  0.0146047298958
0.634107064538  570  485  484.900298252  1.9052788234  0.0217303972557
0.634107064538  570  504  503.550778218  1.86550081339  0.0184778890833
0.634107064538  570  522  522.407665962  1.84562219993  0.0348680683849
0.634107064538  570  541  541.444809439  1.8362742019  0.0437974172362
0.634107064538  570  561  560.627891882  1.89386181824  0.00598975268156
0.634107064538  570  580  580.06347723  1.93293478049  0.0544251783152
0.634107064538  570  600  599.651528698  1.9189761162  0.0321532725246
0.634107064538  569  620  619.606027868  1.96998768188  0.0252453825012
0.634107064538  569  640  639.597302271  1.95833673576  0.0126907346765
0.634107064538  569  660  659.806036439  2.01862280361  0.028193944522
0.634107064538  569  680  680.227507635  2.00388375347  0.0548310820594
0.634107064538  569  701  700.798462206  2.0746790702  0.0212442437234
0.634107064538  568  722  721.805846217  2.08030893984  0.0288816762049
0.634107064538  568  743  742.829929975  2.10527490059  0.017902536777
0.634107064538  568  764  764.078738149  2.08314646184  0.0136892086368
0.634107064538  567  786  785.713250061  2.10370237866  0.00232759384851
0.634107064538  567  807  807.418003051  2.08894786221  0.0188328970897
0.634107064538  566  830  829.508453406  2.07019599543  0.00964974920779
0.634107064538  565  852  851.854834309  2.17461680326  0.0994925044147
0.634107064538  565  874  874.202503111  2.08688523083  0.0440495683694
0.634107064538  564  897  897.001022396  2.12490300791  0.0374134706534
0.634107064538  563  920  920.074039173  2.12297136925  0.0599422739337
0.634107064538  563  943  943.114632607  2.1520842312  0.0393479012335
0.634107064538  562  967  966.657334074  2.20557277734  0.0141496231912
0.634107064538  561  990  990.467677004  2.2065796383  0.00896376778764
0.634107064538  560  1015  1014.56545089  2.25460958477  0.0234755466996
0.811977064538  556  14  14.2097171693  1.65235764444  0.0681330467959
0.811977064538  557  28  28.4267197983  1.54522486895  0.0609224356999
0.811977064538  558  43  42.6394607998  1.4401379404  -0.527957018927
0.811977064538  558  57  57.3478891815  1.61514492713  0.088721426214
0.811977064538  559  72  71.9338706698  1.71317709964  0.0650099179572
0.811977064538  560  87  86.703079317  1.65014020727  0.0483998145665
0.811977064538  560  102  101.611136387  1.73630579309  0.038089550701
0.811977064538  561  117  116.594814507  1.73583540726  0.0209271476191
0.811977064538  561  132  131.845282452  1.76792623062  0.0303310471467
0.811977064538  562  147  147.109827475  1.76017046496  0.0343043425294
0.811977064538  562  163  162.607706285  1.73040525295  0.0255553702786
0.811977064538  563  178  178.159091664  1.74786820827  0.0382036489744
0.811977064538  563  194  193.93390589  1.77066091763  0.028052346631
0.811977064538  564  210  209.735434268  1.76425783012  0.0107104154301
0.811977064538  564  226  225.838592534  1.76768075324  0.0303718499168
0.811977064538  565  242  241.938527009  1.77555770997  0.0325289408855
0.811977064538  565  258  258.336969476  1.70903903077  0.0777325346228
0.811977064538  566  275  274.704845906  1.75438728753  0.0355267244253
0.811977064538  566  291  291.406961498  1.72452352559  0.0703663875579
0.811977064538  566  308  308.246262255  1.77845376413  0.08912183597
0.811977064538  567  325  325.098861944  1.86036779003  0.0694373977816
0.811977064538  567  342  342.249627661  1.81709676559  0.0582817691732
0.811977064538  567  360  359.533336934  1.8520921419  0.0201624566683
0.811977064538  568  377  376.869319457  1.90482340431  0.0293644239545
0.811977064538  568  394  394.480939773  1.85233837452  0.00832006243795
0.811977064538  568  412  412.312189412  1.84889478574  0.0423903547928
0.811977064538  568  430  430.275426732  1.86052064738  0.0361699304862
0.811977064538  568  448  448.42413284  1.86831030802  0.0287733031195
0.811977064538  568  467  466.687499379  1.7329720912  0.0796389662561
0.811977064538  569  485  485.051188427  1.90445881285  0.0232584445727
0.811977064538  569  504  503.709537093  1.89121974158  0.0216823013911
0.811977064538  569  523  522.55933871  1.85113720553  0.0112866072031
0.811977064538  569  542  541.584436941  1.86818155347  0.0219953737796
0.811977064538  569  561  560.791982236  1.92455469618  0.0130938016228
0.811977064538  569  580  580.247934193  1.90353045394  0.0672461768303
0.811977064538  569  600  599.824305772  1.94713927365  0.0327827388306
0.811977064538  568  620  619.775115237  1.99472720771  0.0208449437214
0.811977064538  568  640  639.784048537  1.97819822963  0.0269369773807
0.811977064538  568  660  659.99589301  2.03474178751  0.04156683362
0.811977064538  568  680  680.394890502  1.98295717036  0.0473767481311
0.811977064538  568  701  700.98949467  2.06189927304  0.0265268507641
0.811977064538  567  722  722.012519189  2.07735824563  0.0509277107153
0.811977064538  567  743  743.018048684  2.10409721932  0.0209162105773
0.811977064538  567  764  764.278287666  2.0642747235  0.0279222894248
0.811977064538  566  786  785.935117832  2.12437862457  0.0244986060651
0.811977064538  566  808  807.595816829  2.09254511581  0.00880253135637
0.811977064538  565  830  829.685011574  2.10372563454  -0.00729627500915
0.811977064538  564  852  851.921296971  2.3065692982  0.00222614558239
0.811977064538  564  874  874.400385219  2.04691740046  0.0349530596291
0.811977064538  563  897  897.217224663  2.11114161537  0.0369996565708
0.811977064538  562  920  920.28025906  2.07316120547  0.0601248353174
0.811977064538  562  943  943.322611848  2.12589392665  0.0349622342654
0.811977064538  561  967  966.913437584  2.22233687953  0.0414430950944
0.811977064538  560  991  990.686409251  2.25610664158  0.0105305203379
0.811977064538  559  1015  1014.77804006  2.28605819692  0.0269147522781
0.989847064538  555  14  14.3164424051  1.59501541379  0.0840000944195
0.989847064538  556  29  28.5052941214  1.50529267818  0.0348611860724
0.989847064538  557  43  42.7636723914  1.52885900149  -0.197370503029
0.989847064538  557  57  57.4425751418  1.59852435701  0.0724588213886
0.989847064538  558  72  72.0486080939  1.70999613289  0.0830654003303
0.989847064538  559  87  86.7275017545  1.70221701735  -0.0149106928341
0.989847064538  559  102  101.722526177  1.74281260226  0.037137878503
0.989847064538  560  117  116.695565331  1.73662344729  0.0151009173091
0.989847064538  560  132  131.958789909  1.76128518959  0.0408544336665
0.989847064538  561  147  147.222363003  1.73784157297  0.0285735447302
0.989847064538  561  163  162.723182956  1.75914998187  0.0249140019351
0.989847064538  562  178  178.273820397  1.73789864286  0.0387980446782
0.989847064538  562  194  194.072486058  1.75761665701  0.0405467467854
0.989847064538  563  210  209.870494706  1.77200271119  0.0267176900496
0.989847064538  563  226  225.975358587  1.77708895686  0.0485007371239
0.989847064538  564  242  242.07615913  1.76405360642  0.0523970494541
0.989847064538  564  258  258.44206502  1.68908621395  0.0529661619637
0.989847064538  565  275  274.832278049  1.7829600532  0.0313517819202
0.989847064538  565  292  291.526593333  1.74766513183  0.0433756048229
0.989847064538  565  308  308.372271402  1.74434557852  0.066858272788
0.989847064538  566  325  325.228329514  1.81823944699  0.0670444901784
0.989847064538  566  342  342.36779407  1.79935430926  0.0433270830068
0.989847064538  566  360  359.662428309  1.86981626578  0.015516971482
0.989847064538  567  377  377.029872226  1.88359039327  0.0453860138003
0.989847064538  567  395  394.622889157  1.86986991956  0.00843238608179
0.989847064538  567  412  412.46150646  1.85304150414  0.0395881715698
0.989847064538  567  430  430.420331144  1.86098437326  0.0288477339156
0.989847064538  567  449  448.568566495  1.87999803934  0.0286785605518
0.989847064538  568  467  466.717208867  1.90520186279  0.00969260860972
0.989847064538  568  485  485.226058231  1.91033119518  0.0343420814161
0.989847064538  568  504  503.868586852  1.90996056635  0.026971918251
0.989847064538  568  523  522.717136265  1.8700633277  0.0170508105544
0.989847064538  568  542  541.747632188  1.89291152581  0.0110965778599
0.989847064538  568  561  560.979836318  1.93121166697  0.0332812660319
0.989847064538  568  580  580.398641076  1.86800245698  0.050526029378
0.989847064538  568  600  600.010797042  1.94958741672  0.0556902525623
0.989847064538  568  620  619.763784754  1.97952044063  -0.00744583716369
0.989847064538  567  640  639.972626953  1.98933467653  0.0503032366847
0.989847064538  567  660  660.187948453  1.98621640464  0.0621021850889
0.989847064538  567  681  680.546437998  1.99259362648  0.0224235274559
0.989847064538  567  701  701.189018884  2.04407118243  0.0432863326185
0.989847064538  566  722  722.198661343  2.06414530018  0.0502786886558
0.989847064538  566  743  743.23067778  2.09115453838  0.0411994724679
0.989847064538  566  764  764.45281796  2.0565454533  0.0167075976852
0.989847064538  565  786  786.134415321  2.11946391004  0.0368532564644
0.989847064538  565  808  807.803314703  2.12101661796  0.0145813964358
0.989847064538  564  830  829.89931764  2.1145620751  0.0191616425202
0.989847064538  564  852  852.013527066  2.13781705678  -0.0474834620314
0.989847064538  563  875  874.589648265  2.04930685901  0.0178268382467
0.989847064538  562  897  897.421392106  2.07324020778  0.0349562258246
0.989847064538  561  920  920.475911139  2.062012349  0.0612886231455
0.989847064538  561  944  943.519907704  2.13108360277  0.0117996381838
0.989847064538  560  967  967.157687292  2.21567463802  0.059707316855
0.989847064538  559  991  990.927466121  2.26689101081  0.0315372971617
0.989847064538  558  1015  1014.99792799  2.30155048163  0.0355350257707
1.16771706454  554  14  14.4040332462  1.55324725682  0.0714348757899
1.16771706454  555  29  28.5926379886  1.55112778664  0.0145346402492
1.16771706454  556  43  42.8941920346  1.61863293807  -0.137736263695
1.16771706454  556  58  57.5264442695  1.61003408083  0.0399381143263
1.16771706454  557  72  72.1804008581  1.67149523546  0.105118084978
1.16771706454  558  87  86.8582780437  1.73911178996  0.0442347684067
1.16771706454  558  102  101.834888745  1.7604618547  0.0452998138057
1.16771706454  559  117  116.820596991  1.75094798212  0.0329859549407
1.16771706454  559  132  132.089459961  1.75667648521  0.0547806328233
1.16771706454  560  147  147.326342994  1.7268827227  0.0301908929255
1.16771706454  560  163  162.853599377  1.78146161354  0.0491257087959
1.16771706454  561  178  178.392004939  1.722043214  0.0418561073605
1.16771706454  561  194  194.207801106  1.74198286244  0.0534309974671
1.16771706454  562  210  210.012163005  1.76438962591  0.0448342455529
1.16771706454  562  226  226.098788902  1.76121472614  0.0540381066239
1.16771706454  563  242  242.214662198  1.73378857082  0.0644476903887
1.16771706454  563  259  258.564802467  1.7055412862  0.0326757988483
1.16771706454  564  275  274.974648216  1.79203094688  0.0535921401338
1.16771706454  564  292  291.644673686  1.76833098058  0.0370321621849
1.16771706454  564  308  308.49036023  1.75319642815  0.0419770729098
1.16771706454  565  325  325.360339627  1.78501580884  0.0547558039483
1.16771706454  565  343  342.511768056  1.81638693139  0.030359271688
1.16771706454  565  360  359.811505499  1.88729635872  0.0275306938408
1.16771706454  566  377  377.177327664  1.8662970635  0.0478206857287
1.16771706454  566  395  394.783293774  1.88390011284  0.0271536026128
1.16771706454  566  413  412.590380036  1.86111121543  0.02776938816
1.16771706454  566  431  430.551461116  1.87022235408  0.0115465237364
1.16771706454  566  449  448.696652003  1.89513425743  0.0176612906936
1.16771706454  567  467  466.874337999  1.90549096738  0.024204972758
1.16771706454  567  485  485.381021025  1.8969247707  0.0291322567101
1.16771706454  567  504  504.048644911  1.90854950965  0.0360138337549
1.16771706454  567  523  522.892672725  1.90831953737  0.0314936429163
1.16771706454  567  542  541.924735701  1.93241055336  0.0365784163733
1.16771706454  567  561  561.163522031  1.92678563689  0.0539760220486
1.16771706454  567  581  580.548914389  1.90001172764  0.0192182140172
1.16771706454  567  600  600.184925497  1.93203396679  0.0648746479517
1.16771706454  567  620  619.966742759  2.00725684292  0.0510232873025
1.16771706454  566  640  640.172303214  1.9813116329  0.0675312863016
1.16771706454  566  660  660.352837206  1.96764069115  0.0491316494308
1.16771706454  566  681  680.718037454  2.02356881582  0.01536763547
1.16771706454  566  701  701.364906285  2.02251828779  0.0347333806334
1.16771706454  565  722  722.382713259  2.02752108105  0.0444028782263
1.16771706454  565  743  743.421646218  2.07354732822  0.0338996646805
1.16771706454  565  765  764.65281436  2.0956561804  0.0145821895041
1.16771706454  564  786  786.315157794  2.07345740658  0.0227602200722
1.16771706454  564  808  808.012350386  2.12440147631  0.0280807584686
1.16771706454  563  830  830.122374512  2.10496565961  0.0401408116872
1.16771706454  563  852  852.265830199  2.0695709326  0.0402749956862
1.16771706454  562  875  874.794798152  2.10979536054  0.0193488992937
1.16771706454  561  898  897.623131862  2.1146225618  0.0167483413054
1.16771706454  560  921  920.702802344  2.27559206601  0.136519467704
1.16771706454  560  944  943.742123376  2.15931313289  0.0222162438394
1.16771706454  559  967  967.376930308  2.16338049616  0.0558729153053
1.16771706454  558  991  991.17880406  2.24166470143  0.0532109368906
1.16771706454  557  1015  1015.25235106  2.2799002147  0.0531989119364
1.34558706454  553  14  14.4941610133  1.50771913629  0.103588949964
1.34558706454  554  29  28.6921196337  1.59362252641  0.0230194982587
1.34558706454  555  43  42.8723365775  0.0206405215208  -0.41327921108
1.34558706454  555  58  57.6360766154  1.63131017252  0.0474112749343
1.34558706454  556  72  72.2862639159  1.64961088311  0.110086159192
1.34558706454  557  87  86.9907543307  1.72778421303  0.0726451593761
1.34558706454  557  102  101.954926899  1.76694335428  0.0527297092891
1.34558706454  558  117  116.9382441  1.75232169245  0.0447691768235
1.34558706454  558  132  132.196684595  1.75478710229  0.0430413489042
1.34558706454  559  147  147.4537295  1.73447303103  0.0387530203059
1.34558706454  559  163  162.970976189  1.76672154725  0.0514714506814
1.34558706454  560  178  178.498500792  1.70510821888  0.0263562244783
1.34558706454  560  194  194.332857451  1.69801721591  0.104652760471
1.34558706454  561  210  210.154185462  1.74098970445  0.0617374099512
1.34558706454  561  226  226.231192733  1.73319644002  0.0610162144874
1.34558706454  562  242  242.336712641  1.70898149467  0.0606701417587
1.34558706454  562  259  258.679018627  1.7365780834  0.0186986829604
1.34558706454  563  275  275.129620339  1.77270713356  0.074394691941
1.34558706454  563  292  291.778930149  1.82249173379  0.0386214209629
1.34558706454  563  309  308.625942826  1.78166825861  0.0368481163251
1.34558706454  564  325  325.486812639  1.81352071336  0.0382276014448
1.34558706454  564  343  342.651997896  1.84305653174  0.0313139787479
1.34558706454  564  360  359.963073738  1.88401323918  0.0429971330725
1.34558706454  565  377  377.323086824  1.86090638956  0.0483634695164
1.34558706454  565  395  394.942088587  1.8816891518  0.0350439729594
1.34558706454  565  413  412.738494903  1.88157807208  0.0249314003783
1.34558706454  565  431  430.712020086  1.88503024076  0.0225420826284
1.34558706454  565  449  448.870878914  1.91764567513  0.0310204388337
1.34558706454  566  467  467.039900049  1.90049425305  0.0367877193933
1.34558706454  566  486  485.525013165  1.88199749108  0.0140279751276
1.34558706454  566  504  504.215670483  1.88166637223  0.0483884599474
1.34558706454  566  523  523.057367098  1.90372138311  0.0310770342194
1.34558706454  566  542  542.098836782  1.90921533778  0.0462127214838
1.34558706454  566  561  561.324473412  1.88294529014  0.0515613874884
1.34558706454  566  581  580.708213522  1.93012828532  0.0232367578701
1.34558706454  566  600  600.346017726  1.87878429419  0.0542644279946
1.34558706454  566  620  620.155751401  1.97949136999  0.0673172351424
1.34558706454  565  640  640.351880694  1.95079117262  0.0587891262104
1.34558706454  565  661  660.509083741  1.96673064485  0.0209921467569
1.34558706454  565  681  680.935807135  2.05644556218  0.0399685136507
1.34558706454  565  702  701.536727339  2.0247777186  0.0199654022028
1.34558706454  564  723  722.545681566  2.03610904524  0.0243577339041
1.34558706454  564  744  743.597455697  2.09306678813  0.0131348029016
1.34558706454  564  765  764.842639601  2.1206855925  0.0202386762333
1.34558706454  563  787  786.51328494  2.08985538406  0.0228615893729
1.34558706454  563  808  808.206863646  2.09705451528  0.0338234126636
1.34558706454  562  830  830.329929991  2.07789866486  0.0374039346878
1.34558706454  562  852  852.456792845  2.0347443998  0.0321738782737
1.34558706454  561  875  875.014507117  2.1105646513  0.0369183493781
1.34558706454  560  898  897.849211447  2.13618881491  0.0352792208273
1.34558706454  559  921  920.733301715  2.31544431759  -0.00579047011193
1.34558706454  559  944  943.980483023  2.13716655513  0.04124756637
1.34558706454  558  968  967.574482323  2.17608774687  0.0380827930334
1.34558706454  557  991  991.397601434  2.21569303418  0.0445352067068
1.34558706454  556  1015  1015.4888881  2.25245701087  0.0514305138821
1.52345706454  552  15  14.5665540948  1.41842212679  0.0830021930101
1.52345706454  553  29  28.8446721356  1.72030627203  0.122942470003
1.52345706454  554  43  43.133784135  1.71379726513  -0.0736860027781
1.52345706454  554  58  57.7440108972  1.67328441156  0.0542658471246
1.52345706454  555  72  72.3795630596  1.61441429154  0.094110248192
1.52345706454  556  87  87.0820853189  1.73711719144  0.0588713913754
1.52345706454  556  102  102.086131976  1.74812813817  0.06655639283
1.52345706454  557  117  117.05521942  1.74948614095  0.0419227282831
1.52345706454  557  132  132.32660313  1.72767617209  0.0538471127085
1.52345706454  558  148  147.557110839  1.73889787496  0.0214106993515
1.52345706454  558  163  163.029694547  1.66362069796  0.0403899231931
1.52345706454  559  179  178.608212785  1.71526564782  0.0245197070211
1.52345706454  559  194  194.377848135  1.67300222834  0.0362104671295
1.52345706454  560  210  210.271500206  1.71515238366  0.0547671767037
1.52345706454  560  226  226.370930897  1.71846870229  0.0638581760073
1.52345706454  561  242  242.465632296  1.68187448818  0.0599088580935
1.52345706454  561  259  258.833692487  1.76901720695  0.0333579405377
1.52345706454  562  275  275.262302144  1.75192689088  0.0805084950699
1.52345706454  562  292  291.937419866  1.82240636775  0.0646945688225
1.52345706454  562  309  308.775276467  1.83164074803  0.0574580477891
1.52345706454  563  326  325.608234137  1.82802264747  0.0145405416523
1.52345706454  563  343  342.784311212  1.86523764953  0.0249636193039
1.52345706454  563  360  360.132640552  1.84439744343  0.0617597960316
1.52345706454  564  377  377.459053394  1.83543097513  0.0349930985071
1.52345706454  564  395  395.089002376  1.88409749815  0.0381405618497
1.52345706454  564  413  412.900103993  1.88952840334  0.0384482475304
1.52345706454  564  431  430.884431953  1.91381168834  0.0326445996522
1.52345706454  564  449  449.050492352  1.91189457611  0.0408499027796
1.52345706454  565  467  467.222396426  1.89656564003  0.0508418427048
1.52345706454  565  486  485.680982222  1.89397995044  0.0100814333094
1.52345706454  565  504  504.391672497  1.84196476985  0.0461802361456
1.52345706454  565  523  523.255165493  1.9110324254  0.0585181168159
1.52345706454  565  542  542.287256159  1.87341091274  0.0625427059975
1.52345706454  565  561  561.493981766  1.87306745486  0.0354451991482
1.52345706454  565  581  580.897630679  1.94132866688  0.0390531734987
1.52345706454  565  601  600.515607854  1.88885482883  0.0358421096129
1.52345706454  565  620  620.331597526  1.92364387381  0.0588669574691
1.52345706454  564  641  640.51162781  1.93786568072  0.0396216854781
1.52345706454  564  661  660.687742589  1.99195229084  0.0150859969771
1.52345706454  564  681  681.143106467  2.03081434005  0.0596163736936
1.52345706454  564  702  701.721472915  2.07091452228  0.0139675523858
1.52345706454  563  723  722.747107734  2.07253936793  0.0296161364705
1.52345706454  563  744  743.790758922  2.1291129246  0.0148268028931
1.52345706454  563  765  765.060765472  2.11471005202  0.0436926879768
1.52345706454  562  787  786.702463453  2.09290843289  0.0152058255641
1.52345706454  562  808  808.4087067  2.0829713958  0.0276629090777
1.52345706454  561  831  830.528564854  2.07026962618  0.0262941190785
1.52345706454  561  853  852.642002565  2.05441349369  0.0100277146084
1.52345706454  560  875  875.249504306  2.07012325656  0.0556241221675
1.52345706454  559  898  898.081755342  2.14682836642  0.0553565411562
1.52345706454  559  921  921.042766787  2.38164880117  0.0439257308691
1.52345706454  558  944  944.208888125  2.12661718764  0.0540970035271
1.52345706454  557  968  967.811392274  2.20403120022  0.0476535682547
1.52345706454  556  992  991.615370448  2.2316743318  0.0287031716061
1.52345706454  555  1016  1015.71599809  2.26913423074  0.0477402749709
1.70132706454  552  15  14.6119169347  1.50771393729  0.00227381761905
1.70132706454  552  29  28.9380704921  1.67321492101  0.150121475012
1.70132706454  553  43  43.2970850211  1.60929219977  0.0481060020753
1.70132706454  553  58  57.8026638842  1.56960238942  0.0601016984508
1.70132706454  554  72  72.4643001556  1.59613189606  0.0659194346247
1.70132706454  555  87  87.2074598326  1.71777229805  0.0695728459199
1.70132706454  555  102  102.196165775  1.72698105282  0.0786425661331
1.70132706454  556  117  117.175955339  1.7343910629  0.0456956326445
1.70132706454  556  132  132.442865282  1.6503185461  0.116825102705
1.70132706454  557  148  147.675848836  1.74362967624  0.0258477397849
1.70132706454  558  163  163.14297153  1.64091811365  0.0262645168876
1.70132706454  558  179  178.727418894  1.72948835687  0.0165847176208
1.70132706454  559  194  194.430780057  1.61705753911  -0.00120613770246
1.70132706454  559  210  210.397062369  1.70607085638  0.0461313560997
1.70132706454  559  226  226.484950645  1.62736070758  0.112073487508
1.70132706454  560  243  242.574174979  1.71209177299  0.025617434649
1.70132706454  560  259  258.967709756  1.80975069491  0.0444281448454
1.70132706454  561  275  275.384249084  1.71301328268  0.0587715903078
1.70132706454  561  292  292.091181831  1.81588610721  0.0870496431874
1.70132706454  561  309  308.863121754  1.69566431259  0.0903063817864
1.70132706454  562  326  325.764212492  1.84977174194  0.0320809990055
1.70132706454  562  343  342.937922865  1.88312945702  0.0373436049949
1.70132706454  562  360  360.27872453  1.82828359255  0.0549481887219
1.70132706454  563  378  377.5923595  1.86456903947  0.0188600839104
1.70132706454  563  395  395.252910459  1.85851751927  0.0371812578125
1.70132706454  563  413  413.062858885  1.90653578479  0.0364369599937
1.70132706454  563  431  431.049923337  1.90970837057  0.0435479488712
1.70132706454  564  449  449.02889573  1.91326526501  -0.00814180294034
1.70132706454  564  467  467.367462487  1.87861254623  0.0309725263276
1.70132706454  564  486  485.852535731  1.91926281444  0.0198222452624
1.70132706454  564  505  504.528713769  1.84615337231  0.0244503531125
1.70132706454  564  523  523.400821247  1.86124275735  0.0389851571076
1.70132706454  564  542  542.446821657  1.87179739032  0.054190121986
1.70132706454  564  562  561.657135683  1.88559503441  0.0284023709012
1.70132706454  564  581  581.106165855  1.9486482532  0.0613269667489
1.70132706454  564  601  600.693624379  1.94399404602  0.0291399334574
1.70132706454  564  620  620.488940607  1.91976656307  0.0259770104598
1.70132706454  563  641  640.672340139  1.98065460081  0.0118359734276
1.70132706454  563  661  660.894195455  2.03984905269  0.0293888164767
1.70132706454  563  681  681.332005116  1.99541346008  0.0530928736659
1.70132706454  563  702  701.942766803  2.06703370475  0.040356719295
1.70132706454  562  723  722.960198812  2.08427631521  0.0428657850291
1.70132706454  562  744  744.014577011  2.11166298175  0.0416134183524
1.70132706454  562  765  765.264542557  2.08468445651  0.0367596293566
1.70132706454  561  787  786.918463857  2.14689854923  0.0214349120185
1.70132706454  561  809  808.595572911  2.09769472589  0.0100664217744
1.70132706454  560  831  830.715919953  2.09030183595  0.00857232878212
1.70132706454  560  853  852.849554667  2.11301676649  0.0146936522231
1.70132706454  559  875  875.462493  2.03802913704  0.0455128176864
1.70132706454  558  898  898.30927914  2.11420496742  0.0668526779334
1.70132706454  558  921  921.101978234  2.21742305874  -0.048650153581
1.70132706454  557  944  944.422322245  2.09922566159  0.0394606298727
1.70132706454  556  968  968.047130441  2.21268398369  0.0630830782964
1.70132706454  555  992  991.845560614  2.24796348673  0.0361023805143
1.70132706454  554  1016  1015.95757853  2.28157874983  0.0562734897666
1.87919706454  551  15  14.6569877267  1.54740376447  -0.0325145323326
1.87919706454  551  29  29.0311980684  1.65783758375  0.0550745738871
1.87919706454  552  43  43.399249774  1.53979560253  0.0645338611216
1.87919706454  553  58  57.9008178751  1.63210209454  0.0694885727362
1.87919706454  553  73  72.5627347021  1.6212090138  0.0395789180251
1.87919706454  554  87  87.3107488811  1.69149265474  0.062316656377
1.87919706454  554  102  102.308307123  1.68681751188  0.0774905723005
1.87919706454  555  117  117.290917597  1.71776995217  0.0468702771146
1.87919706454  555  133  132.533412354  1.63859400795  0.082760256473
1.87919706454  556  148  147.79328888  1.7631034293  0.0272986672663
1.87919706454  557  163  163.215969648  1.743396969  0.024954692293
1.87919706454  557  179  178.852932641  1.74834799352  0.0263186200117
1.87919706454  558  195  194.536057546  1.74003149806  0.02383159419
1.87919706454  558  211  210.510082215  1.69559720994  0.0362343872555
1.87919706454  559  227  226.514933052  1.63482431684  0.0219941136108
1.87919706454  559  243  242.699916027  1.72448326197  0.0168691317616
1.87919706454  559  259  259.124449996  1.78325401305  0.064386247969
1.87919706454  560  276  275.51616049  1.71356149787  0.0440126906374
1.87919706454  560  292  292.243281598  1.75990696653  0.104434952748
1.87919706454  561  309  308.991666728  1.75237704992  0.0781785488168
1.87919706454  561  326  325.925438556  1.86294631239  0.0475682432038
1.87919706454  561  343  343.09927813  1.86239982283  0.0561841219725
1.87919706454  561  360  360.415765109  1.82783496152  0.0331374984367
1.87919706454  562  378  377.741715916  1.87343066402  0.0271937502773
1.87919706454  562  395  395.400085997  1.8498193068  0.03366580679
1.87919706454  562  413  413.229794306  1.88727176403  0.0484067133988
1.87919706454  562  431  431.213757319  1.91399215485  0.0457530126336
1.87919706454  563  449  449.218168065  1.89465569678  0.0409681305078
1.87919706454  563  468  467.515357537  1.88931154786  0.0263512836914
1.87919706454  563  486  486.043216575  1.90558703304  0.0520814031622
1.87919706454  563  505  504.685949266  1.86681719629  0.0152802954399
1.87919706454  563  524  523.563743754  1.861894586  0.0304046590925
1.87919706454  563  543  542.60279494  1.87743943319  0.0265686384879
1.87919706454  563  562  561.83000561  1.92819652635  0.0369136870127
1.87919706454  563  581  581.286945223  1.90454901417  0.0725835268054
1.87919706454  563  601  600.884096894  1.95513078282  0.0516427032361
1.87919706454  563  621  620.665041691  1.96325946853  0.0155694383975
1.87919706454  562  641  640.901915626  0.0248593162192  0.111525004275
1.87919706454  562  661  661.088452837  2.0410362442  0.0440868321584
1.87919706454  562  682  681.510484286  2.00446176261  0.0274698944193
1.87919706454  562  702  702.135922166  2.04425162403  0.0487497705111
1.87919706454  561  723  723.200201539  2.06999308389  0.115708927886
1.87919706454  561  744  744.214742941  2.07916416767  0.0462624961273
1.87919706454  561  765  765.466630015  2.11218312337  0.0430150560272
1.87919706454  560  787  787.148257728  2.14062468382  0.0406440241668
1.87919706454  560  809  808.805460935  2.1504954797  0.016481696319
1.87919706454  559  831  830.931319868  2.08158512363  0.0218727162131
1.87919706454  559  853  853.090558724  2.12133980649  0.0390611671727
1.87919706454  558  876  875.667114592  2.06879809762  0.0327794873148
1.87919706454  557  899  898.525566663  2.08910683053  0.0551653085873
1.87919706454  557  921  921.370755876  2.09549749102  0.0536065555343
1.87919706454  556  945  944.627315842  2.15598445965  0.019507975965
1.87919706454  555  968  968.267695633  2.16771673824  0.059362346289
1.87919706454  554  992  992.088402691  2.22662419312  0.0508155727571
1.87919706454  553  1016  1016.1987106  2.26107091155  0.0589772904862
2.05706706454  550  15  14.7675367608  1.58471906874  -0.032506315608
2.05706706454  550  29  29.1612507526  1.65899084918  0.0656378410916
2.05706706454  551  43  43.4923190565  1.41871586975  0.0260465825471
2.05706706454  552  58  58.0362067885  1.59030265806  0.0887050419011
2.05706706454  552  73  72.6730431211  1.65929355612  0.0365870233154
2.05706706454  553  87  87.421315801  1.66876039446  0.0522670074977
2.05706706454  553  102  102.407768343  1.66920480643  0.0540181483191
2.05706706454  554  117  117.402055589  1.70775559985  0.0409057938668
2.05706706454  555  133  132.57106151  1.66315794175  0.0214079899023
2.05706706454  555  148  147.935465176  1.75481303603  0.04430410545
2.05706706454  556  163  163.345070648  1.72059614358  0.0366266785834
2.05706706454  556  179  178.993669893  1.74629306565  0.0345609542625
2.05706706454  557  195  194.665413602  1.73168471751  0.0172872335192
2.05706706454  557  211  210.629068308  1.72945024148  0.0176396200652
2.05706706454  558  227  226.579669971  1.64112566639  -0.0454148978455
2.05706706454  558  243  242.841234078  1.74870477693  0.0233109425789
2.05706706454  558  259  259.267340485  1.73680415471  0.0733812896869
2.05706706454  559  276  275.646906953  1.74559677163  0.0354332348052
2.05706706454  559  292  292.364857042  1.72827167646  0.0840247317843
2.05706706454  560  309  309.072516218  1.83901332353  0.0613019924629
2.05706706454  560  326  326.084942527  1.84045475614  0.0703196260347
2.05706706454  560  343  343.253322922  1.8305306489  0.057674339302
2.05706706454  560  361  360.548538765  1.69851195199  0.0936353219182
2.05706706454  561  378  377.897802461  1.87130721914  0.045992495179
2.05706706454  561  396  395.558592838  1.85810098005  0.0307565736235
2.05706706454  561  413  413.388242649  1.84816577513  0.0478826558913
2.05706706454  561  431  431.373844681  1.87424932107  0.0406302024125
2.05706706454  562  449  449.365276368  1.85191017678  0.0281581691299
2.05706706454  562  468  467.674746267  1.8976420818  0.0236187004054
2.05706706454  562  486  486.198097497  1.8829730682  0.0530036409388
2.05706706454  562  505  504.873852823  1.91371488655  0.0332089804433
2.05706706454  562  524  523.717710175  1.90451375523  0.0188930606738
2.05706706454  562  543  542.760115498  1.90696693893  0.0229613687475
2.05706706454  562  562  562.025318905  1.94634815296  0.0561587569875
2.05706706454  562  581  581.457683669  1.88805059412  0.0614624123812
2.05706706454  562  601  601.084634173  1.97224846336  0.0691907725248
2.05706706454  562  621  620.864101214  1.98487503393  0.0375240468534
2.05706706454  562  641  640.8529449  2.00450837577  -0.0189772728162
2.05706706454  561  661  661.276298508  1.98227577705  0.0474224399299
2.05706706454  561  682  681.698146873  2.03797461748  0.0298543823619
2.05706706454  561  702  702.326727678  2.0132592069  0.0423511244558
2.05706706454  560  723  723.325524683  0.0273978725739  0.0887619046589
2.05706706454  560  744  744.402356791  2.03526341575  0.0388389039335
2.05706706454  560  766  765.683533371  2.16775243041  0.0814165763465
2.05706706454  559  787  787.361212724  2.0863403622  0.0473053302072
2.05706706454  559  809  809.03457875  2.12669183133  0.0326593152302
2.05706706454  558  831  831.187113229  2.09142544439  0.056928355827
2.05706706454  558  853  853.291872454  2.0756410222  0.0388036115385
2.05706706454  557  876  875.886149186  2.11661063483  0.0341200524177
2.05706706454  556  899  898.716743243  2.10827330456  0.0270883748473
2.05706706454  556  922  921.556245186  2.08479097893  0.0150159617192
2.05706706454  555  945  944.868471253  2.1544231669  0.0255236150037
2.05706706454  554  968  968.482899502  2.16464717439  0.0444000416359
2.05706706454  553  992  992.328226085  2.19019301335  0.0523713536908
2.05706706454  552  1016  1016.41328924  2.24157033766  0.0455580643826
