# Band 2C   Etalon 1A   Slice 10
# Distortion map version 06.04.00 - date 2018-10-09
# Trace (isoalpha): Take pixel trace along specified slice, specified alpha position trace is built by taking the pixel in every detector row with alpha value closest to the one specified 
# xpos[i] = np.argmin(alpha_img[i,:])+funcs.find_nearest(alpha_img[i,:][(slice_img[i,:]!=0)],alpha_pos)
#    alpha       x  y      center         FWHM          skewness
0.0  561  13  12.9111148214  5.80819358744  0.0131692882953
0.0  561  29  29.2884524446  6.24926218416  0.0144095671994
0.0  562  46  45.7599499467  6.58934939734  -0.0186088075776
0.0  563  62  62.3988116786  6.76050008035  0.000988641075476
0.0  564  79  79.0916534302  6.82034491605  -0.0285234733643
0.0  564  96  96.0875456702  6.99003433168  -0.0176898905586
0.0  565  113  113.023273026  7.19252249621  -0.0161404721432
0.0  566  130  130.156153133  7.38473106515  -0.00857766982203
0.0  566  147  147.517525439  7.89489540921  0.0199418491432
0.0  567  165  164.826221225  8.08976010176  0.00814032634538
0.0  567  182  182.364641513  8.92764667516  0.0262426438544
0.0  568  200  199.978687911  9.91101720815  0.0164663441429
0.0  569  218  217.686778748  11.0307675649  0.00859727436144
0.0  569  236  235.7057466  12.5585748616  0.00542504394024
0.0  569  254  253.834009964  14.3550294041  0.0122137057817
0.0  570  272  272.177248356  16.8761576849  0.0217687826755
0.0  570  291  290.715952027  19.9336860792  0.0085158651022
0.0  571  310  309.495909848  23.8170311957  -0.006443514272
0.0  571  329  329.063152543  30.3184911148  0.0168329093622
0.0  572  349  349.207402896  34.3936521621  0.0144538638357
0.0  572  369  369.262447278  0.43779819478  0.0261975179189
0.0  572  389  389.488819812  27.3632965193  0.0381928275377
0.0  572  408  409.64498769  0.734412468202  0.0916967832746
0.0  573  429  428.938357976  23.0305340868  0.0259311754067
0.0  573  449  448.892090821  20.9530886103  0.0246943246072
0.0  573  469  468.957327521  19.3615762025  0.0235336501322
0.0  573  489  489.187850834  0.218934810752  0.0295285120149
0.0  573  509  509.731899724  17.4179911164  0.042052430373
0.0  573  530  530.299178585  16.9110891568  0.0345575323084
0.0  573  551  551.088799901  17.0897868862  0.0236081663682
0.0  573  572  572.169719055  17.3283633506  0.0256641885621
0.0  573  593  593.827067773  18.9363179484  0.0398147363599
0.0  573  615  615.551776453  20.25452433  0.0332658193228
0.0  573  638  637.663781822  22.6490018947  0.00984816052131
0.0  573  660  660.378803106  26.3842527793  0.0247182920503
0.0  572  684  683.842959756  27.213900492  0.0228541652452
0.0  572  707  708.413907946  33.2675244785  0.065863366218
0.0  572  732  732.357022773  30.0806921996  0.0442139838494
0.0  571  756  757.224688478  26.6715123939  0.0491070650912
0.0  571  781  781.35710336  23.4166974141  0.0215300819869
0.0  570  805  806.257892422  21.613421662  0.0405418155749
0.0  569  831  830.685630595  17.8650749231  0.00271967826936
0.0  569  856  855.759661715  15.9517972387  -0.00340402198694
0.0  568  881  881.310632157  15.1886933614  0.0135582538491
0.0  567  907  906.995019648  13.9855242425  0.00979094743741
0.0  566  933  932.827542203  13.211323524  0.0162542400207
0.0  565  960  960.289313126  0.385045483726  -6.16219612807
0.0  564  986  986.26094167  12.9955009965  0.0217177607655
0.0  563  1014  1013.16606626  0.0714846175097  -5.57310556834
-1.85607293546  571  12  12.0887164372  5.76444312081  0.0292558686051
-1.85607293546  571  28  28.376443433  5.93537185768  0.0262460241829
-1.85607293546  572  45  44.8499951149  6.36037312136  -0.0159299351126
-1.85607293546  573  61  61.4179547604  6.59421773148  -0.0098740363559
-1.85607293546  574  78  78.1350768013  6.90401124178  -0.014438993962
-1.85607293546  574  95  95.0587234085  6.76218912607  -8.39976157425e-05
-1.85607293546  575  112  112.033703409  7.26896249327  -0.0167264579226
-1.85607293546  576  129  129.155431355  7.61541347709  -0.00786923283359
-1.85607293546  576  146  146.494235844  7.89781150525  0.0256707930795
-1.85607293546  577  164  163.742917194  8.23923796047  -0.000224389767776
-1.85607293546  577  181  181.136376014  8.96040653168  0.0180966025906
-1.85607293546  578  199  198.94027997  9.98938222288  0.00936035123907
-1.85607293546  579  217  216.5562478  12.130067904  0.00509330742503
-1.85607293546  579  235  234.596617004  12.979910272  -0.00179175708494
-1.85607293546  580  253  252.686032448  15.6028642166  0.00949814976447
-1.85607293546  580  271  271.319919282  16.9039607441  0.015294472155
-1.85607293546  580  290  289.092537412  18.7391573366  -0.00789281280909
-1.85607293546  581  309  308.856307684  22.1325197233  -0.00910003004215
-1.85607293546  581  328  328.225662435  28.5659842053  0.00945848314472
-1.85607293546  582  348  348.012541369  38.4262785706  0.0433557250774
-1.85607293546  582  368  367.842125872  30.3104623993  -0.00514041265336
-1.85607293546  582  388  387.944710612  26.9389649538  0.0182799861826
-1.85607293546  582  407  406.664768925  24.4112926245  0.02917249568
-1.85607293546  583  427  427.573262125  24.460991195  0.0341094594269
-1.85607293546  583  447  447.464666118  22.1346700957  0.0390785646279
-1.85607293546  583  467  467.521374762  20.2821254929  0.0404521966346
-1.85607293546  583  488  487.52489591  18.9459135478  0.0106831029652
-1.85607293546  583  508  508.089669838  0.21959065165  0.0317771600696
-1.85607293546  583  529  528.577176202  17.9402023411  0.0121881477789
-1.85607293546  583  549  549.553280529  18.7605647827  0.0399748143753
-1.85607293546  583  571  570.571518074  18.0921688614  0.00731268242404
-1.85607293546  583  592  592.12103027  20.0659219033  0.0204631976468
-1.85607293546  583  614  613.966974544  21.7023320292  0.0220464470865
-1.85607293546  583  636  636.111971057  22.9035912468  0.0269688292697
-1.85607293546  583  659  658.783613443  25.756117016  0.0257927089005
-1.85607293546  582  683  682.403819767  25.2209005337  -0.0330783079059
-1.85607293546  582  706  706.276419647  30.2209581212  0.0418139132825
-1.85607293546  582  731  730.084586373  25.2528286362  0.0239886690447
-1.85607293546  581  754  755.110815198  24.2708441841  0.0342106590366
-1.85607293546  581  778  779.126763775  21.9250675458  0.0584866871782
-1.85607293546  580  803  803.957696265  19.007097259  0.0154754885552
-1.85607293546  580  828  828.402827446  19.0133833603  0.013045093844
-1.85607293546  579  853  853.785168164  16.58484241  0.0263175441725
-1.85607293546  578  879  879.205194303  14.7319669095  0.00696485252955
-1.85607293546  577  905  905.088616226  13.8990625272  0.0159965813712
-1.85607293546  577  930  931.01221122  14.1326887697  0.0424356753176
-1.85607293546  576  957  957.199580064  13.5581486491  0.00678858976256
-1.85607293546  575  984  984.057690513  14.0492051836  0.0204330081318
-1.85607293546  573  1012  1013.78906539  0.209648203181  12.6272613602
-1.67820293546  570  12  12.1433425053  5.79001680614  0.0243985103879
-1.67820293546  570  28  28.4679903016  6.11163958078  0.0285443248325
-1.67820293546  571  45  44.9300608225  6.55881084461  -0.00988712054433
-1.67820293546  572  61  61.5753995123  6.65750685241  0.00326989955945
-1.67820293546  573  78  78.2529140491  6.92777890027  -0.0118026240579
-1.67820293546  573  95  95.1847075436  7.00676412262  -0.0159920879279
-1.67820293546  574  112  112.135742833  7.21168433804  -0.0142254440275
-1.67820293546  575  129  129.25543967  7.61678179564  0.00227332185661
-1.67820293546  575  147  146.482331732  7.6640211325  -0.01210050936
-1.67820293546  576  164  163.821135104  8.17064495697  0.00512236362372
-1.67820293546  577  181  181.315706429  9.08755955942  0.0254170405208
-1.67820293546  577  199  199.005515704  9.79231107963  0.0152901980479
-1.67820293546  578  217  216.734522396  10.9311375886  0.00610715089262
-1.67820293546  578  235  234.635012747  12.6368174505  0.00116141647705
-1.67820293546  579  253  252.720088088  14.4994249064  0.00483003097528
-1.67820293546  579  271  271.160402048  16.998390005  0.0180256754815
-1.67820293546  579  290  289.681802983  20.2043978442  -0.000100954420702
-1.67820293546  580  309  308.589620075  23.1947560783  -0.00773096735574
-1.67820293546  580  328  328.050671509  29.9154177726  0.00607652356654
-1.67820293546  581  348  347.887506328  0.405693805662  0.0168785963685
-1.67820293546  581  368  368.269966584  32.2129358766  0.0198540589616
-1.67820293546  581  388  388.372836108  0.333496734608  0.0347752470904
-1.67820293546  582  407  408.298051364  26.6149079775  0.0690540353001
-1.67820293546  582  427  427.770192592  23.3542673772  0.0546609070349
-1.67820293546  582  447  447.778314223  21.5917457423  0.0557220182429
-1.67820293546  582  467  467.684400173  19.529828622  0.0439122827634
-1.67820293546  582  488  487.684900332  18.4471946109  0.0159067586639
-1.67820293546  582  508  508.360606451  17.4642890422  0.0420705079604
-1.67820293546  582  529  528.615200528  17.4193990717  0.0146124867566
-1.67820293546  582  550  549.475823247  17.1064121309  0.0108497554431
-1.67820293546  582  571  570.689346285  17.7462702707  0.0121999004104
-1.67820293546  582  592  592.196751683  19.4806155552  0.0241993752959
-1.67820293546  582  614  613.944627127  20.9795042623  0.0141177974743
-1.67820293546  582  636  636.230221059  0.278515122455  0.0234046506458
-1.67820293546  582  659  658.858270376  26.8736961912  0.014119967831
-1.67820293546  581  683  682.527549362  29.0668617409  0.01599341425
-1.67820293546  581  706  706.685075558  31.7438696694  0.047993018884
-1.67820293546  581  730  731.103507386  29.5862962925  0.052434484321
-1.67820293546  580  755  755.337473657  24.7756404967  0.0241028279408
-1.67820293546  580  779  779.605748604  21.6238637352  0.0319704345896
-1.67820293546  579  804  804.28640612  19.5154445501  0.0105828666073
-1.67820293546  579  828  829.092378978  0.226611284553  0.0288817387961
-1.67820293546  578  854  853.953645793  15.9149505411  0.00208873743835
-1.67820293546  577  879  879.515345312  15.1705455455  0.0228914578343
-1.67820293546  576  905  905.070004517  14.0221967403  0.00907964038071
-1.67820293546  576  931  930.844245404  13.2031229144  0.0181752332792
-1.67820293546  575  957  957.437216968  12.8102303886  0.00917602918787
-1.67820293546  574  984  984.173131252  13.2864290308  0.0223480353693
-1.67820293546  572  1012  1011.5643217  12.3638312675  0.0508841856158
-1.50033293546  569  12  12.1966362238  5.83864417792  0.0292437932281
-1.50033293546  570  28  28.554659769  6.11732595513  0.0308900775099
-1.50033293546  570  45  45.0657307688  6.56733361101  0.00149807191368
-1.50033293546  571  62  61.5757046935  6.73543226569  -0.039519753303
-1.50033293546  572  78  78.361532445  6.92759115034  -0.0135194772778
-1.50033293546  572  95  95.2452829217  6.84003630041  -0.0144899210238
-1.50033293546  573  112  112.238013024  7.15908095075  -0.0149063752167
-1.50033293546  574  129  129.350811738  7.5990003954  0.00151898178068
-1.50033293546  574  147  146.591927283  7.61613082668  -0.000252723435059
-1.50033293546  575  164  163.958006976  8.09708380183  0.0104851408343
-1.50033293546  576  181  181.448558102  8.91322913259  0.0273615545694
-1.50033293546  576  199  199.142425029  9.72092503433  0.0207784562202
-1.50033293546  577  217  216.777381431  10.9672083495  0.0127290388398
-1.50033293546  577  235  234.742246772  12.5950687378  0.00804664481587
-1.50033293546  578  253  252.786968613  14.1673735734  0.00278889868822
-1.50033293546  578  271  271.223862058  16.8492652618  0.0211552340544
-1.50033293546  579  290  289.553619177  20.1179473105  -0.000954426265814
-1.50033293546  579  309  308.448704478  25.9165861559  -0.0157527350375
-1.50033293546  579  329  327.730790743  28.4781955655  -0.0347850113165
-1.50033293546  580  347  348.463932771  0.562659162921  0.0578330387259
-1.50033293546  580  368  368.480476157  34.1240892196  0.037867172938
-1.50033293546  580  388  388.705414994  29.7466771281  0.0484031726082
-1.50033293546  581  408  407.957212156  23.9167279999  0.0264755462037
-1.50033293546  581  427  428.129740525  23.5606202512  0.0650688046496
-1.50033293546  581  448  447.842214372  19.5344891645  0.0248563330834
-1.50033293546  581  467  467.880930591  19.2697820894  0.0506515348989
-1.50033293546  581  488  487.886979236  17.996145496  0.0236094022754
-1.50033293546  581  509  508.329179416  17.046298811  0.00579556577222
-1.50033293546  581  529  528.820221406  17.1199350166  0.0168469391793
-1.50033293546  581  550  549.692710613  16.8117585379  0.0144354321166
-1.50033293546  581  571  570.802373112  17.4441872535  0.0131201225815
-1.50033293546  581  592  592.351403363  0.232070637418  0.0275416378631
-1.50033293546  581  614  614.101828851  20.5090078544  0.019719624589
-1.50033293546  581  636  636.39234744  0.275569723841  0.0243608621102
-1.50033293546  581  658  659.258979767  0.362257343709  0.0531634005212
-1.50033293546  580  683  682.767559076  29.7610614709  0.0140472397098
-1.50033293546  580  707  706.624329871  31.8491569524  0.0163787495772
-1.50033293546  580  731  731.009081244  29.3246716235  0.0235419460112
-1.50033293546  579  755  755.730197183  26.3407208072  0.0412845664262
-1.50033293546  579  779  780.139138269  23.2590571448  0.0469741047921
-1.50033293546  578  805  804.392506037  18.8259085854  -0.0166467563815
-1.50033293546  578  828  829.44676232  18.5033305911  0.0425261165801
-1.50033293546  577  854  854.286280678  16.5740754999  0.0154386298252
-1.50033293546  576  880  879.638694209  14.4733200994  0.00497555474205
-1.50033293546  576  905  905.273600666  13.9680155454  0.0136115348043
-1.50033293546  575  931  931.075257485  13.1429537643  0.0174497864538
-1.50033293546  574  958  957.591060364  12.6106712601  -0.00273843586073
-1.50033293546  573  984  984.382022911  13.1305518671  0.020868711656
-1.50033293546  572  1012  1012.27529535  0.339660989789  -5.85954828802
-1.32246293546  568  12  12.2746949947  5.75122923296  0.0316260209175
-1.32246293546  569  29  28.5535668329  6.2292888621  -0.0128615524911
-1.32246293546  569  45  45.1097986553  6.53233120507  -0.00413874831468
-1.32246293546  570  62  61.6749721639  6.80769980318  -0.0351298222299
-1.32246293546  571  78  78.479469122  6.93772679572  -0.00645145654497
-1.32246293546  571  95  95.3097976035  6.979697077  -0.0224049601516
-1.32246293546  572  112  112.345828599  7.16191740581  -0.00857398513171
-1.32246293546  573  129  129.476246221  7.65035205076  0.00991030413909
-1.32246293546  573  147  146.701267688  7.59050765742  -0.000327522127241
-1.32246293546  574  164  164.073304277  8.33746873719  0.0132349118493
-1.32246293546  575  182  181.496485395  8.68080509281  0.00125522007093
-1.32246293546  575  199  199.277595385  9.70557732944  0.0278286109312
-1.32246293546  576  217  216.916341885  10.9524703538  0.0120580799136
-1.32246293546  576  235  234.852903363  12.588093746  0.0144244285784
-1.32246293546  577  253  252.947995046  14.3688795094  0.0174454318733
-1.32246293546  577  271  271.409717926  16.8226333741  0.0295280670925
-1.32246293546  578  290  289.869370809  19.9573998018  0.00424314741963
-1.32246293546  578  309  308.565085871  25.7601793869  -0.0129423448745
-1.32246293546  578  329  327.772986419  27.6403985079  -0.0210671045664
-1.32246293546  579  347  348.716899433  0.921505510488  0.0688865863612
-1.32246293546  579  368  368.450194032  31.9991638364  0.037493265184
-1.32246293546  579  387  388.867009838  0.75704307682  0.076252842901
-1.32246293546  580  408  408.238469548  25.3848829062  0.0289541411557
-1.32246293546  580  428  427.994528142  21.5865432962  0.0223272738735
-1.32246293546  580  447  448.297026737  20.9159588859  0.0689017428916
-1.32246293546  580  468  467.909401265  19.4363716353  0.0223116508445
-1.32246293546  580  488  488.125008686  0.216517253939  0.029302768636
-1.32246293546  580  509  508.522491674  17.2032464468  0.00972113789102
-1.32246293546  580  529  529.135231846  17.2276243275  0.0274444137338
-1.32246293546  580  550  549.898837776  16.9670401576  0.0176771297134
-1.32246293546  580  571  571.033199437  18.4992021215  0.0182382220237
-1.32246293546  580  593  592.333594378  19.1196060067  0.00139908189087
-1.32246293546  580  615  615.331708892  0.372004842665  -7.08369750952
-1.32246293546  580  637  636.340512753  22.5068225956  -0.000575864805334
-1.32246293546  580  659  658.991681899  26.7268169236  0.0217925990496
-1.32246293546  580  683  682.598769985  29.5994065824  0.0114395592843
-1.32246293546  579  707  706.513382813  0.385342019419  0.0176015320718
-1.32246293546  579  731  731.401691296  30.2927852795  0.029880209516
-1.32246293546  578  755  755.909355123  0.320685269058  0.036340394269
-1.32246293546  578  780  780.052986747  22.2333011707  0.0173961059837
-1.32246293546  577  804  804.887509113  0.240895064905  0.0275356059722
-1.32246293546  577  829  829.406829972  17.5772800131  0.0112050363705
-1.32246293546  576  854  854.534465884  16.7299386653  0.021452209039
-1.32246293546  575  880  879.822082699  14.6110595842  0.00863311596467
-1.32246293546  575  905  905.600052459  14.1055222998  0.0165390512192
-1.32246293546  574  931  931.316706247  13.3499246227  0.0212647727959
-1.32246293546  573  958  957.796974857  12.8212945892  -0.00176680621133
-1.32246293546  572  985  985.313872636  0.380296379907  -5.86388904138
-1.32246293546  571  1012  1011.9873475  12.2499737965  0.0536524935608
-1.14459293546  567  12  12.3757971219  5.77050003197  0.034010610256
-1.14459293546  568  29  28.6461314994  6.16041634238  -0.0205995027263
-1.14459293546  568  45  45.195487455  6.37571472081  0.00649901286797
-1.14459293546  569  62  61.7900500149  6.85846386705  -0.032525399449
-1.14459293546  570  78  78.5659354722  6.92445357838  -0.00551749674339
-1.14459293546  570  95  95.3838196571  7.02423973187  -0.0122077927709
-1.14459293546  571  112  112.426245997  7.166168129  -0.00180843210426
-1.14459293546  572  129  129.567994383  7.56802699895  0.0137165266127
-1.14459293546  572  147  146.783135036  7.48180494471  0.00132475923746
-1.14459293546  573  164  164.187529674  8.34158888062  0.0154733999858
-1.14459293546  574  182  181.551337486  8.60853944384  -0.000246793590967
-1.14459293546  574  199  199.31268972  9.79406867242  0.0261128164611
-1.14459293546  575  217  217.063843942  11.0431572312  0.0219390285413
-1.14459293546  575  235  234.981122016  12.5297593669  0.020163742174
-1.14459293546  576  253  253.062502734  14.053576454  0.0141911113269
-1.14459293546  576  272  271.329250641  16.9076381482  -0.0131158419256
-1.14459293546  577  290  289.924546449  20.1663482609  0.0128983487971
-1.14459293546  577  309  308.722280912  25.7369469418  -0.0134577910615
-1.14459293546  577  329  328.191520346  28.4686098852  -0.00655175457226
-1.14459293546  578  348  348.284232715  35.1524721488  0.0227729581536
-1.14459293546  578  368  368.782851418  31.9022613609  0.0430419735095
-1.14459293546  578  387  388.991584755  33.5574901487  0.0766636951919
-1.14459293546  579  408  408.249030605  23.813492506  0.0259104407801
-1.14459293546  579  427  428.543842577  24.1738277816  0.0782820371777
-1.14459293546  579  447  448.399924956  21.1308586728  0.0732759443466
-1.14459293546  579  467  468.457284163  21.2710033688  0.0728434769192
-1.14459293546  579  489  488.078434227  17.7529063443  -0.00203610836796
-1.14459293546  579  509  508.701718586  17.3345317303  0.0181658988941
-1.14459293546  579  529  529.388857066  16.8747856324  0.0367163986671
-1.14459293546  579  550  550.07684926  16.9671358021  0.0217045193236
-1.14459293546  579  571  571.252661622  18.4638321229  0.02568449504
-1.14459293546  579  593  592.499159399  19.052507376  0.00502666990746
-1.14459293546  579  615  614.248075078  19.9923174229  -0.00345442830937
-1.14459293546  579  637  636.444903311  22.2116010514  0.00200841511994
-1.14459293546  579  659  659.296260974  27.0477451813  0.0262995123254
-1.14459293546  579  683  682.860404621  30.113037799  0.011720942899
-1.14459293546  578  707  706.697657476  31.5836734319  0.0233104792689
-1.14459293546  578  731  731.643945507  30.1383228509  0.0421470405205
-1.14459293546  577  755  756.122375655  26.7842655457  0.0492628329605
-1.14459293546  577  780  780.256838402  22.7150941055  0.0215885510686
-1.14459293546  576  805  804.775691793  19.3960631273  -4.51353442306e-05
-1.14459293546  576  829  829.586003152  17.6151382591  0.0148726400989
-1.14459293546  575  854  854.728958255  16.5611931535  0.0240640043165
-1.14459293546  574  880  880.068312621  14.6865818339  0.00481249543729
-1.14459293546  574  905  905.745912026  14.2764892858  0.021114839589
-1.14459293546  573  932  931.454392147  13.2550860496  0.00813233476345
-1.14459293546  572  958  958.054505222  12.5504490563  0.00719299791511
-1.14459293546  571  985  984.80245981  12.8061596961  0.0113896626653
-1.14459293546  570  1012  1012.12493052  12.1658272773  0.0544672207153
-0.966722935462  566  12  12.456838606  5.74832142561  0.0382659054176
-0.966722935462  567  29  28.7513188537  6.22067115655  -0.00971438730776
-0.966722935462  567  45  45.3238990863  6.44786895262  0.00876384043821
-0.966722935462  568  62  61.9069248561  6.81356710395  -0.0264802225224
-0.966722935462  569  79  78.5512488772  6.97410604982  -0.0479804963992
-0.966722935462  570  95  95.5647063589  7.26248608427  0.0027522507172
-0.966722935462  570  113  112.501747318  7.24678107507  -0.0351471879386
-0.966722935462  571  130  129.615075886  7.35885810866  -0.0219604680893
-0.966722935462  571  147  146.879419885  7.68151571742  -0.000478483001912
-0.966722935462  572  164  164.270295547  8.29190213851  0.0161014056364
-0.966722935462  573  182  181.659194304  8.69451129475  0.00632485715237
-0.966722935462  573  199  199.476114081  9.83154759539  0.0332980592599
-0.966722935462  574  217  217.130688406  11.0031492317  0.0219437890395
-0.966722935462  574  235  235.131826913  12.6005622318  0.022802566094
-0.966722935462  575  253  253.223597988  14.1782448813  0.0227003589228
-0.966722935462  575  272  271.471090088  16.8197472036  -0.00747586314486
-0.966722935462  576  291  289.770368983  20.1754442728  -0.0365638096697
-0.966722935462  576  309  308.988395187  26.1073238242  -0.00734452835622
-0.966722935462  576  329  328.230951571  27.2888332574  0.00645146599872
-0.966722935462  577  348  348.393397167  0.433531250689  0.0264361771876
-0.966722935462  577  368  368.621328058  34.0526521022  0.0346837132437
-0.966722935462  577  389  388.646463853  27.4379599928  0.00558797386529
-0.966722935462  578  408  408.536734183  25.7805810105  0.0430327879415
-0.966722935462  578  428  428.394737443  23.3193701251  0.042766513505
-0.966722935462  578  448  448.250533551  20.5824545531  0.0322054933835
-0.966722935462  578  468  468.291144372  19.0568297729  0.0340620509244
-0.966722935462  578  488  488.42690839  17.991716929  0.0331797917484
-0.966722935462  578  509  508.805004831  17.4678097164  0.0200947030564
-0.966722935462  578  530  529.439592793  16.9909503933  0.0144027093149
-0.966722935462  578  551  551.316481252  0.395175872447  -6.83730883158
-0.966722935462  578  571  571.345957591  18.2662946104  0.0275589887196
-0.966722935462  578  593  592.822868713  18.7829038678  0.011062835744
-0.966722935462  578  615  614.473725801  20.0582687614  0.0013001058298
-0.966722935462  578  637  636.681650141  22.3929455482  0.00717633088646
-0.966722935462  578  659  659.461443836  27.1385730966  0.0280227732046
-0.966722935462  578  683  682.880209951  0.36452012644  0.0175973970156
-0.966722935462  577  707  706.858405798  32.4352286487  0.0250595731771
-0.966722935462  577  731  731.693832706  0.405751334956  0.0459006517272
-0.966722935462  576  756  756.077675419  25.795385676  0.0191035606577
-0.966722935462  576  780  780.592977268  0.275760269015  0.0256289840944
-0.966722935462  575  805  805.040862028  19.8254516795  0.00760996034267
-0.966722935462  575  829  829.769162083  17.8939617529  0.020831789067
-0.966722935462  574  854  854.946080892  16.8031353035  0.0284229989296
-0.966722935462  573  880  880.280676617  15.2097114515  0.0135886054755
-0.966722935462  573  906  905.908840513  14.1511188725  0.00560513739153
-0.966722935462  572  932  931.693405431  13.0542066888  0.0167579593178
-0.966722935462  571  958  958.235808319  12.4932260535  0.00443196774258
-0.966722935462  570  985  984.957199979  12.8074542149  0.0145864449522
-0.966722935462  569  1012  1012.35148125  12.274707716  0.0551520309048
-0.788852935462  565  13  13.7884061377  0.219754478638  10.3531634375
-0.788852935462  566  29  28.8266955401  6.18645293572  -0.00719788858977
-0.788852935462  566  45  45.3947411571  6.43083066735  0.0128573747474
-0.788852935462  567  62  61.9845392494  6.83264770266  -0.0246552549203
-0.788852935462  568  79  78.665791848  7.02452880035  -0.0388522261468
-0.788852935462  569  95  95.6173753802  7.31038166462  0.00854024396112
-0.788852935462  569  113  112.614158387  7.23745802963  -0.0324662578663
-0.788852935462  570  130  129.766612754  7.40510254799  -0.0146884458693
-0.788852935462  571  147  146.956072321  7.70405020743  5.48073328768e-05
-0.788852935462  571  164  164.376599056  8.2592586724  0.0225745263512
-0.788852935462  572  182  181.784370886  8.92046672147  0.00508416953302
-0.788852935462  572  200  199.523923098  9.52412658406  0.00962701061121
-0.788852935462  573  217  217.259340038  11.0423322981  0.0262794178977
-0.788852935462  573  235  235.26401976  12.5832107331  0.0261432525324
-0.788852935462  574  253  253.33377813  14.4145397863  0.0291529343656
-0.788852935462  574  272  271.568323488  16.9208087256  -0.00126871700931
-0.788852935462  575  291  291.184751112  0.371386542108  -5.90271498269
-0.788852935462  575  309  309.136314063  25.6221144334  0.00546696585645
-0.788852935462  575  329  328.746151907  29.1818483802  0.0149974424594
-0.788852935462  576  348  348.53766774  34.8141267322  0.0324435679577
-0.788852935462  576  368  368.685691353  34.7399356167  0.0386149764424
-0.788852935462  576  389  388.647677697  25.9032207427  0.0102189398152
-0.788852935462  577  408  408.735064649  26.2538500035  0.0479745957981
-0.788852935462  577  428  428.53649339  23.1562798341  0.0478623006869
-0.788852935462  577  448  448.453963312  20.9873447984  0.0375871155828
-0.788852935462  577  468  468.465777972  19.4032971534  0.0406448370378
-0.788852935462  577  488  488.735840288  17.9796481229  0.0437426958724
-0.788852935462  577  509  508.963438148  17.4816180322  0.0256349523524
-0.788852935462  577  530  529.620743428  17.0652202829  0.018335631648
-0.788852935462  577  551  550.281409552  16.7103197755  0.00366741116927
-0.788852935462  577  571  571.606153318  17.9259293999  0.0335884103288
-0.788852935462  577  593  593.033346086  18.7186492006  0.0201840757047
-0.788852935462  577  615  614.630038642  20.0607554753  0.00564374117689
-0.788852935462  577  637  636.866840976  22.5937739762  0.0105868705328
-0.788852935462  577  659  659.702503353  0.34131497214  0.0342591673274
-0.788852935462  577  683  683.109094422  30.1909551613  0.0203266648536
-0.788852935462  576  707  707.009837012  32.3937225654  0.0292861681963
-0.788852935462  576  731  731.895913388  30.4908709461  0.0451291544658
-0.788852935462  575  755  756.470994467  26.7611377936  0.0551065049013
-0.788852935462  575  780  780.790705651  22.3095722524  0.0312564889519
-0.788852935462  574  805  805.273670993  19.8800934594  0.00656924910474
-0.788852935462  574  830  829.880003956  17.855116597  0.00291504791268
-0.788852935462  573  855  855.044286315  15.980495106  0.00705641581024
-0.788852935462  572  880  880.499478038  15.0089200575  0.014964489768
-0.788852935462  572  906  906.037912045  14.1045816709  0.00892784547244
-0.788852935462  571  932  931.905376875  13.1634833785  0.0163756940105
-0.788852935462  570  958  958.481086728  12.5686769591  0.0100266254168
-0.788852935462  569  985  985.219879141  12.7679837893  0.0166142173614
-0.788852935462  568  1012  1012.60535725  12.2039146373  0.0615568373933
-0.610982935462  564  13  12.6012807531  5.77846270837  0.00100827477121
-0.610982935462  565  29  28.9253440208  6.23590649151  0.000860267832395
-0.610982935462  565  45  45.4971265615  6.51089419797  0.0098526929499
-0.610982935462  566  62  62.0589684656  6.76953142241  -0.0225678783091
-0.610982935462  567  79  78.7987815198  6.99551247547  -0.0336343872638
-0.610982935462  568  95  95.7120945911  7.19793615229  0.00257206996929
-0.610982935462  568  113  112.744872399  7.21697645016  -0.0252313502825
-0.610982935462  569  130  129.847994253  7.44604268498  -0.01410010391
-0.610982935462  570  147  147.098413422  7.87613120892  0.00373626002958
-0.610982935462  570  165  164.444982799  8.06546676225  -0.00285851971422
-0.610982935462  571  182  181.956593167  8.90376514998  0.0161803259877
-0.610982935462  571  200  199.661520562  9.52059911879  0.0156890698418
-0.610982935462  572  217  217.402289403  11.0775448776  0.0317761327207
-0.610982935462  572  235  235.362649898  12.5130890176  0.0339024828607
-0.610982935462  573  253  253.467160105  14.3821542861  0.0353839439536
-0.610982935462  573  272  271.73404898  16.936937322  0.00626343384708
-0.610982935462  574  291  290.098070003  20.4203055918  -0.0176450804251
-0.610982935462  574  309  309.196619834  25.6882993581  0.00903591502062
-0.610982935462  574  329  328.646649773  30.8675198404  -0.00380789246666
-0.610982935462  575  349  348.366270639  35.1132379795  -0.00838894551383
-0.610982935462  575  369  368.817772664  34.8751201045  0.00771636892941
-0.610982935462  575  389  388.780617256  29.2568854683  0.0174719130938
-0.610982935462  576  409  408.429798658  23.8707648781  -0.00653712481421
-0.610982935462  576  428  428.917753074  0.338689331961  0.0663373415203
-0.610982935462  576  449  448.411489027  20.9954739269  0.00645645353196
-0.610982935462  576  469  468.491695492  19.3271295113  0.0137655267577
-0.610982935462  576  489  488.700917265  17.8171536562  0.0118362260513
-0.610982935462  576  509  509.154855534  17.7019818452  0.0276716315696
-0.610982935462  577  530  529.594772466  17.0082688975  0.0170293420898
-0.610982935462  577  551  550.313405292  17.1076101359  -0.00475190455052
-0.610982935462  576  572  571.676543312  17.3604564495  0.01182490668
-0.610982935462  576  593  593.201866807  18.9009791309  0.026995296111
-0.610982935462  576  615  614.869196508  20.2946494298  0.0125962492976
-0.610982935462  576  637  637.230632789  22.7395247644  0.0203759168591
-0.610982935462  576  659  659.322816312  27.4879252175  0.0
-0.610982935462  576  684  682.938805486  29.7385817933  -0.0039500161535
-0.610982935462  575  708  706.964361206  32.2084711766  0.00738073770534
-0.610982935462  575  732  731.834661623  29.4024830699  0.0202863782025
-0.610982935462  574  756  756.337633357  25.8247882794  0.026144671198
-0.610982935462  574  781  780.823051048  22.2327649902  0.00920922524657
-0.610982935462  573  805  805.339423592  19.8141878562  0.0135218082104
-0.610982935462  573  830  830.24777243  17.7605525707  0.0110281045501
-0.610982935462  572  855  855.355570565  16.6510430622  0.0158813689193
-0.610982935462  571  881  880.507756218  14.7231816099  -0.00219598973472
-0.610982935462  571  906  906.276743053  14.2170593663  0.00770853923228
-0.610982935462  570  932  932.088764893  13.2657059402  0.0213426037516
-0.610982935462  569  959  958.661101039  12.6450633674  -0.00288598839951
-0.610982935462  568  986  986.310436582  0.372966820649  -5.91211388145
-0.610982935462  567  1012  1012.83435642  12.2185920739  0.060316786434
-0.433112935462  563  13  12.6946911074  5.77936292031  0.0013762614907
-0.433112935462  564  29  29.0084528602  6.16998034477  0.00329702516899
-0.433112935462  565  45  45.5138988788  6.5419901541  0.013856172589
-0.433112935462  565  62  62.166583534  6.80866974634  -0.0163495017943
-0.433112935462  566  79  78.889126685  6.89861319132  -0.0310131191163
-0.433112935462  567  96  95.7385872102  7.07965264414  -0.0362028269045
-0.433112935462  567  113  112.841318565  7.17579241704  -0.0222759464287
-0.433112935462  568  130  129.933169666  7.47816491235  -0.0131940684689
-0.433112935462  569  147  147.206140933  7.89498125519  0.0117618156837
-0.433112935462  569  165  164.557814528  8.12181825632  -0.000919718578955
-0.433112935462  570  182  182.065011946  9.00527299834  0.0164723253747
-0.433112935462  570  200  199.786253829  9.43998591036  0.021692188672
-0.433112935462  571  217  217.55224057  11.0363686384  0.0359819513728
-0.433112935462  571  235  235.51677312  12.535807163  0.0377033823118
-0.433112935462  572  254  253.416533925  14.3996136283  -0.00658169144963
-0.433112935462  572  272  271.886662698  16.6040263124  0.0077740792052
-0.433112935462  573  291  290.182440868  20.280521988  -0.0134624725098
-0.433112935462  573  309  309.464837482  25.5602594198  0.018620618848
-0.433112935462  574  329  328.566630312  29.8640311086  -0.00644926022445
-0.433112935462  574  349  348.737435197  34.7888499085  -0.00293273824814
-0.433112935462  574  369  369.254758368  35.6380395633  0.0291674233379
-0.433112935462  575  389  388.821602134  29.0210367417  0.0211940489619
-0.433112935462  575  409  408.696976674  25.8481360807  0.0139401830898
-0.433112935462  575  429  428.482601838  23.3021135507  0.0070054644709
-0.433112935462  575  449  448.656380464  20.9599891623  0.0145196311396
-0.433112935462  575  469  468.621573064  19.3254584986  0.0187670649567
-0.433112935462  575  489  488.783267249  17.8904257376  0.0125447622223
-0.433112935462  575  509  509.282773956  17.4817279892  0.0355446606061
-0.433112935462  576  530  529.750932359  16.9679498535  0.0171773717564
-0.433112935462  576  551  550.518126936  16.8610396482  0.0099040302665
-0.433112935462  575  572  571.724388568  17.3628994146  0.0145141238401
-0.433112935462  575  593  593.381798435  0.230031699321  0.0279753436178
-0.433112935462  575  615  615.138391556  20.2411793776  0.0196872520246
-0.433112935462  575  637  637.426708897  22.3103852039  0.0267568463699
-0.433112935462  575  660  659.860073562  25.1470289823  0.0107848862134
-0.433112935462  575  683  683.42457728  0.374127886909  0.0305352391804
-0.433112935462  574  707  707.644800372  33.343275219  0.0462962247506
-0.433112935462  574  731  732.510678866  0.548065610884  0.0639623427005
-0.433112935462  573  757  756.217617003  24.2388031486  -0.00117326106819
-0.433112935462  573  780  781.154181666  22.9673533698  0.0415815439749
-0.433112935462  572  805  805.740194551  19.9216399627  0.0222562399953
-0.433112935462  572  830  830.459359469  17.9247528167  0.0196025831615
-0.433112935462  571  855  855.555070882  16.6804772124  0.0204441472354
-0.433112935462  570  881  880.810490452  14.5996952256  -0.00255238660862
-0.433112935462  570  906  906.495562345  14.1209312147  0.0145730381599
-0.433112935462  569  932  932.272365568  13.2450963276  0.0215978611183
-0.433112935462  568  959  958.812601184  12.6104283628  0.000591028772384
-0.433112935462  567  986  985.611793309  12.6314982582  0.0141488875456
-0.433112935462  566  1013  1012.96454212  12.0261893157  0.0574398018549
-0.255242935462  562  13  12.7895360052  5.73771361278  0.00403995277093
-0.255242935462  563  29  29.110844679  6.20671108822  0.00966756377101
-0.255242935462  564  45  45.6129732248  6.37616516595  0.0127719084241
-0.255242935462  564  62  62.2716916746  6.76197453246  -0.00204301263281
-0.255242935462  565  79  79.0151061563  6.93924668709  -0.0252489358045
-0.255242935462  566  96  95.8492029408  7.09580746598  -0.0332269929536
-0.255242935462  566  113  112.924716175  7.11875831439  -0.0152911055622
-0.255242935462  567  130  130.049109557  7.44086152475  -0.00672303544673
-0.255242935462  568  147  147.329805536  7.83827867029  0.00838850901482
-0.255242935462  568  165  164.655898887  8.14366357278  -0.000693180893009
-0.255242935462  569  182  182.152803537  8.95652190537  0.0196066471036
-0.255242935462  569  200  199.867958655  9.76681891416  0.0142789818825
-0.255242935462  570  218  217.509439177  10.9792138877  -0.00212938558705
-0.255242935462  570  236  235.518504033  12.3697077253  0.0056969152284
-0.255242935462  571  254  253.610346602  14.3451608518  0.00259935900966
-0.255242935462  571  272  271.952326254  16.7545186037  0.010623148656
-0.255242935462  572  291  290.269584461  20.1933760437  -0.0127608519555
-0.255242935462  572  309  309.536503258  0.30582138904  0.0228837605567
-0.255242935462  573  329  328.645770806  31.5496780269  -0.0160715114369
-0.255242935462  573  349  348.639940662  31.460124823  -0.000145223481476
-0.255242935462  573  368  369.588505139  0.894194378133  0.0657594558923
-0.255242935462  574  389  389.178976178  29.6943339881  0.0291572409882
-0.255242935462  574  409  408.969720038  25.9755993503  0.025835995633
-0.255242935462  574  429  428.779695346  23.4611976468  0.0204976070718
-0.255242935462  574  449  448.845849622  20.9315158536  0.0194783338279
-0.255242935462  574  469  468.812199973  18.340463607  0.0212701646561
-0.255242935462  574  488  489.166267305  18.1954259317  0.0590613636352
-0.255242935462  575  509  509.343953129  0.218055157676  0.0319143148575
-0.255242935462  575  530  529.897200851  16.9736785504  0.0206114054328
-0.255242935462  575  551  550.765727912  16.9498897239  0.015926027962
-0.255242935462  575  572  571.816342113  17.3465745412  0.017776050133
-0.255242935462  574  593  593.675769665  18.7111454311  0.0340688544742
-0.255242935462  574  615  615.217172749  20.4502383095  0.0218951494224
-0.255242935462  574  638  637.402641046  22.6704802924  0.00122552267702
-0.255242935462  574  660  660.11440634  25.1025519753  0.0188577357338
-0.255242935462  574  683  683.548593635  30.0940047727  0.0360393949111
-0.255242935462  573  707  708.048866439  0.494602435738  0.0571470333503
-0.255242935462  573  732  732.213894425  29.8025511202  0.0376367162452
-0.255242935462  573  757  756.684136299  24.8247510611  0.00811750449935
-0.255242935462  572  780  781.423735329  23.4649307117  0.0486192303541
-0.255242935462  572  805  805.793270743  20.4055673018  0.02406798973
-0.255242935462  571  829  830.91897211  19.2954403686  0.0555077524304
-0.255242935462  570  855  855.681400955  16.5821581066  0.018553914194
-0.255242935462  569  881  881.055053695  15.1617197311  0.010243368344
-0.255242935462  569  907  906.553621334  13.7776523601  -0.00853778027448
-0.255242935462  568  932  932.493898321  13.2276535808  0.0290997940073
-0.255242935462  567  959  959.017064225  12.6935713324  0.00179375606475
-0.255242935462  566  986  985.862176039  12.6918749283  0.0176977738731
-0.255242935462  565  1013  1013.21366757  12.0779880553  0.060868466695
-0.0773729354616  561  13  12.9124527088  5.8009711056  0.0117672460886
-0.0773729354616  562  29  29.2198922666  6.17934498811  0.0118971159553
-0.0773729354616  563  46  45.6414037982  6.46830929633  -0.0263961019627
-0.0773729354616  563  62  62.3751676104  6.77629871043  -0.00121017204214
-0.0773729354616  564  79  79.0990311668  6.89062600774  -0.020744769033
-0.0773729354616  565  96  95.9434512868  7.0762938785  -0.0277881609947
-0.0773729354616  565  113  113.009254465  7.15640392649  -0.0153566045252
-0.0773729354616  566  130  130.13286423  7.46188561148  -0.00167863759026
-0.0773729354616  567  147  147.397258081  7.87193413191  0.0142032009848
-0.0773729354616  567  165  164.794901082  8.09373188828  0.0075750676136
-0.0773729354616  568  182  182.283373458  8.97184869805  0.0241913020915
-0.0773729354616  568  200  199.969988557  9.77886990782  0.0229444090807
-0.0773729354616  569  218  217.640266744  11.0008805258  0.00533143463242
-0.0773729354616  569  236  235.654324283  12.4440572302  0.00653751902053
-0.0773729354616  570  254  253.78509671  14.3512315998  0.0102425186981
-0.0773729354616  570  272  272.193583131  16.8011667666  0.0249265021393
-0.0773729354616  571  291  290.575627086  20.0605894014  -0.00232578150947
-0.0773729354616  571  310  309.495909848  23.8170311957  -0.006443514272
-0.0773729354616  572  328  329.507928769  29.6714067457  0.0624125143951
-0.0773729354616  572  349  348.983790536  34.4395837824  0.00785647300375
-0.0773729354616  572  369  369.245038797  32.8020274456  0.0259539102241
-0.0773729354616  573  388  389.623674016  0.74594323035  0.0778623920124
-0.0773729354616  573  409  409.225049528  26.2507842505  0.0323796165839
-0.0773729354616  573  429  428.938357976  23.0305340868  0.0259311754067
-0.0773729354616  573  449  448.892090821  20.9530886103  0.0246943246072
-0.0773729354616  573  469  468.957327521  19.3615762025  0.0235336501322
-0.0773729354616  573  489  489.118840989  18.1402033131  0.0283361852566
-0.0773729354616  574  509  509.626582848  17.8083816564  0.0411864349025
-0.0773729354616  574  530  530.030194735  17.2671572974  0.0259380334767
-0.0773729354616  574  551  550.84334521  17.07866616  0.0188183820348
-0.0773729354616  574  572  572.002864108  17.3323501155  0.0204817016969
-0.0773729354616  573  593  593.784106815  19.0673103762  0.0399966128927
-0.0773729354616  573  615  615.551776453  20.25452433  0.0332658193228
-0.0773729354616  573  638  637.663781822  22.6490018947  0.00984816052131
-0.0773729354616  573  660  660.332975939  24.7025867455  0.0292381350722
-0.0773729354616  573  683  683.880481927  29.6022113418  0.044691529946
-0.0773729354616  572  707  708.342344396  0.50543712081  0.062327650088
-0.0773729354616  572  732  732.385456922  30.0817433499  0.0439230006486
-0.0773729354616  572  757  756.714397002  25.8630358504  0.0108601983228
-0.0773729354616  571  781  781.389138261  22.6655786042  0.0265459737287
-0.0773729354616  571  805  806.176632004  21.4005842592  0.0351499040594
-0.0773729354616  570  831  830.644895231  17.8129394188  0.00329865201621
-0.0773729354616  569  856  855.742459661  15.9967837379  -0.0018357682535
-0.0773729354616  569  881  881.25595406  15.219863263  0.0113682100835
-0.0773729354616  568  907  906.758377497  13.9796102005  0.0021185341209
-0.0773729354616  567  933  932.64118862  13.001915531  0.0126217208037
-0.0773729354616  566  959  959.290878684  12.6731897381  0.00872556524148
-0.0773729354616  565  986  986.087693144  12.9351835204  0.0177563971262
-0.0773729354616  564  1014  1015.79866025  0.209995812088  12.4687810288
0.100497064538  560  13  12.9985540733  5.76460833407  0.0171965144653
0.100497064538  561  29  29.3045115379  6.25354548019  0.0181250424613
0.100497064538  562  46  45.7558278874  6.52474606722  -0.0278744189714
0.100497064538  562  62  62.4955210577  6.68628780241  0.0122872093137
0.100497064538  563  79  79.2125278528  6.85511009539  -0.0180779042574
0.100497064538  564  96  96.0775208841  7.04737826548  -0.0263745278427
0.100497064538  564  113  113.067383585  7.07448380491  -0.0104932668272
0.100497064538  565  130  130.263660484  7.42859072509  0.00384110027885
0.100497064538  566  147  147.49550539  7.87023572502  0.0156548171109
0.100497064538  566  165  164.920305174  8.09310609724  0.0115041386329
0.100497064538  567  182  182.385464178  8.97626983528  0.0248526771514
0.100497064538  567  200  200.074202504  9.8792848419  0.0193961400356
0.100497064538  568  218  217.788354923  11.084878019  0.0106116700052
0.100497064538  568  236  235.715811064  12.5394144833  0.00644227454741
0.100497064538  569  254  253.901127793  14.3781968451  0.0153200292989
0.100497064538  569  272  272.258952924  16.7297661986  0.0217385558159
0.100497064538  570  291  290.760832206  20.1378827274  0.00345154098579
0.100497064538  570  310  309.655879178  23.6659249577  -0.00238857010513
0.100497064538  571  329  329.085241767  30.0313841436  0.014050194608
0.100497064538  571  349  349.193703756  33.5119402758  0.0188142281229
0.100497064538  571  369  369.34247875  35.5468783555  0.0376477516861
0.100497064538  572  389  389.381807659  26.9798687315  0.0310349585613
0.100497064538  572  408  409.64498769  0.734412468202  0.0916967832746
0.100497064538  572  429  429.139562592  23.5666972849  0.0334574032042
0.100497064538  572  449  449.104556257  20.7295942132  0.032862536378
0.100497064538  572  469  469.091342421  0.234164717794  0.0286011864899
0.100497064538  573  489  489.312018714  17.9300132925  0.0358992919253
0.100497064538  573  509  509.731899724  17.4179911164  0.042052430373
0.100497064538  573  530  530.299178585  16.9110891568  0.0345575323084
0.100497064538  573  551  551.088799901  17.0897868862  0.0236081663682
0.100497064538  573  572  572.169719055  17.3283633506  0.0256641885621
0.100497064538  573  593  593.925422559  19.1135386094  0.0392343881731
0.100497064538  572  615  615.74899087  20.1494309817  0.0360369784159
0.100497064538  572  638  637.834061534  22.6955296588  0.0125901232685
0.100497064538  572  660  660.58137884  26.6727539638  0.0337996933233
0.100497064538  572  684  683.842959756  27.213900492  0.0228541652452
0.100497064538  571  707  708.305760226  0.896455002851  0.0752404415278
0.100497064538  571  732  732.602724427  30.3371693316  0.0454567148338
0.100497064538  571  756  757.195039649  26.6734311893  0.0474092948122
0.100497064538  570  781  781.620358042  22.7089909687  0.0286028613414
0.100497064538  570  805  806.37346798  0.271612627839  0.0423524914495
0.100497064538  569  831  830.874906354  17.7431708697  0.00520363868568
0.100497064538  568  855  856.173718169  17.0146798575  0.0278427225231
0.100497064538  568  881  881.348805522  15.2015612536  0.014652457093
0.100497064538  567  907  906.945072347  13.9262539007  0.00456940175557
0.100497064538  566  933  932.87928189  13.182601057  0.0193561183968
0.100497064538  565  960  959.468048399  12.5833246041  -0.00351926649097
0.100497064538  564  986  986.312103521  12.97533091  0.0232185218292
0.100497064538  563  1014  1013.16594857  0.0723287247007  -5.52870638302
0.278367064538  559  13  13.0694821041  5.75105331014  0.0203152243733
0.278367064538  560  29  29.4085869195  6.24010722764  0.0221089171865
0.278367064538  561  46  45.8666455493  6.58999865159  -0.01399579408
0.278367064538  561  63  62.5435829808  6.79299972825  -0.0360708486749
0.278367064538  562  79  79.2994005902  6.93991764935  -0.0157352066956
0.278367064538  563  96  96.1515972501  7.08672993982  -0.0181376659112
0.278367064538  563  113  113.263640507  7.22670924153  -0.00773856180365
0.278367064538  564  130  130.350109439  7.62861370124  0.00818864170521
0.278367064538  565  148  147.547070116  7.73028810662  -0.0103092589291
0.278367064538  565  165  165.020408323  8.39040917976  0.0111080803958
0.278367064538  566  183  182.396108049  8.68945055362  -0.00311751492742
0.278367064538  566  200  200.188168991  9.91615160799  0.0247484657937
0.278367064538  567  218  217.929930204  10.9772906558  0.0158298016642
0.278367064538  568  236  235.905628787  12.5774267448  0.00899195674575
0.278367064538  568  254  253.990164856  14.3449462202  0.0159809999299
0.278367064538  568  272  272.321711378  16.8543953541  0.0300329950806
0.278367064538  569  291  290.876057314  20.0092787641  0.0105571993845
0.278367064538  569  310  309.820850991  23.5704716925  0.00405844111043
0.278367064538  570  329  329.13092641  29.2499134531  0.0124569051221
0.278367064538  570  349  349.269721965  33.3570156916  0.0248965218723
0.278367064538  570  369  369.679311319  35.7325180948  0.0484747088865
0.278367064538  571  389  389.826734249  0.410286240147  0.052556303821
0.278367064538  571  409  409.494077991  26.0206524959  0.0484925758593
0.278367064538  571  429  429.453709126  23.5530011321  0.0450069720902
0.278367064538  571  449  449.267216367  20.6183847304  0.0348057861775
0.278367064538  571  469  469.232900161  19.0542426372  0.0327984309508
0.278367064538  572  489  489.399619691  17.7958664246  0.0334105231404
0.278367064538  572  510  509.763637661  17.5946787726  0.0207303621217
0.278367064538  572  531  531.30416426  0.381989877245  -7.15173762366
0.278367064538  572  551  551.28173301  0.206943547788  0.0326059179824
0.278367064538  572  572  572.370782893  18.2488970265  0.0269764950014
0.278367064538  572  594  593.819780681  18.8938095777  0.0156663611477
0.278367064538  571  616  615.825048659  19.1801732282  0.011547274029
0.278367064538  571  637  638.306496941  24.251004367  0.0524513371212
0.278367064538  571  661  660.410186842  25.2306439709  0.00383792289597
0.278367064538  571  684  683.887036892  0.358623991757  0.0182480720226
0.278367064538  570  708  708.179413207  31.3126955654  0.0314445611095
0.278367064538  570  733  732.568915012  29.7582924736  0.0162136478812
0.278367064538  570  758  758.287195753  0.296199086422  -7.86014065683
0.278367064538  569  781  781.773774628  23.1487758443  0.0333225885497
0.278367064538  569  806  806.313283205  20.4912229326  0.011631552117
0.278367064538  568  831  831.146078159  17.9598570082  0.0092670503413
0.278367064538  567  856  856.238047426  16.3255541922  0.0113057645862
0.278367064538  567  881  881.603134426  15.1746085577  0.0153123872593
0.278367064538  566  907  907.193565919  14.0885260164  0.0118686822053
0.278367064538  565  933  933.123896059  13.1813539993  0.0217109526259
0.278367064538  564  960  959.705310922  12.635883069  0.00160866014109
0.278367064538  563  987  987.314714092  0.370820581402  -5.88282223507
0.278367064538  562  1014  1014.15626742  0.0662424861483  -5.18247335465
0.456237064538  558  13  13.1716201902  5.69187611115  0.0263197547014
0.456237064538  559  29  29.5007563833  6.17581994973  0.0277661597778
0.456237064538  560  46  45.9503444461  6.52243813706  -0.0183487038781
0.456237064538  560  63  62.5748418445  6.65606081051  -0.0348293387281
0.456237064538  561  79  79.4090657349  6.98682488439  -0.00986082622085
0.456237064538  562  96  96.23224791  7.08277565728  -0.0184039329939
0.456237064538  563  113  113.310960123  7.20811367895  -0.0034436340959
0.456237064538  563  130  130.487400581  7.63928248212  0.010298810161
0.456237064538  564  148  147.686618764  7.69071742384  -0.00426124526475
0.456237064538  564  165  165.098808988  8.28528822042  0.0190907026571
0.456237064538  565  183  182.529027804  8.74311271106  0.00597543810863
0.456237064538  565  200  200.352362783  9.89906820336  0.0265339265993
0.456237064538  566  218  218.056977462  11.0608698037  0.0203001778374
0.456237064538  567  236  235.961871492  12.4799090499  0.0149928004409
0.456237064538  567  255  253.997443202  14.5817489098  -0.0215219723227
0.456237064538  567  273  272.408242245  17.0994332012  -0.00968737834296
0.456237064538  568  291  291.080502533  20.1201755286  0.0219443163904
0.456237064538  568  310  310.059743957  23.3859720273  0.0097078736451
0.456237064538  569  329  329.239330584  29.4759959407  0.0244732164276
0.456237064538  569  349  349.271228265  33.0697053174  0.0203696478413
0.456237064538  569  370  369.497895255  31.3491648275  0.000319684146926
0.456237064538  570  389  390.189713874  0.507224444486  0.0688228938228
0.456237064538  570  409  409.66221301  26.5746045461  0.0559783716003
0.456237064538  570  429  429.662492765  23.1713072128  0.0475776106624
0.456237064538  570  449  449.404035663  21.264108641  0.0404725183037
0.456237064538  570  469  469.473848275  19.3489019437  0.0402494949521
0.456237064538  571  489  489.570359582  18.2873641129  0.0418708830829
0.456237064538  571  509  510.117535652  18.6516610438  0.0581060183531
0.456237064538  571  531  530.501821009  17.1448425438  0.0134218859536
0.456237064538  571  551  551.447480133  16.7227368216  0.0369959659668
0.456237064538  571  572  572.628658806  17.1276879125  0.0358843903898
0.456237064538  571  593  594.286315492  18.8846188303  0.0513565722674
0.456237064538  570  616  616.109659025  20.1813506225  0.0160983826753
0.456237064538  570  638  638.133901414  0.292163899255  0.0240218584293
0.456237064538  570  662  660.502649544  0.316254700151  -0.0211105440716
0.456237064538  570  685  683.92362673  29.7612469396  -0.00419399870304
0.456237064538  569  709  707.8732683  31.6101444443  0.00108317345649
0.456237064538  569  733  732.773165466  0.361102213043  0.019415102045
0.456237064538  569  758  756.978535046  24.9787862921  -0.0122576468306
0.456237064538  568  781  782.06784505  0.291851014733  0.0401290661733
0.456237064538  568  806  806.445629682  20.2338808189  0.0173055991905
0.456237064538  567  831  831.410241134  18.0556122932  0.0154825155321
0.456237064538  566  856  856.458437144  16.7251506989  0.0143643560865
0.456237064538  566  882  881.64703735  14.6530101488  -0.00437625718972
0.456237064538  565  907  907.371770926  14.2095655279  0.0108703185561
0.456237064538  564  933  933.32291838  13.1975829139  0.0284922517754
0.456237064538  563  960  959.882185727  12.5724075127  0.00332175411198
0.456237064538  562  987  986.623805973  12.560839236  0.0142922212941
0.456237064538  561  1014  1014.13749229  11.8031972228  0.0788653085688
0.634107064538  557  13  13.250761847  5.72634203148  0.0278138846457
0.634107064538  558  30  29.5462268674  6.20534748907  -0.0178551609305
0.634107064538  559  46  46.0451680586  6.55360062415  -0.0103935508707
0.634107064538  560  63  62.7076766711  6.72455946873  -0.0286518090017
0.634107064538  560  79  79.515362299  6.91006137784  -0.0040072836863
0.634107064538  561  96  96.3536526999  6.99842489785  -0.0145223605932
0.634107064538  562  113  113.448929482  7.33794379925  0.00640578140714
0.634107064538  562  131  130.546868763  7.4884544359  -0.0199447464045
0.634107064538  563  148  147.777151314  7.71667893152  -0.00564428204977
0.634107064538  563  165  165.217774336  8.32766825402  0.0197712872866
0.634107064538  564  183  182.687092206  8.71498483372  0.00865195772763
0.634107064538  565  200  200.358027517  9.85582399405  0.0283805799031
0.634107064538  565  218  218.204443925  10.966124561  0.0250425428684
0.634107064538  566  236  236.093654661  12.397229298  0.0191895426714
0.634107064538  566  255  254.143199108  14.5904275059  -0.0171130299962
0.634107064538  567  273  272.452637045  17.0129758402  -0.0061600316896
0.634107064538  567  291  291.298344636  19.7804737239  0.0318536400165
0.634107064538  567  310  310.270319536  23.248451075  0.0178089166529
0.634107064538  568  329  329.45111397  30.1807928955  0.0255957131018
0.634107064538  568  349  349.376932252  33.721277339  0.0227829310875
0.634107064538  568  370  369.611585923  31.0216295594  0.0116556998268
0.634107064538  569  389  390.231269821  33.0818121284  0.0798910386548
0.634107064538  569  409  410.029639975  26.9761569933  0.0648594621025
0.634107064538  569  429  429.742169367  23.4266184871  0.0471726037232
0.634107064538  569  449  449.705116268  21.2908963109  0.0514388584746
0.634107064538  569  469  469.624741044  19.5412682935  0.0433368216652
0.634107064538  570  489  489.754178277  18.4724842619  0.0480612425982
0.634107064538  570  510  510.082749849  17.6638180736  0.0252275478674
0.634107064538  570  531  530.652455743  17.2512984664  0.0161182762264
0.634107064538  570  551  551.698833301  17.6597621263  0.0403824310145
0.634107064538  570  573  572.629506647  17.4366759946  0.0100155753202
0.634107064538  570  594  594.248751556  19.0866843217  0.023057825901
0.634107064538  569  616  616.167151474  20.2654993587  0.0199224488804
0.634107064538  569  639  638.29526942  0.270116669644  -8.18220672247
0.634107064538  569  661  660.993114359  26.8795468721  0.0175886026202
0.634107064538  569  685  684.312778801  29.8229019652  0.006753204073
0.634107064538  568  709  708.463711563  31.6325103782  0.0116306373979
0.634107064538  568  733  732.951149898  29.7559732735  0.0225705071335
0.634107064538  568  757  757.608065676  26.7161707966  0.0406567855803
0.634107064538  567  782  782.124093953  22.9192003142  0.0193983251493
0.634107064538  567  806  806.717953814  20.4905861183  0.0189650035545
0.634107064538  566  831  831.545744227  18.150429444  0.0182825164138
0.634107064538  565  856  856.723496422  17.0903151789  0.0216929371545
0.634107064538  565  882  881.895871807  14.7932626836  -0.00351489884237
0.634107064538  564  907  907.589261344  14.2880450259  0.0174165713912
0.634107064538  563  934  934.281166363  0.375146630969  -6.33831650978
0.634107064538  562  960  960.118599827  12.5197647302  0.00927353897999
0.634107064538  561  987  986.868318861  12.584249868  0.0166867009256
0.634107064538  560  1014  1014.34883925  11.727077492  0.0852375649822
0.811977064538  556  13  13.3506348223  5.66537761651  0.0383996191488
0.811977064538  557  30  29.6312531938  6.15454397673  -0.0121291841781
0.811977064538  558  46  46.1563209059  6.52706662979  -0.00808779537686
0.811977064538  559  63  62.7541823927  6.71597532683  -0.029001011273
0.811977064538  559  79  79.657710667  6.89666081011  0.00117023835832
0.811977064538  560  96  96.4843317216  7.03546970811  -0.00848380590347
0.811977064538  561  113  113.502608583  7.41587946924  0.00677387110897
0.811977064538  561  131  130.639004694  7.50364748176  -0.0194001104821
0.811977064538  562  148  147.909454902  7.71430653193  0.00031087371193
0.811977064538  562  165  165.330032473  8.31837449871  0.0266892029206
0.811977064538  563  183  182.80533246  9.02258652842  0.00835816026468
0.811977064538  564  201  200.435558286  9.31603789746  -0.0056141849677
0.811977064538  564  218  218.318892747  10.9108858203  0.0277308986134
0.811977064538  565  236  236.253641021  12.6882019411  0.0269306920671
0.811977064538  565  255  255.301172478  0.367148312277  -6.29305566692
0.811977064538  566  273  272.677176263  16.7963668509  0.00147327901419
0.811977064538  566  292  -9874.3062018  41864.6180458  -0.116995476113
0.811977064538  566  311  310.104244402  0.292190992792  -0.0229734280818
0.811977064538  567  329  329.670179571  29.6449057403  0.0305236622923
0.811977064538  567  349  350.690374004  0.461667991723  10.2818886355
0.811977064538  567  369  370.316371398  36.7798980321  0.0575552802773
0.811977064538  568  389  390.458892512  0.790958740237  0.0787465478019
0.811977064538  568  409  410.173852445  0.384923482734  0.0650787743906
0.811977064538  568  430  429.543896216  21.8762635489  0.00551386010582
0.811977064538  568  449  449.922757659  21.3693434544  0.0613290102422
0.811977064538  569  469  469.71335253  19.3478932646  0.0486848645292
0.811977064538  569  489  490.09827779  19.6508554829  0.0606792469488
0.811977064538  569  511  510.146591862  17.5003598711  -0.00276840978252
0.811977064538  569  531  530.802741339  17.1062170658  0.0165927501419
0.811977064538  569  552  551.636238866  16.8206866487  0.011875366915
0.811977064538  569  573  572.870985922  18.2397222773  0.0151988670766
0.811977064538  569  595  594.296633218  18.7266908162  -0.00174186587511
0.811977064538  568  617  616.234102298  19.2347740164  -0.00655390975979
0.811977064538  568  638  638.247728872  22.2824754012  0.0
0.811977064538  568  661  661.121312114  26.3875594588  0.0224639937483
0.811977064538  568  685  684.453778209  30.0129704255  0.0087434856718
0.811977064538  568  709  708.313908905  31.902225203  0.011533591688
0.811977064538  567  733  733.159064675  30.0146109018  0.0297121808406
0.811977064538  567  758  757.614053034  26.5216221517  0.0123475772504
0.811977064538  566  782  782.315388985  23.1192876057  0.0189866391167
0.811977064538  566  806  806.803299891  0.250067502505  0.0273858139939
0.811977064538  565  831  831.643141398  18.2776439385  0.0192288946094
0.811977064538  564  856  857.02341616  17.0141915011  0.0270532577035
0.811977064538  564  882  882.018126802  14.7071851843  0.000949114357443
0.811977064538  563  907  907.8512084  14.3014610567  0.0207936381636
0.811977064538  562  934  933.69080083  13.0019770879  0.0177956525922
0.811977064538  561  960  960.365025544  12.4674010532  0.0139417921249
0.811977064538  560  987  987.142286196  12.6608890875  0.0207558897013
0.811977064538  559  1014  1014.58315484  11.551290299  0.0902770456752
0.989847064538  555  13  13.4694710923  5.75330775812  0.0364031185276
0.989847064538  556  30  29.7701472943  6.16329285386  -0.0081533067922
0.989847064538  557  46  46.2668301013  6.5144326702  0.00220526385018
0.989847064538  558  63  62.8933942764  6.5845732199  -0.0318668709685
0.989847064538  558  80  79.7015449239  6.89952387899  -0.0350262066131
0.989847064538  559  96  96.5812986198  7.05476988869  -0.0056645459374
0.989847064538  560  113  113.614190309  7.32870144107  0.00141588461759
0.989847064538  560  131  130.763033286  7.46119752601  -0.0163250831805
0.989847064538  561  148  148.007497004  7.90639878504  0.00610194872069
0.989847064538  562  166  165.41548163  8.12211288552  -0.00452759512502
0.989847064538  562  183  182.961540311  9.08859316185  0.0172833691949
0.989847064538  563  201  200.507896009  9.70369372321  -0.00326922973287
0.989847064538  563  219  219.246489338  0.0684017051047  -4.49610497901
0.989847064538  564  236  236.395882991  12.3619938848  0.0270767443825
0.989847064538  564  255  254.447062787  14.6575153575  -0.0057449664781
0.989847064538  565  273  272.725285865  16.877549812  0.00946232042547
0.989847064538  565  292  291.28274794  20.0031709961  -0.0112945561515
0.989847064538  565  311  310.347975127  24.2074816534  -0.0134204217538
0.989847064538  566  330  329.468331742  30.0515388535  -0.012616637786
0.989847064538  566  350  349.737054257  32.4126698611  0.0153950969469
0.989847064538  566  369  370.143159286  37.808204655  0.0689036139474
0.989847064538  567  390  389.966713977  26.9637284971  0.0224899725615
0.989847064538  567  409  409.512439701  27.1739493315  0.0
0.989847064538  567  430  429.701395556  21.9038547175  0.014119215426
0.989847064538  567  449  450.113240298  21.4374985034  0.0651060777392
0.989847064538  568  469  469.869364167  19.3413134079  0.0449427546191
0.989847064538  568  490  490.034084255  18.3926241974  0.0257949396115
0.989847064538  568  511  511.301786728  0.40417518545  -7.02584464974
0.989847064538  568  531  531.023992146  17.1248312591  0.0234944675558
0.989847064538  568  552  551.742996147  16.7726114766  0.0115236095019
0.989847064538  568  573  573.039511402  18.4556004067  0.0208535035667
0.989847064538  568  595  594.526356704  18.941009762  0.00592464487325
0.989847064538  568  617  616.215796153  19.8695928668  -0.00178764309046
0.989847064538  567  639  638.639980275  21.8842279312  0.0111309069734
0.989847064538  567  661  661.218001128  26.3513824053  0.0262457324379
0.989847064538  567  685  684.631887085  29.8580021211  0.0110940571735
0.989847064538  567  709  708.711843142  32.1710769136  0.0187688710199
0.989847064538  566  733  733.425042284  30.2660105958  0.0337848263021
0.989847064538  566  757  758.041661078  27.2363402735  0.0460772445944
0.989847064538  565  782  782.437935063  23.224819224  0.0222448920674
0.989847064538  565  806  807.083230044  20.4966090549  0.0340867264301
0.989847064538  564  831  831.993498308  18.7822345906  0.0319961581149
0.989847064538  563  857  856.983002648  16.4258841601  0.00793609738106
0.989847064538  563  882  882.306014354  15.1197918636  0.0086471147575
0.989847064538  562  908  908.00434583  14.1659997266  0.00637517050102
0.989847064538  561  934  933.989541269  13.0644385209  0.0210982559145
0.989847064538  560  960  960.634580082  12.4647454168  0.0155773449178
0.989847064538  559  987  987.33660714  12.6554094388  0.0233721408214
0.989847064538  558  1014  1014.84397169  11.444555634  0.0991111510466
1.16771706454  554  14  14.7846122234  0.217191294389  10.3137145191
1.16771706454  555  30  29.8753579219  6.17236403408  -0.00032668014498
1.16771706454  556  46  46.3840055909  6.47636483611  0.0108968534544
1.16771706454  557  63  62.9829774576  6.70417352171  -0.0275436078432
1.16771706454  557  80  79.799818264  6.91292425231  -0.0343158827513
1.16771706454  558  97  96.6398798022  7.08594135755  -0.0368795361412
1.16771706454  559  114  113.657180013  7.19605628243  -0.03494836983
1.16771706454  559  131  130.844912884  7.41887760429  -0.0182950276987
1.16771706454  560  148  148.141046068  7.94817535707  0.0102545599579
1.16771706454  561  166  165.478661834  8.06312969621  -0.00237014649635
1.16771706454  561  183  183.079831361  9.03458158462  0.0207144665988
1.16771706454  562  201  200.649006134  9.66239671218  -0.00555858289749
1.16771706454  562  219  218.49959908  11.1247945212  0.00348318695401
1.16771706454  563  237  237.310747711  0.40087847938  -5.72949114716
1.16771706454  563  255  254.608022921  14.5482932876  0.00174668195656
1.16771706454  564  273  272.880083459  16.4474139373  0.00559985453306
1.16771706454  564  292  291.447588148  20.1628276153  -0.000613908244449
1.16771706454  564  311  310.464672014  23.824043021  -0.00576225489089
1.16771706454  565  330  329.710677954  29.6672548536  -0.00191359290024
1.16771706454  565  350  349.670413077  33.7819385918  0.00527795574468
1.16771706454  565  370  370.547547919  32.194302017  0.0344673307314
1.16771706454  566  389  390.549331639  33.0328372202  0.0780372310778
1.16771706454  566  409  410.557672567  0.803860592838  0.0907456427463
1.16771706454  566  430  429.925075812  23.4293357409  0.0197245145144
1.16771706454  566  450  450.008729847  19.7527017985  0.0319353097743
1.16771706454  567  469  470.125908071  20.7689568073  0.0598759112978
1.16771706454  567  491  490.029954085  18.1721232165  -0.00176834401965
1.16771706454  567  511  510.538520643  17.4875995465  0.0121064472221
1.16771706454  567  531  531.268155166  0.208896852689  0.0315181477928
1.16771706454  567  552  551.936814293  17.0209059941  0.0203814055529
1.16771706454  567  573  573.311238307  0.223007105679  0.0285339463094
1.16771706454  567  595  594.695705515  18.7120850788  0.00881658457891
1.16771706454  567  617  616.456355153  18.9156920023  0.0067423085815
1.16771706454  566  638  639.015798352  22.0277520634  0.0451803684962
1.16771706454  566  661  661.543123016  26.7271190032  0.0323072567632
1.16771706454  566  685  685.041396675  28.1130301217  0.0255357393589
1.16771706454  566  708  708.147819693  32.0528801346  0.0
1.16771706454  565  733  733.743816589  30.0530220946  0.0399603861878
1.16771706454  565  757  758.467705426  29.9131952779  0.0601797484359
1.16771706454  564  783  782.490985776  21.2846155655  -0.0060100381765
1.16771706454  564  806  807.348732715  20.3309358614  0.0433535162546
1.16771706454  563  831  832.275778787  19.1664470087  0.040192457838
1.16771706454  562  857  857.13389838  16.3997640814  0.00627807592737
1.16771706454  562  882  882.56893356  15.2344601743  0.0178493094678
1.16771706454  561  908  908.307315335  14.1950423968  0.0096165723937
1.16771706454  560  934  934.247821508  13.2637916626  0.0248532436649
1.16771706454  559  961  960.7978211  12.3803837665  0.000357494648092
1.16771706454  558  988  987.513055521  12.6020677313  0.0106876876407
1.16771706454  557  1015  1015.09903223  0.149049882103  0.0722876445521
1.34558706454  553  14  13.6124311683  5.88014083427  -0.00207649260982
1.34558706454  554  30  29.9795618247  6.16837745541  0.00626927207749
1.34558706454  555  46  46.475209906  6.51469710403  0.0167091224438
1.34558706454  556  63  63.0621362558  6.63414520647  -0.0302052447053
1.34558706454  556  80  79.9076195196  6.89988047148  -0.0277429515923
1.34558706454  557  97  96.7654465375  7.15520417119  -0.0347032130663
1.34558706454  558  114  113.778486289  7.19177752352  -0.0298645032165
1.34558706454  558  131  130.970895667  7.43889931459  -0.0109833455052
1.34558706454  559  148  148.285066961  7.94776769228  0.0164414205175
1.34558706454  560  166  165.650448733  7.9548405999  -0.00260148080284
1.34558706454  560  183  183.224179569  9.06463699756  0.0267589049546
1.34558706454  561  201  200.763790939  9.77955659943  0.0050086545942
1.34558706454  561  219  218.606086658  11.059059006  0.00762624424261
1.34558706454  562  237  236.508291171  12.6086930853  -0.0027966518174
1.34558706454  562  255  254.78643924  14.4940171334  0.0100771444016
1.34558706454  563  273  273.01025425  16.6015613491  0.00859152996657
1.34558706454  563  292  291.631469447  20.1346990834  0.00599351005012
1.34558706454  563  311  310.905062189  24.3047155307  0.00346667333065
1.34558706454  564  330  329.976577977  29.8424047153  0.0109764212231
1.34558706454  564  350  349.690703666  33.8061625458  0.00940722262888
1.34558706454  565  370  370.583902766  34.1308161251  0.0331381995182
1.34558706454  565  390  390.192675483  27.5858833105  0.0264345542638
1.34558706454  565  409  410.875241753  31.4608021324  0.0822064796746
1.34558706454  565  431  431.308374069  0.377520577664  -8.11132731396
1.34558706454  565  450  450.165140524  20.0777523136  0.0228615981104
1.34558706454  566  469  470.313913954  19.398499377  0.0663732012639
1.34558706454  566  490  490.385559975  18.2257086768  0.0373703362264
1.34558706454  566  511  510.693042014  17.7623630854  0.01651571075
1.34558706454  566  531  531.486528299  17.1004492027  0.0382729079157
1.34558706454  566  552  552.243192022  17.1440292801  0.0279075030609
1.34558706454  566  573  573.438005043  0.221278450553  0.0296705613914
1.34558706454  566  595  594.872115668  18.8668894771  0.011063886544
1.34558706454  566  617  616.630458074  19.8134493951  0.00863752973965
1.34558706454  565  639  639.122954687  0.273277190772  0.0242434025839
1.34558706454  565  662  661.555536543  26.6857672615  0.0063867666586
1.34558706454  565  686  685.021475632  28.148445722  0.000589941832822
1.34558706454  565  709  709.068977988  31.7400099527  0.0266425876354
1.34558706454  564  733  734.126081451  30.8320520872  0.0545012024945
1.34558706454  564  758  758.287398685  26.7012130196  0.0277105624669
1.34558706454  563  783  782.839959204  22.7644251922  0.00922053319945
1.34558706454  563  807  807.488720684  20.3601548917  0.0218437910174
1.34558706454  562  832  832.313904339  18.2413187377  0.0131739659034
1.34558706454  561  857  857.336693468  17.1461848732  0.0140121625371
1.34558706454  561  883  882.685390495  14.678859985  -0.00289099201417
1.34558706454  560  908  908.512843256  14.174054381  0.0133406144089
1.34558706454  559  934  934.466870601  13.1532027973  0.0271020128152
1.34558706454  558  961  960.9822739  12.4980357382  0.00038085953453
1.34558706454  557  988  987.817506776  12.5269927636  0.0165342437405
1.34558706454  556  1015  1015.3312562  11.8271922065  0.0752366659869
1.52345706454  552  14  13.7301060378  5.71655093637  0.0139892722734
1.52345706454  553  30  30.0782986546  6.20806653304  0.00932081720403
1.52345706454  554  47  46.5193460739  6.54239242312  -0.0294781241822
1.52345706454  555  63  63.1873843613  6.77920577114  -0.0103124211406
1.52345706454  555  80  80.0472851779  6.97043013637  -0.0261186938905
1.52345706454  556  97  96.8912116888  7.11734111583  -0.0283730995997
1.52345706454  557  114  113.894741804  7.20656711343  -0.018682127342
1.52345706454  557  131  131.135645727  7.45351122831  -0.00331245091781
1.52345706454  558  148  148.40861013  7.90793735566  0.0162879855502
1.52345706454  559  166  165.723770664  8.00400435784  0.000129637456557
1.52345706454  559  183  183.37704328  9.01520288536  0.0305205577543
1.52345706454  560  201  200.910475103  9.79573865954  0.00821488556293
1.52345706454  560  219  218.739811047  11.0203877489  0.0111123335515
1.52345706454  561  237  236.687940062  12.6244007605  0.00907458674628
1.52345706454  561  255  254.926510179  14.6093623425  0.0129573252651
1.52345706454  562  273  273.159957184  16.6493383012  0.0182478755135
1.52345706454  562  292  291.837937853  19.8225643524  0.00804552649004
1.52345706454  563  311  310.791782036  23.5144989251  0.00545270671732
1.52345706454  563  330  329.934052041  29.5244731721  0.00793585214431
1.52345706454  563  350  350.167577394  33.3955174521  0.0176529029905
1.52345706454  564  370  370.646520139  32.9566261625  0.033931641281
1.52345706454  564  390  390.412446699  27.2943835137  0.0347444025862
1.52345706454  564  409  411.0338877  29.0962184231  0.0892139886716
1.52345706454  564  430  430.470672435  23.4355986469  0.0385716471409
1.52345706454  564  450  450.228101499  20.7963547959  0.0356451057584
1.52345706454  565  470  470.239779838  19.2573587166  0.0354392319224
1.52345706454  565  491  490.388829081  18.0783692666  0.00588685026889
1.52345706454  565  511  510.968172407  17.7971276089  0.0260629065945
1.52345706454  565  531  531.689044377  17.8471063343  0.0404900734762
1.52345706454  565  553  553.312118028  0.388451121586  -6.9963373505
1.52345706454  565  573  573.615720425  17.8536059641  0.0326528383462
1.52345706454  565  595  595.12216498  18.9225063393  0.0173682996228
1.52345706454  565  617  616.807170924  19.9802939466  0.012742644533
1.52345706454  564  639  639.321490054  0.265654335806  0.0260666612982
1.52345706454  564  662  661.714491881  26.2106433405  0.00894750928362
1.52345706454  564  686  685.23300535  28.0871584829  0.0106306400387
1.52345706454  564  709  709.214442165  31.6239151486  0.0294062517159
1.52345706454  563  733  734.352539807  0.477003178514  0.060591258122
1.52345706454  563  758  758.33464723  26.696641881  0.0279692046725
1.52345706454  562  783  783.066725385  22.9460564694  0.0154681305804
1.52345706454  562  807  807.737400318  0.250123002233  0.0269903877845
1.52345706454  561  832  832.577194803  18.3784542717  0.0194545575811
1.52345706454  560  857  857.764309108  16.8442243374  0.0199887099637
1.52345706454  560  883  882.927548262  15.1987509984  0.00478162098069
1.52345706454  559  909  908.676255086  13.9846321585  0.00263372694683
1.52345706454  558  935  934.610801306  13.037519906  0.0163289807262
1.52345706454  557  961  961.183003183  12.5194166586  0.00735726831042
1.52345706454  556  988  988.073678941  12.5173406974  0.0215390307105
1.52345706454  555  1015  1015.64835209  12.0521771583  0.0769808332951
1.70132706454  551  14  13.7941686887  5.78374867539  0.00759384172855
1.70132706454  552  30  30.1915453064  6.14772033946  0.0187632250981
1.70132706454  553  47  46.660407453  6.56355549974  -0.0281886084825
1.70132706454  554  63  63.3153917397  6.79211846593  -0.00900292813919
1.70132706454  554  80  80.1535833569  6.804750415  -0.00866804776382
1.70132706454  555  97  96.989692417  7.10814260946  -0.0295865962492
1.70132706454  556  114  114.029094627  7.17267950972  -0.0164003630463
1.70132706454  556  131  131.263502042  7.21454926239  0.0141454447376
1.70132706454  557  148  148.541036171  7.94999390931  0.0176912128794
1.70132706454  558  166  165.839456722  8.04792015693  0.00516155333244
1.70132706454  558  183  183.507766684  8.98915769682  0.0338073592509
1.70132706454  559  201  201.039758587  9.96662243978  0.0187976430183
1.70132706454  559  219  218.923376577  10.9188806028  0.0146371891439
1.70132706454  560  237  236.787270868  12.5780161204  0.00937383331513
1.70132706454  560  255  255.0917729  14.466409374  0.0186320540541
1.70132706454  561  273  273.365665228  18.0840818652  0.0244925169558
1.70132706454  561  293  291.739797319  19.628962777  -0.0371583402041
1.70132706454  562  311  310.825380181  23.5463019402  0.00822631009488
1.70132706454  562  330  330.08686011  29.2049649864  0.0145902353138
1.70132706454  562  351  350.040102424  31.6536183232  -0.0144478720142
1.70132706454  563  370  370.648636949  35.8809038332  0.0519071646304
1.70132706454  563  390  390.913949903  0.422685709932  0.051043650326
1.70132706454  563  410  410.789004829  26.9910769827  0.0497684572173
1.70132706454  563  430  430.60558661  23.3372872804  0.0402241396544
1.70132706454  564  450  450.422261706  21.2390065092  0.0403842672058
1.70132706454  564  470  470.515255057  19.4503348694  0.0458623098098
1.70132706454  564  490  490.899288033  18.3337715364  0.0555653996134
1.70132706454  564  511  511.112890178  17.58800381  0.0291638479101
1.70132706454  564  531  531.931007194  18.1012698329  0.0496097813709
1.70132706454  564  553  552.45880108  16.8609064383  0.00732570500629
1.70132706454  564  574  573.642015691  17.3122483124  0.00937861158613
1.70132706454  564  595  595.315966402  19.048155491  0.0251007402736
1.70132706454  564  617  617.088594717  20.0252789741  0.0200839668904
1.70132706454  563  640  639.330214674  21.6478831566  5.60199605049e-05
1.70132706454  563  662  661.946562528  26.2345553994  0.0132787246069
1.70132706454  563  686  685.485210364  27.7347168356  0.0145388033774
1.70132706454  563  709  709.4569849  32.236699901  0.032408884636
1.70132706454  562  734  734.100630518  30.3160214838  0.0309998119387
1.70132706454  562  758  758.417611292  26.920695367  0.0333154310598
1.70132706454  561  783  783.333783097  22.9650793921  0.0202113251302
1.70132706454  561  807  807.93027001  20.8446041065  0.0332589949456
1.70132706454  560  832  832.892119071  18.9325852019  0.0306000240933
1.70132706454  559  858  857.735884798  16.0826471187  -0.000660006195724
1.70132706454  559  883  883.131473852  14.9194939473  0.00203740847536
1.70132706454  558  908  909.044413434  14.241809225  0.0276886067949
1.70132706454  557  935  934.844607762  13.1395672705  0.0233527689618
1.70132706454  556  961  961.43829979  12.5069886951  0.0110282268839
1.70132706454  555  988  988.289500652  12.9218826346  0.0253303507634
1.70132706454  554  1016  1017.78302982  0.203749489551  12.3641317286
1.87919706454  551  14  13.8538550151  5.82848429307  0.0160835724049
1.87919706454  551  30  30.3093580055  6.13691942533  0.0171789357471
1.87919706454  552  47  46.7585696655  6.54621651647  -0.0232342012167
1.87919706454  553  63  63.4439208769  6.87638083678  0.00127823311698
1.87919706454  553  80  80.2385176709  6.83616022069  -0.0128984664109
1.87919706454  554  97  97.1361176554  7.1488080181  -0.0255000417411
1.87919706454  555  114  114.151598258  7.18024257301  -0.0115581011857
1.87919706454  555  131  131.409922151  7.45976484205  0.0124295212504
1.87919706454  556  149  148.579248857  7.75477434694  -0.0114362813523
1.87919706454  557  166  165.98349031  8.10931903658  0.0187238195606
1.87919706454  557  183  183.652689508  9.01160204968  0.0381185798488
1.87919706454  558  201  201.195619691  9.98402913302  0.0238556763882
1.87919706454  558  219  219.054500433  10.8804989103  0.022102094758
1.87919706454  559  237  236.968653356  12.5367680825  0.0172325974816
1.87919706454  559  255  255.18540033  14.2582381349  0.0203827741469
1.87919706454  560  274  273.322147586  17.0204790914  -0.0126262520202
1.87919706454  560  293  291.831681764  19.7447230031  -0.0305492183768
1.87919706454  561  311  310.700101718  25.6492190596  -0.00689897902486
1.87919706454  561  331  329.910196004  29.8785127163  -0.0338668494294
1.87919706454  561  351  350.058803804  34.044011309  -0.0172217428556
1.87919706454  562  371  370.582975589  34.6767142  0.00594876288602
1.87919706454  562  391  389.252752079  0.387891166918  -10.7783860305
1.87919706454  562  411  410.702474876  24.6529587403  0.00565867745052
1.87919706454  562  430  430.935203941  23.3621557685  0.0613932521717
1.87919706454  563  450  450.531749105  21.7261266597  0.0484126071756
1.87919706454  563  471  470.564684501  19.4276712435  0.0101397345653
1.87919706454  563  491  490.904077502  18.2105526348  0.0266026764387
1.87919706454  563  511  511.42383171  17.1883898446  0.0401784659194
1.87919706454  563  531  532.199512098  18.0946309307  0.0581140550033
1.87919706454  563  553  552.737077021  16.915795777  0.0173571726474
1.87919706454  563  574  573.947375813  17.3203245089  0.019969279776
1.87919706454  563  595  595.483268143  0.228863274094  0.0293309776668
1.87919706454  563  617  617.169992309  20.0629824663  0.0223843904716
1.87919706454  562  640  639.640325626  21.6491854523  0.00636448015169
1.87919706454  562  663  662.309783276  0.294848117565  -8.43280717108
1.87919706454  562  686  685.581345098  27.5169338231  0.014218362568
1.87919706454  562  709  709.618079341  33.8553610664  0.0378170019483
1.87919706454  561  735  734.189379336  28.1939998469  0.00281232131299
1.87919706454  561  758  758.965316758  27.3701909263  0.0477798577852
1.87919706454  560  783  783.593260986  0.280914299312  0.0233975617942
1.87919706454  560  807  808.151768247  20.8634835925  0.0317230573277
1.87919706454  559  832  833.116949702  19.1312818802  0.0334576914067
1.87919706454  559  858  858.05137903  16.3014729467  0.00216779413983
1.87919706454  558  883  883.430849531  15.3442929831  0.0145675122447
1.87919706454  557  909  909.118512294  14.0258646568  0.00766185833136
1.87919706454  556  935  935.135535671  13.2417480345  0.0257068470458
1.87919706454  555  962  961.626318797  12.4222051078  0.00317687382424
1.87919706454  554  988  988.525533814  12.9783821507  0.0265435834832
1.87919706454  553  1016  1017.76695269  0.194044467013  12.2613598769
2.05706706454  550  14  14.0042469289  5.76326108083  0.0168323745936
2.05706706454  550  30  30.4646499047  6.11315007307  0.0322669110729
2.05706706454  551  47  46.8757824363  6.56826396382  -0.0165945922341
2.05706706454  552  63  63.5361584212  6.83314450421  -0.00307312094292
2.05706706454  552  80  80.2786609646  6.91226823529  -0.0133663564302
2.05706706454  553  97  97.2500737554  7.15632185209  -0.0209312764397
2.05706706454  554  114  114.28380093  7.13696281829  -0.00889301407948
2.05706706454  554  131  131.456409587  7.45225071088  0.0159225110197
2.05706706454  555  149  148.701300165  7.66271815623  -0.00899104778392
2.05706706454  556  166  166.094275541  8.34637771731  0.0129860107075
2.05706706454  556  184  183.685513315  8.73016396116  0.00771278781266
2.05706706454  557  201  201.33241136  9.96095447999  0.0260680699544
2.05706706454  557  219  219.19395255  10.8924568933  0.0236960061972
2.05706706454  558  237  237.092570769  12.547929904  0.0232045378958
2.05706706454  558  255  255.345787246  14.3345281143  0.0306298812169
2.05706706454  559  274  273.445490659  16.9608957954  -0.00860711308729
2.05706706454  559  293  293.312504368  0.386607649649  -7.24545164377
2.05706706454  560  311  311.074030562  24.8815704664  0.00338157643156
2.05706706454  560  331  330.036588806  30.524772431  -0.0278624109131
2.05706706454  560  351  350.278148791  0.427401390781  -0.0159774089521
2.05706706454  561  371  370.929904125  34.6504144371  0.0184416120179
2.05706706454  561  391  390.890757729  0.371368995586  0.0186594848867
2.05706706454  561  411  410.974290092  26.0945454681  0.0250146353896
2.05706706454  561  431  430.922292486  0.280567857739  0.0233142889641
2.05706706454  562  451  450.469648642  20.8679057156  0.00694805523078
2.05706706454  562  471  470.710970283  19.4230613491  0.0147567112956
2.05706706454  562  491  490.993377332  18.2825018189  0.0273420810868
2.05706706454  562  511  511.541271706  17.2893953595  0.0404633996605
2.05706706454  562  532  532.046376338  17.102485167  0.0215726871392
2.05706706454  562  553  552.954809717  17.0369653499  0.0200546519885
2.05706706454  562  574  574.085705148  18.1201719041  0.0218866052185
2.05706706454  562  596  595.568115927  17.8197455028  0.00591051783981
2.05706706454  562  617  617.402033611  0.242909432877  0.0266779580759
2.05706706454  562  640  639.531616728  21.9324529495  0.00445411266188
2.05706706454  561  663  662.231669579  24.3405033161  -0.00180800456726
2.05706706454  561  686  685.754837623  29.4079735013  0.0140535672019
2.05706706454  561  710  709.686512949  31.8003035341  0.0201167832756
2.05706706454  560  734  734.681807169  30.2208755563  0.0386614177534
2.05706706454  560  758  759.373020525  27.8417317241  0.0542471050589
2.05706706454  559  783  783.73771686  23.4411596312  0.0296695194671
2.05706706454  559  808  808.153407126  20.5526213359  0.0122770432692
2.05706706454  558  832  833.340100999  19.1882314333  0.0376165249268
2.05706706454  558  858  858.203939074  16.3902212185  0.0045258259504
2.05706706454  557  883  883.681451713  15.3117773475  0.0205238230516
2.05706706454  556  909  909.357200175  14.2021231852  0.0130942735608
2.05706706454  555  935  935.383518821  13.1831560329  0.02978987068
2.05706706454  554  962  961.875220903  12.5444355293  0.00412765663483
2.05706706454  553  989  988.646200165  12.6288930546  0.0149765339045
2.05706706454  552  1016  1016.51795819  0.151413474597  0.0898478691632
