# Band 2C   Etalon 1A   Slice 1
# Distortion map version 06.04.00 - date 2018-10-09
# Trace (isoalpha): Take pixel trace along specified slice, specified alpha position trace is built by taking the pixel in every detector row with alpha value closest to the one specified 
# xpos[i] = np.argmin(alpha_img[i,:])+funcs.find_nearest(alpha_img[i,:][(slice_img[i,:]!=0)],alpha_pos)
#    alpha       x  y      center         FWHM          skewness
0.0  532  11  11.1075696272  6.17498146155  0.0139702750531
0.0  533  27  27.5839246639  6.6104294201  0.0172291073482
0.0  534  44  44.1454066105  6.80144565207  -0.010328018339
0.0  535  61  60.8618602999  7.04692708907  -0.0300856337534
0.0  535  78  77.7510549903  7.13583463136  -0.0380719388523
0.0  536  95  94.7263792798  7.27305151109  -0.0274944607819
0.0  537  112  111.797365762  7.48354519547  -0.0178416005308
0.0  537  129  129.11655468  7.76720054533  0.00422002518893
0.0  538  146  146.471280928  8.32474798036  0.0208593643864
0.0  539  164  163.982888325  8.69790597476  0.0160584182377
0.0  539  181  181.603067221  9.97928630514  0.0345242480337
0.0  540  199  199.370953763  10.850876628  0.0246528677603
0.0  540  217  217.355380614  12.2574947151  0.028547103964
0.0  541  235  235.448785479  14.3958780685  0.033104517666
0.0  541  254  253.57911442  16.5524145949  -0.00112579293068
0.0  542  272  272.215758024  18.9373792492  0.0171421927311
0.0  542  291  291.02744423  22.4234597831  0.0148916196555
0.0  542  310  310.24790663  0.3479458414  0.0196551426053
0.0  543  331  329.428062203  34.8437287358  -0.0448194922177
0.0  543  351  350.332884431  32.9268747899  -0.000837790044612
0.0  544  369  371.025107192  38.2805776717  0.0673175182829
0.0  544  391  390.582143402  25.8973699714  0.00753357653902
0.0  544  410  410.622638004  25.6021320015  0.0492788427709
0.0  544  431  430.455784005  20.8238684984  0.00722409885936
0.0  544  450  450.697829126  20.1731156141  0.0446336060982
0.0  545  471  470.733505717  18.4001527909  0.0114287166324
0.0  545  491  491.306097022  18.0332689575  0.033738410654
0.0  545  512  511.831364896  17.0146429164  0.0185508102345
0.0  545  533  532.701622912  16.7722344465  0.00827758146774
0.0  545  554  553.769247238  16.9608043146  0.0123836930043
0.0  545  575  575.146455933  18.3291305672  0.0246171096703
0.0  545  597  596.801489589  18.6934993495  0.0106789362856
0.0  545  619  618.834890611  20.599887007  0.0115903570845
0.0  544  641  641.491812453  24.177594453  0.0279395306253
0.0  544  665  664.349956483  26.1958824665  0.00875500560582
0.0  544  688  688.414097469  30.4755062192  0.0321769681957
0.0  544  712  713.115599963  0.457241673039  0.0547064518169
0.0  543  736  738.06457722  0.901627661032  0.0834790768846
0.0  543  761  762.401578595  25.4985790012  0.0527039104363
0.0  542  786  787.046326822  22.0749965937  0.0306879806362
0.0  542  811  811.631998718  19.0531015537  0.0193391277244
0.0  541  836  836.813951955  17.2943954454  0.020517651034
0.0  540  862  862.058458123  15.1917109859  0.00394917714431
0.0  540  887  887.636129715  14.3030603717  0.0164549907575
0.0  539  913  913.581058053  13.2408506076  0.0292951167517
0.0  538  940  939.859093439  12.1388837561  0.00374705186682
0.0  537  966  966.729804847  12.6675088642  0.029584972891
0.0  536  994  993.68837786  12.3801242528  0.0189889547528
-1.81735814079  542  11  10.6109601576  5.83385530326  0.00832005611996
-1.81735814079  543  27  27.1187741712  6.37242867945  -0.00510192564017
-1.81735814079  544  44  43.6121143966  6.65972734305  -0.0487812262832
-1.81735814079  545  60  60.4588573139  7.12169650874  0.0114839810163
-1.81735814079  545  77  77.1996373631  6.68928985633  0.00899562865302
-1.81735814079  546  94  94.245398888  7.32495616109  -0.016163784313
-1.81735814079  547  111  111.407945137  7.92313521875  0.0124976045136
-1.81735814079  547  129  130.909067881  0.0749378377757  10.6579451805
-1.81735814079  548  146  145.890227898  8.28282101292  -0.00346828336818
-1.81735814079  549  163  163.533006272  10.170481702  0.0497630947545
-1.81735814079  549  181  181.029398584  10.1076453811  0.0122363898134
-1.81735814079  550  199  198.865130443  11.1199945324  -0.0197956642123
-1.81735814079  550  217  216.82383965  12.2456212119  0.0334587172794
-1.81735814079  551  235  235.080184207  14.1572368148  -0.00923521552628
-1.81735814079  551  253  253.392846423  15.9257041183  0.0497947991576
-1.81735814079  552  272  272.145088173  18.1418929535  -0.0178278540067
-1.81735814079  552  291  290.62464947  22.2033394961  -0.00880050688457
-1.81735814079  553  310  309.425421529  0.84528203689  0.0633236845563
-1.81735814079  553  329  329.705394243  28.7354712479  0.0156688048313
-1.81735814079  553  349  349.927288199  0.696281200284  0.0787513316628
-1.81735814079  554  369  369.926702333  29.5022865191  0.0120862998847
-1.81735814079  554  389  389.714536322  27.3527452307  0.028385757838
-1.81735814079  554  409  409.646210904  25.0220944495  0.0390805275589
-1.81735814079  554  429  429.378873039  0.331082432461  0.104144500875
-1.81735814079  555  449  449.886579091  21.9211996618  0.0342518736071
-1.81735814079  555  470  469.82300079  20.3557376625  0.0116301311472
-1.81735814079  555  490  490.268037172  19.3191464052  0.0337149086716
-1.81735814079  555  511  510.827266466  18.2504597169  0.0123309479574
-1.81735814079  555  532  531.694668204  18.2186979125  0.0169868635589
-1.81735814079  555  553  552.7958379  18.0403112654  0.015215586222
-1.81735814079  555  574  574.079817647  19.3308491572  0.025612358815
-1.81735814079  555  596  595.846539899  19.6795044923  0.0204785585817
-1.81735814079  555  618  617.897216673  21.0742235374  0.0225476053241
-1.81735814079  555  640  640.347100579  22.6481024219  0.0464242102898
-1.81735814079  554  663  663.856199275  28.4483625719  0.0464008720059
-1.81735814079  554  688  687.301490018  0.299021585222  -8.54991661289
-1.81735814079  554  711  710.900458941  29.2242912534  0.0578973491319
-1.81735814079  553  736  736.069648007  0.272751388461  -0.023134311572
-1.81735814079  553  760  760.205801221  23.180067106  0.0434679615101
-1.81735814079  552  785  785.840357819  18.0185869591  0.00330842161232
-1.81735814079  552  810  809.452947164  18.1232227579  0.017657719899
-1.81735814079  551  835  834.955276112  16.5351483315  -0.00404735001424
-1.81735814079  550  863  864.924990782  0.296334940586  11.038308397
-1.81735814079  550  886  885.728778939  14.8458614136  0.0167184512005
-1.81735814079  549  912  911.72619718  13.2839437033  0.0336359362982
-1.81735814079  548  938  938.285720109  12.5138323981  0.0120558944945
-1.81735814079  547  965  965.049125423  12.1918737159  0.0172913340203
-1.81735814079  546  992  992.199445284  12.3344185226  0.027024465061
-1.81735814079  545  1020  1022.23782647  36.9987885845  43.2125524834
-1.65565814079  542  11  10.6958546187  6.19794592299  -0.00811308521788
-1.65565814079  542  27  27.1595955262  6.56637319729  0.00566854064956
-1.65565814079  543  44  43.6922880147  6.73520217016  -0.0299867180963
-1.65565814079  544  60  60.4688003947  6.91660642125  -0.00520300330393
-1.65565814079  544  77  77.266103073  7.17335956188  -0.0154232486953
-1.65565814079  545  94  94.3142330139  7.28114946864  -0.00772465504496
-1.65565814079  546  111  111.383636502  7.48726836308  0.00166501020416
-1.65565814079  546  128  128.584807935  8.05154740852  0.0184132024323
-1.65565814079  547  146  145.957253367  8.11191101665  0.00324499467544
-1.65565814079  548  163  163.373542686  9.08297636949  0.0206150492503
-1.65565814079  548  181  181.065154562  9.84040347166  0.0195010102057
-1.65565814079  549  199  198.748181114  10.9814200237  0.00331325272608
-1.65565814079  549  217  216.695822379  12.5574725169  7.32742999385e-05
-1.65565814079  550  235  234.842981556  14.5382450598  0.00901275212725
-1.65565814079  550  253  253.193507174  16.2815620116  0.0242657238487
-1.65565814079  551  272  271.715111549  18.6425398185  0.000203454617568
-1.65565814079  551  291  290.420264488  22.4195127571  -0.00627163200869
-1.65565814079  552  310  309.599557841  26.3526172956  -0.00096635247933
-1.65565814079  552  329  329.502789744  0.393285827901  0.0298666112357
-1.65565814079  552  349  349.427321462  0.441888491264  0.0436489463279
-1.65565814079  553  370  369.429935629  30.2146134968  0.00418673384035
-1.65565814079  553  390  389.37559052  25.7991334477  -0.00574353659812
-1.65565814079  553  409  409.892005081  0.331497083271  0.0559693940191
-1.65565814079  554  429  429.435199196  22.7890634197  0.032530492508
-1.65565814079  554  449  449.722383514  20.964999448  0.048637271762
-1.65565814079  554  470  469.732194022  19.5726209428  0.0188526743914
-1.65565814079  554  490  490.181702687  18.6370646621  0.034003841786
-1.65565814079  554  511  510.895825792  17.637995617  0.0150206317601
-1.65565814079  554  531  531.887745757  18.2248710388  0.0478650552152
-1.65565814079  554  553  552.776338122  17.4965552842  0.0167820382323
-1.65565814079  554  574  574.185172638  18.785658424  0.0245540728721
-1.65565814079  554  596  595.752435529  19.4579328146  0.0162866890132
-1.65565814079  554  618  617.916121823  21.2267090935  0.0129921493026
-1.65565814079  554  640  640.542818295  25.108700177  0.025676862606
-1.65565814079  553  664  663.515945351  28.0953205089  0.0123388665433
-1.65565814079  553  688  687.06151155  30.2260343246  0.00487275986421
-1.65565814079  553  712  711.724995243  29.4949868168  0.0219960936593
-1.65565814079  552  736  736.653929306  26.4713493906  0.0333863064327
-1.65565814079  552  760  761.211160659  24.4123738358  0.0512292301242
-1.65565814079  552  785  785.505984622  20.753022817  0.0199209089696
-1.65565814079  551  810  810.212941543  18.1421765179  0.00882661912514
-1.65565814079  550  835  835.356269663  16.5404694713  0.0105291691594
-1.65565814079  550  860  860.615662352  15.7031593986  0.0152144996634
-1.65565814079  549  886  886.322133141  14.2593232578  0.0137167896662
-1.65565814079  548  912  912.071917503  13.1793434723  0.0229353591817
-1.65565814079  547  939  938.503366688  12.5514314704  0.00108066407787
-1.65565814079  546  966  965.234268271  12.4888988905  0.00933925362108
-1.65565814079  545  992  992.37518578  12.7842769071  0.0294313695537
-1.65565814079  544  1020  1025.69829859  35.1312782851  194.078535854
-1.49395814079  541  11  10.7127124385  6.22146389787  -0.00820606450938
-1.49395814079  541  27  27.237673384  6.65301285619  0.0033395258984
-1.49395814079  542  44  43.7623656922  6.78289451012  -0.0240828114534
-1.49395814079  543  60  60.543898078  7.01650377794  -0.000572961738251
-1.49395814079  544  77  77.3626687549  7.08950915382  -0.0219605971007
-1.49395814079  544  94  94.3502080403  7.2530879811  -0.00492273923843
-1.49395814079  545  111  111.482122842  7.66542207567  0.0110386591515
-1.49395814079  546  129  128.569155846  7.65554205908  -0.0253935674961
-1.49395814079  546  146  146.032629972  8.13803301311  0.00789658320336
-1.49395814079  547  163  163.48684147  9.02394314705  0.0289965840932
-1.49395814079  547  181  181.13916622  9.99021984681  0.0147021748279
-1.49395814079  548  199  198.799417066  10.8833055948  0.00932098441386
-1.49395814079  549  217  216.717557499  12.4759585314  0.00618556421835
-1.49395814079  549  235  234.782486641  14.2908690174  0.00806149459437
-1.49395814079  550  253  253.347027309  16.3320012901  0.0237182458264
-1.49395814079  550  272  271.518004855  18.9042564071  -0.000398421019458
-1.49395814079  550  291  290.337218757  23.0764473456  -0.00878597968055
-1.49395814079  551  310  309.633768824  26.1841362307  0.00284416093903
-1.49395814079  551  329  329.298561612  33.2396190465  0.0258749270445
-1.49395814079  552  349  350.012966251  32.7675473861  0.0511365720378
-1.49395814079  552  370  369.620735602  29.3479496318  0.00908847001447
-1.49395814079  552  389  390.066774201  0.410391592693  0.0603417788354
-1.49395814079  552  409  410.105586199  25.1921897295  0.0658894903579
-1.49395814079  553  430  429.520219394  20.6509972072  0.0031540349925
-1.49395814079  553  449  449.960106868  20.5099765959  0.0565302164135
-1.49395814079  553  470  469.93857596  19.2187190777  0.0213770620414
-1.49395814079  553  490  490.422257655  18.0825956606  0.0381327668234
-1.49395814079  553  511  511.080919928  17.4196234897  0.0264663595864
-1.49395814079  553  531  531.995301864  17.8361764158  0.0499823077485
-1.49395814079  553  553  552.970085654  17.1325229672  0.0238720770588
-1.49395814079  553  574  574.294873209  18.4968267542  0.0255484035509
-1.49395814079  553  596  595.889445201  19.1732745978  0.0175163996056
-1.49395814079  553  618  617.939407336  21.1109331768  0.0151110560576
-1.49395814079  553  640  640.452183375  24.9712036734  0.0241699574892
-1.49395814079  553  664  663.408055012  28.0185099833  0.00351749277827
-1.49395814079  552  688  687.369365613  31.1751136177  0.010457859987
-1.49395814079  552  712  711.71431915  30.5999660136  0.0220337609333
-1.49395814079  552  736  736.511344506  26.9330742519  0.0377337317672
-1.49395814079  551  760  761.472454165  0.331684878401  0.0556335116004
-1.49395814079  551  785  785.761653092  21.0716972732  0.019978343702
-1.49395814079  550  810  810.583038255  18.4841361418  0.0145910664441
-1.49395814079  549  835  835.498331952  17.1507196415  0.0186122437202
-1.49395814079  549  860  860.845688014  15.6270428463  0.0193230661152
-1.49395814079  548  886  886.459619248  14.2274499285  0.0121771229066
-1.49395814079  547  912  912.308247583  13.0981300736  0.0270210385232
-1.49395814079  546  939  938.727011782  12.5417149248  0.00227488317403
-1.49395814079  545  966  966.305814505  0.361092971379  -6.07557948007
-1.49395814079  544  992  992.560477939  12.3174077241  0.0325176383187
-1.33225814079  540  11  10.7385669198  6.17052309072  -0.00957606861663
-1.33225814079  541  27  27.2145699896  6.61185529797  0.00543317412939
-1.33225814079  541  44  43.8138068989  6.82208485093  -0.0244996597146
-1.33225814079  542  60  60.6039484161  6.99884680732  -0.00055277432929
-1.33225814079  543  77  77.4277296559  7.10937696298  -0.00584810223586
-1.33225814079  543  94  94.4213311044  7.28409150984  -0.0053743649582
-1.33225814079  544  111  111.537632041  7.62170739864  0.0101181585142
-1.33225814079  545  129  128.655875799  7.77352949448  -0.0123661805603
-1.33225814079  545  146  146.078093774  8.15260293936  0.00928168963022
-1.33225814079  546  163  163.565522193  9.04809605804  0.0293938916925
-1.33225814079  547  181  181.091916604  9.9212361298  0.018046366585
-1.33225814079  547  199  198.923056769  10.8235695739  0.0148362896092
-1.33225814079  548  217  216.748046641  12.338221618  0.00448181980362
-1.33225814079  548  235  234.941443125  14.2342529541  0.0103183728701
-1.33225814079  549  253  253.246903101  16.5758462615  0.0248252945418
-1.33225814079  549  272  271.574903058  18.9431392524  -0.0055308049751
-1.33225814079  549  290  290.57604458  22.273170228  0.0341259701011
-1.33225814079  550  309  309.92678084  27.8125659863  0.0384176891884
-1.33225814079  550  329  329.490539019  33.3562908132  0.0375369962609
-1.33225814079  551  349  349.946294223  37.1089046544  0.0597028385225
-1.33225814079  551  370  369.808874963  30.1596026406  0.0116419894841
-1.33225814079  551  389  390.318168713  0.859090969441  0.0849456794907
-1.33225814079  552  409  410.170391161  0.341844429852  0.062972721505
-1.33225814079  552  430  429.748719744  22.3128363828  0.0192863044842
-1.33225814079  552  450  449.832733401  20.0756122354  0.0216838739363
-1.33225814079  552  470  470.188966666  0.228650218133  0.0283726749366
-1.33225814079  552  490  490.710379013  17.8225322193  0.0441066095215
-1.33225814079  552  511  511.249780537  0.21151064623  0.0308670466672
-1.33225814079  552  532  531.980679368  16.9047162352  0.0213581917493
-1.33225814079  552  553  553.006337163  16.9985921462  0.0224719641736
-1.33225814079  552  574  574.419444069  0.220796240075  0.0316554143585
-1.33225814079  552  596  596.01511301  19.2849810091  0.0218658261561
-1.33225814079  552  618  618.009591912  20.7763573768  0.0184976498434
-1.33225814079  552  641  640.308595097  23.3683247354  -0.00151645855357
-1.33225814079  552  663  663.610930364  30.5727358428  0.0283876079047
-1.33225814079  551  689  687.212411716  29.0508691307  -0.012400335832
-1.33225814079  551  711  712.164298435  0.481478316463  0.0585202742517
-1.33225814079  551  736  736.771132139  27.6536816168  0.0393209494193
-1.33225814079  550  760  761.595140641  0.374788486653  0.0586731499755
-1.33225814079  550  786  785.743462307  20.7902104183  0.000231495188547
-1.33225814079  549  810  810.742539741  18.9440229324  0.0231823867272
-1.33225814079  549  835  835.844229398  16.946340609  0.0177184737912
-1.33225814079  548  860  861.061713095  15.6293308619  0.0273205433158
-1.33225814079  547  887  886.497045947  13.7265341098  -0.00559796546815
-1.33225814079  546  912  912.470669882  13.0842163127  0.0245994533492
-1.33225814079  545  939  938.844586748  12.5352824838  0.00558244464139
-1.33225814079  544  966  965.57908721  12.5043904979  0.0139910940476
-1.33225814079  543  993  992.608275553  12.4518053709  0.0258895629435
-1.17055814079  539  11  10.7721515123  6.20361292805  -0.00270896005155
-1.17055814079  540  27  27.2804527997  6.49971703673  0.000508281973116
-1.17055814079  540  44  43.8478966528  6.65530436507  -0.0163500650851
-1.17055814079  541  61  60.5884768624  6.99125040573  -0.0411143644817
-1.17055814079  542  77  77.4537562361  7.09186560694  -0.0100671418696
-1.17055814079  542  94  94.3981556855  7.25208429367  -0.00150364828703
-1.17055814079  543  111  111.59710323  7.65590859415  0.0125784988183
-1.17055814079  544  129  128.717776976  7.72321391451  -0.0113107229193
-1.17055814079  544  146  146.058011832  8.02125886666  0.012608866704
-1.17055814079  545  163  163.62120713  9.05278408355  0.0340755251843
-1.17055814079  546  181  181.178870868  9.84207131821  0.0191694763172
-1.17055814079  546  199  198.990741454  10.9947041344  0.017384227852
-1.17055814079  547  217  216.874409368  12.4096696932  0.0115442344891
-1.17055814079  547  235  235.003645361  14.3705318798  0.0171216700237
-1.17055814079  548  253  253.282112846  16.2620247707  0.019037421733
-1.17055814079  548  272  271.659101764  18.8961741641  0.00247146993194
-1.17055814079  549  290  290.640908925  24.144450822  0.0329681045401
-1.17055814079  549  310  309.786248844  26.7114669267  0.00939850595226
-1.17055814079  549  329  329.540269706  33.3034116806  0.0374592859974
-1.17055814079  550  350  349.66997625  34.937218821  0.00839686809514
-1.17055814079  550  370  369.962313317  0.368209824535  0.018000655959
-1.17055814079  550  389  390.311797444  31.4715571486  0.0840375811249
-1.17055814079  551  409  410.192633973  25.3252757323  0.0711323130693
-1.17055814079  551  429  430.206566514  22.6743464575  0.0684761945771
-1.17055814079  551  450  449.988581473  20.1636455382  0.0245046723012
-1.17055814079  551  470  470.277160551  18.4767818248  0.0331632958272
-1.17055814079  551  491  490.635168633  17.5876562953  0.0128121118491
-1.17055814079  551  511  511.382426429  0.210016636196  0.030891526578
-1.17055814079  551  532  532.046019978  16.8849627742  0.0223476617767
-1.17055814079  551  553  553.167903272  17.7628467847  0.0262675299028
-1.17055814079  551  575  574.491899698  17.0977546573  0.00818116017585
-1.17055814079  551  596  596.249724896  19.1619598719  0.0261475010178
-1.17055814079  551  618  618.1229837  20.7360041005  0.0193340985384
-1.17055814079  551  641  640.443423949  23.1080087154  0.00448970750483
-1.17055814079  551  663  663.743598764  27.915445093  0.0355475963195
-1.17055814079  550  688  687.535916297  31.2558690832  0.016254873097
-1.17055814079  550  712  712.037479366  31.8039992892  0.0266000050469
-1.17055814079  550  737  736.549145915  27.5925526104  0.0118691367503
-1.17055814079  549  761  761.363761748  24.2182222884  0.0254623515013
-1.17055814079  549  786  785.885841152  21.0972972874  0.00734087856799
-1.17055814079  548  810  810.827038706  18.9067299088  0.0229558020287
-1.17055814079  548  835  835.89342403  17.7222061091  0.0246239046819
-1.17055814079  547  861  861.099754778  15.3244997719  0.00918451473529
-1.17055814079  546  887  886.662854723  13.8143579253  -0.00250036187952
-1.17055814079  545  912  912.587610064  13.3169092031  0.0330939496851
-1.17055814079  544  939  939.010856553  12.3370867694  0.00409265974247
-1.17055814079  544  966  965.672561445  12.4258562847  0.0176969616678
-1.17055814079  542  993  992.823916285  12.2095189862  0.0251358405481
-1.00885814079  538  11  10.844875922  6.1841109384  0.000107983682039
-1.00885814079  539  27  27.3046484034  6.55503598816  0.00939502736652
-1.00885814079  539  44  43.8999740361  6.84824424593  -0.0240544595031
-1.00885814079  540  61  60.6200284149  7.00166456143  -0.0378119963269
-1.00885814079  541  77  77.5334151056  7.14279509001  -0.00664499544926
-1.00885814079  542  94  94.4829154454  7.27482392452  -0.00430008378448
-1.00885814079  542  111  111.676414334  7.65369587319  0.0183279132933
-1.00885814079  543  129  128.7927461  7.71468498381  -0.00682769340468
-1.00885814079  544  146  146.163242995  8.30690809217  0.00991000210552
-1.00885814079  544  164  163.59103  8.7977697554  0.00235359760411
-1.00885814079  545  181  181.274145801  9.9583956348  0.0288327898338
-1.00885814079  545  199  199.045481421  10.8850082206  0.0159331413702
-1.00885814079  546  217  216.946185647  12.327614339  0.0105772888511
-1.00885814079  546  235  235.067804768  14.2794577987  0.022434102736
-1.00885814079  547  253  253.326882354  16.0760780545  0.0233964565384
-1.00885814079  547  272  271.76748181  19.0668366007  0.00913102617465
-1.00885814079  548  291  290.470546488  22.3039383071  -0.0103903694095
-1.00885814079  548  310  309.977559029  0.323904438536  0.0210565324394
-1.00885814079  548  329  329.230559628  32.793164579  0.0289812903138
-1.00885814079  549  350  349.854049602  34.4034229318  0.0175506559346
-1.00885814079  549  370  370.248996161  32.760573937  0.0316150864476
-1.00885814079  549  390  389.648598849  27.6738957316  0.0
-1.00885814079  550  410  409.817366806  22.7657902504  0.0139148341791
-1.00885814079  550  429  430.202596911  23.1422196796  0.0653171994976
-1.00885814079  550  450  450.064720107  20.2691501517  0.0243598784845
-1.00885814079  550  470  470.286489167  18.5891442297  0.032511175143
-1.00885814079  550  491  490.732626962  17.6594778405  0.0153571047374
-1.00885814079  550  511  511.45524275  17.186160345  0.0340612259302
-1.00885814079  550  532  532.068182735  16.962678398  0.0245771644843
-1.00885814079  550  553  553.384486616  17.664275746  0.0294089055261
-1.00885814079  550  575  574.535123152  17.1878008341  0.00926260965943
-1.00885814079  550  596  596.328912564  19.3022036321  0.0253614406013
-1.00885814079  550  618  618.267300518  20.927697391  0.0234521600269
-1.00885814079  550  641  640.548617854  23.0541475861  0.0039548530123
-1.00885814079  550  664  663.653687194  27.8323053163  0.00765819947596
-1.00885814079  550  688  687.437314779  31.2090851189  0.0141160127149
-1.00885814079  549  712  712.111946663  31.7645377708  0.0274215967576
-1.00885814079  549  737  736.585724378  28.037090739  0.0136119959337
-1.00885814079  548  761  761.599082566  23.7355911721  0.0283152585393
-1.00885814079  548  786  786.071171302  20.9784322099  0.0108560307902
-1.00885814079  547  810  811.023145882  18.9010404287  0.0332590639882
-1.00885814079  547  835  836.041849862  17.7723601868  0.0267954797236
-1.00885814079  546  861  861.285539125  15.5364009948  0.0130202694489
-1.00885814079  545  887  886.850659019  14.3880787836  0.00785295370425
-1.00885814079  544  913  912.698389229  13.0735763773  0.0166929189039
-1.00885814079  544  939  938.985832753  12.3056069042  0.00325124965683
-1.00885814079  543  966  965.808935332  12.493477753  0.0147111832009
-1.00885814079  542  993  992.858403729  12.2640449169  0.0257447737933
-0.847158140787  537  11  10.8571148865  6.23587171184  -0.000836748520961
-0.847158140787  538  27  27.3505799353  6.49566774391  0.00677617000265
-0.847158140787  539  44  43.9275734398  6.84061989827  -0.0180315635953
-0.847158140787  539  61  60.6606435629  7.04687458621  -0.0397568477478
-0.847158140787  540  77  77.5789727336  7.1664379032  -0.00524201203934
-0.847158140787  541  94  94.5521388975  7.52230208067  0.0104128889007
-0.847158140787  541  112  111.646799919  7.46784188857  -0.0223314362865
-0.847158140787  542  129  128.828629403  7.7615453419  -0.00185068542622
-0.847158140787  543  146  146.179618598  8.39118390923  0.0140579531434
-0.847158140787  543  164  163.630067458  8.75790235565  -0.0025927812358
-0.847158140787  544  181  181.299300023  9.92117222093  0.0255504326227
-0.847158140787  544  199  199.06372778  10.748279164  0.021813658394
-0.847158140787  545  217  216.971128087  12.4350143101  0.0144297421446
-0.847158140787  545  235  235.137108173  14.2937837318  0.0208470849056
-0.847158140787  546  253  253.351404716  16.1305069727  0.0280305196827
-0.847158140787  546  272  271.921862543  19.0065607043  0.0175554342828
-0.847158140787  547  291  290.418470459  24.3524845061  -0.0164282877065
-0.847158140787  547  311  309.746778387  27.5290405449  -0.0291370605849
-0.847158140787  548  329  329.854370787  32.0369497039  0.0392853515501
-0.847158140787  548  350  349.80247376  0.4232136032  0.01588313023
-0.847158140787  548  370  370.172307009  32.3883912608  0.0294731620888
-0.847158140787  549  390  390.052637248  26.4399889907  0.031793317978
-0.847158140787  549  409  410.340550405  25.7030355164  0.0709708045748
-0.847158140787  549  429  430.425487794  23.3590293166  0.0732097388647
-0.847158140787  549  450  450.199999058  20.0246502003  0.0302463991137
-0.847158140787  549  470  470.404036182  18.651731547  0.035312636778
-0.847158140787  549  491  490.721513008  17.8507311208  0.0131462038038
-0.847158140787  550  511  511.45524275  17.186160345  0.0340612259302
-0.847158140787  550  532  532.266104569  17.1565342262  0.0264691146265
-0.847158140787  550  553  553.292653132  0.214525992395  0.0302833936578
-0.847158140787  550  575  574.549790681  17.9816384204  0.00729731618777
-0.847158140787  549  597  597.30808913  0.104905948162  -7.35808791119
-0.847158140787  549  618  618.493833127  0.249295840347  0.0253603570861
-0.847158140787  549  641  640.729880126  22.959105892  0.0103852130142
-0.847158140787  549  664  663.900652137  27.2482918939  0.0127264732104
-0.847158140787  549  688  687.843883289  30.5640250846  0.0210235193111
-0.847158140787  548  712  712.315403955  0.39362437146  0.0290881678444
-0.847158140787  548  737  736.807557263  28.36437458  0.0149605475447
-0.847158140787  548  761  761.504784378  24.9789446299  0.0327203001559
-0.847158140787  547  786  786.267501731  20.9707351524  0.013873402965
-0.847158140787  546  811  811.015346006  18.6355640408  0.00374610544708
-0.847158140787  546  836  835.986748304  16.6519030261  0.00274251517514
-0.847158140787  545  861  861.478198135  15.5275459821  0.0179131682859
-0.847158140787  544  887  887.020824677  14.1559672777  0.00777726590068
-0.847158140787  544  913  912.777919922  13.0945411639  0.021222863327
-0.847158140787  543  939  939.096967944  12.3809292843  -0.00203572566119
-0.847158140787  542  966  965.889439716  12.3176024832  0.0186132716135
-0.847158140787  541  993  993.075876322  12.3506622192  0.0213637865856
-0.685458140787  536  11  10.9002378784  6.28574508468  -0.000274398576649
-0.685458140787  537  27  27.3688053748  6.52182961494  0.00821816786937
-0.685458140787  538  44  43.9472282303  6.80107164106  -0.0210283538765
-0.685458140787  538  61  60.6968777114  6.9644466894  -0.0321214370952
-0.685458140787  539  77  77.6123229965  7.17747435578  -0.00580738866501
-0.685458140787  540  94  94.5823375092  7.54271601063  0.00741942646391
-0.685458140787  540  112  111.619154867  7.42150215393  -0.0197251563756
-0.685458140787  541  129  128.891339066  7.71691867343  -0.00174015859202
-0.685458140787  542  146  146.237237074  8.36258781136  0.0140380562174
-0.685458140787  542  164  163.748824935  8.71274372214  0.00859557734528
-0.685458140787  543  181  181.38832652  9.90640182687  0.0272849080536
-0.685458140787  543  199  199.158265013  10.8776925299  0.0198935466917
-0.685458140787  544  217  217.069970243  12.4563101814  0.0186236713792
-0.685458140787  545  235  235.057966745  14.1228018878  0.0193436444816
-0.685458140787  545  253  252.753757973  9447.53003602  -0.12594266227
-0.685458140787  545  273  272.289604681  0.331726885348  -7.58172284634
-0.685458140787  546  290  290.887605155  23.6834683056  0.0419084122793
-0.685458140787  546  310  310.082162569  28.6640162056  0.00877016059619
-0.685458140787  547  330  329.574673034  32.3330804507  -0.00391084581338
-0.685458140787  547  350  349.850378124  0.397916130967  0.0160240206334
-0.685458140787  547  369  370.633056266  36.1680000737  0.0713466134646
-0.685458140787  548  390  390.165464467  28.3614556938  0.0381484848323
-0.685458140787  548  410  410.11600792  22.9929299427  0.0272483285832
-0.685458140787  548  429  430.543748328  23.2150189433  0.0809311667946
-0.685458140787  548  450  450.370849299  20.2193331952  0.0370774384955
-0.685458140787  548  471  471.312222357  0.104619127058  -7.27553486792
-0.685458140787  549  491  490.743422826  17.891293337  0.0115988413785
-0.685458140787  549  511  511.60158864  17.2550513012  0.0412599586431
-0.685458140787  549  532  532.344488024  17.0945519995  0.0287112845804
-0.685458140787  549  553  553.430349341  17.4463843671  0.0335800870654
-0.685458140787  549  575  574.564301126  17.7942523694  0.0064786195731
-0.685458140787  549  597  597.301874544  0.338998301624  -7.21829233938
-0.685458140787  548  619  618.369973035  20.3747991861  -0.00487210163314
-0.685458140787  548  641  640.857360943  23.3792279822  0.0147278446701
-0.685458140787  548  664  664.045641146  27.1925025511  0.0169584419168
-0.685458140787  548  688  688.039940346  0.381847070864  0.0298825769908
-0.685458140787  547  713  712.002396474  31.858930703  0.00516835013655
-0.685458140787  547  737  737.040691221  28.08943182  0.0211960208302
-0.685458140787  547  761  761.814441071  25.164291389  0.0374243792032
-0.685458140787  546  786  786.496479711  21.2550043063  0.0194539910836
-0.685458140787  546  811  810.978543981  18.6076944227  0.00647307326428
-0.685458140787  545  836  836.115956674  16.6460395956  0.00138640744273
-0.685458140787  544  861  861.589594082  15.6412473803  0.019674096077
-0.685458140787  543  887  887.033676863  14.1519672315  0.00764062980563
-0.685458140787  543  913  912.868811368  13.1446991646  0.0141280236399
-0.685458140787  542  939  939.304296483  12.3777715923  0.00591443286627
-0.685458140787  541  966  966.075939716  12.3913596754  0.0182406283462
-0.685458140787  540  993  993.160232909  12.1129995349  0.0275060809325
-0.523758140787  535  11  10.9742003748  6.27841682084  0.000357562633002
-0.523758140787  536  27  27.443081982  6.52778212113  0.0163422942881
-0.523758140787  537  44  44.0342530768  6.92775502732  -0.0145237228256
-0.523758140787  538  61  60.7735802751  7.00744250905  -0.0324363997206
-0.523758140787  538  77  77.683997812  7.39401949103  0.0072513192086
-0.523758140787  539  95  94.5849813387  7.28510061244  -0.0320716524618
-0.523758140787  540  112  111.661827959  7.41554630342  -0.0277448589824
-0.523758140787  540  129  128.95800364  7.68036029988  -0.00290016014983
-0.523758140787  541  146  146.306135014  8.35780446879  0.0172661190741
-0.523758140787  541  164  163.770239673  8.81458990457  0.00583975628098
-0.523758140787  542  181  181.432203195  9.92433175806  0.0302504189035
-0.523758140787  543  199  199.116047155  10.9989064263  0.0200631472024
-0.523758140787  543  217  217.125138219  12.2654403315  0.0192851315222
-0.523758140787  544  235  235.187271978  13.9548036439  0.0141653726365
-0.523758140787  544  253  253.569086253  0.212041428544  0.0322793504987
-0.523758140787  545  273  271.704029319  0.241714236951  -0.0282253549919
-0.523758140787  545  291  290.777092794  23.915522909  -0.00205891590008
-0.523758140787  545  311  309.966739995  26.861595019  -0.0222168320542
-0.523758140787  546  330  329.424322305  32.4361130447  -0.0114651339584
-0.523758140787  546  350  349.823962136  35.4276868577  0.0178068659233
-0.523758140787  546  370  369.996344954  29.9513291814  0.0154114828935
-0.523758140787  547  389  390.718417908  0.717940898646  0.0824311211637
-0.523758140787  547  410  410.275367738  23.0490677138  0.0322210243913
-0.523758140787  547  429  430.691981895  22.9956984998  0.084394963569
-0.523758140787  547  450  450.4774172  20.3839670494  0.0401537143391
-0.523758140787  548  471  470.312462983  18.527931098  0.000371453151796
-0.523758140787  548  491  490.841948173  17.8981033912  0.0153785646691
-0.523758140787  548  511  511.673748097  17.1819026525  0.0390180626671
-0.523758140787  548  532  532.432635927  0.206146483861  0.0322621780836
-0.523758140787  548  553  553.494933695  17.730928882  0.0351590064403
-0.523758140787  548  575  574.734746762  17.8949408919  0.00856542356303
-0.523758140787  548  597  596.288024967  19.0775987893  0.00207620391393
-0.523758140787  548  619  618.401482539  20.4723404201  -0.00213179135232
-0.523758140787  547  641  641.04224318  25.0920024759  0.019501100801
-0.523758140787  547  665  664.305327451  0.307343311426  -8.37197192664
-0.523758140787  547  688  688.025421141  30.3337435759  0.0291568021074
-0.523758140787  547  713  712.551128178  32.055987409  0.0102155202418
-0.523758140787  546  737  737.153201036  29.0110996383  0.0284061368295
-0.523758140787  546  761  762.074465471  27.5989320909  0.0498800159668
-0.523758140787  545  787  786.383072347  21.1462282148  -0.00353437737928
-0.523758140787  545  811  811.188235507  19.1239218427  0.00602844902206
-0.523758140787  544  835  836.47101414  17.4496050878  0.0348303450869
-0.523758140787  543  861  861.769703886  15.8555076731  0.0246752286836
-0.523758140787  543  887  887.30475769  14.2957409353  0.00715525544366
-0.523758140787  542  913  913.043092763  12.9976709175  0.0241286933013
-0.523758140787  541  939  939.48553428  12.4160457213  0.00797568940742
-0.523758140787  540  966  966.226678466  12.4492837097  0.0222713745381
-0.523758140787  539  993  993.291428706  12.0955765498  0.0270732449314
-0.362058140787  534  11  11.0049790599  6.20073330853  0.010056139667
-0.362058140787  535  27  27.4935581686  6.49066597447  0.0157385049325
-0.362058140787  536  44  44.0801520859  6.82352042518  -0.0142709558988
-0.362058140787  537  61  60.7668166605  7.02351929825  -0.0295940914107
-0.362058140787  537  78  77.6635355894  7.16665939819  -0.0395451746611
-0.362058140787  538  95  94.6306854277  7.22172513497  -0.0330783889403
-0.362058140787  539  112  111.699940457  7.40455628792  -0.0200617125104
-0.362058140787  539  129  129.007915157  7.70361176064  -0.00557936894796
-0.362058140787  540  146  146.382923537  8.33536701607  0.0166851420086
-0.362058140787  541  164  163.781671017  8.88225569677  0.00824288037104
-0.362058140787  541  181  181.530622255  9.86867179573  0.0341225546056
-0.362058140787  542  199  199.188261707  10.9705566574  0.012602993256
-0.362058140787  542  217  217.19739396  12.2614149268  0.0222409418749
-0.362058140787  543  235  235.24920107  14.2355189827  0.0181450422874
-0.362058140787  543  254  253.44648206  16.3793269071  -0.00300177441731
-0.362058140787  544  273  271.787191855  19.4846212722  -0.0353614943431
-0.362058140787  544  291  290.74972197  24.0536054788  -0.00558059215613
-0.362058140787  545  311  309.814768495  26.8976838359  -0.0259801486296
-0.362058140787  545  330  329.548917173  33.0528057066  -0.00291483738771
-0.362058140787  545  350  350.00319553  35.0608632419  0.0217625323599
-0.362058140787  546  370  370.36782605  0.402289205368  0.0285502546514
-0.362058140787  546  390  390.636552067  27.939038502  0.0460972103756
-0.362058140787  546  410  410.372219026  22.9241781675  0.0353730605105
-0.362058140787  546  429  430.800668484  0.362394060817  0.0887466430786
-0.362058140787  547  450  450.510509863  20.561570135  0.0416064925654
-0.362058140787  547  471  470.456457696  18.3160542758  0.00807058616618
-0.362058140787  547  491  491.076189973  17.942602511  0.0261782488939
-0.362058140787  547  511  511.885249321  17.141951027  0.0454939465938
-0.362058140787  547  532  532.515501574  0.207667717143  0.0336734726826
-0.362058140787  547  553  553.717375211  17.9221525404  0.0411662875126
-0.362058140787  547  575  574.917098954  18.0549826088  0.0120988089944
-0.362058140787  547  597  596.560092936  19.0730458125  0.00691430937275
-0.362058140787  547  619  618.471532357  20.590682122  -0.00167288627063
-0.362058140787  546  642  641.052260859  23.4159470246  -0.00502008049428
-0.362058140787  546  665  663.896194088  27.6167969239  -0.013565679521
-0.362058140787  546  689  687.940223504  28.3345634171  -0.00397882300706
-0.362058140787  546  712  712.773526668  32.4749174592  0.0461916468526
-0.362058140787  545  737  737.354756931  0.36217505254  0.0322117035509
-0.362058140787  545  761  762.080023372  25.1494006828  0.0455812151454
-0.362058140787  544  786  786.728557134  0.26591759044  0.0237658263933
-0.362058140787  544  811  811.376762939  18.6003823918  0.0146721427023
-0.362058140787  543  836  836.372291572  16.5702025675  0.00764682302974
-0.362058140787  542  861  861.839523557  15.4898976514  0.0197999966078
-0.362058140787  542  887  887.367017919  14.1488759788  0.011309616323
-0.362058140787  541  913  913.265003696  13.07248307  0.0260657116443
-0.362058140787  540  940  939.573433412  12.272882797  -0.00204027415304
-0.362058140787  539  967  966.295586358  12.2470952641  0.0070772233804
-0.362058140787  538  994  994.29567587  0.0678715713558  -6.02755953888
-0.200358140787  533  11  11.0555498525  6.19556338439  0.00617315372383
-0.200358140787  534  27  27.5297293325  6.53881566563  0.0182078640256
-0.200358140787  535  44  44.1153130976  6.81612992532  -0.0135982175009
-0.200358140787  536  61  60.7952764767  6.99061059715  -0.0394160223326
-0.200358140787  536  78  77.7016720809  7.04107364075  -0.0336555470921
-0.200358140787  537  95  94.6733087155  7.18814892303  -0.0305832994131
-0.200358140787  538  112  111.767723149  7.47798531388  -0.0209771699925
-0.200358140787  538  129  129.040843786  7.69842029961  0.00103188171936
-0.200358140787  539  146  146.437411155  8.32754856042  0.0155613120313
-0.200358140787  540  164  163.846228745  8.67305648634  0.00154219099026
-0.200358140787  540  181  181.554692548  9.88523196796  0.0364186004257
-0.200358140787  541  199  199.273576339  10.9914591949  0.0212773635301
-0.200358140787  541  217  217.250982975  12.3129010812  0.0258452525033
-0.200358140787  542  235  235.335883361  14.3863943682  0.024609077842
-0.200358140787  542  253  253.724747917  17.3363540694  0.0367743831053
-0.200358140787  543  273  271.877900234  19.8488879444  -0.0239720614479
-0.200358140787  543  291  290.781551597  23.7906226813  -0.00331018504116
-0.200358140787  544  311  310.082260432  26.0807184529  -0.0304343947257
-0.200358140787  544  330  329.570713366  33.3992611419  0.0018012783837
-0.200358140787  544  351  350.133423559  32.6834326479  -0.0113283178487
-0.200358140787  545  370  370.418867816  32.5190048778  0.0367797402016
-0.200358140787  545  391  390.270776638  25.4823172956  -0.00872590588922
-0.200358140787  545  410  410.482028993  24.9265777878  0.0440004318019
-0.200358140787  545  430  430.427051491  22.5502305824  0.0366340168298
-0.200358140787  546  451  450.361801785  20.0784756356  0.00127576697487
-0.200358140787  546  471  470.600091319  18.5195373842  0.0115593877899
-0.200358140787  546  491  491.222807207  17.8719904305  0.0336687595598
-0.200358140787  546  512  511.789780536  17.059560464  0.0176656229843
-0.200358140787  546  532  532.755514453  16.8369592139  0.0387519634702
-0.200358140787  546  553  553.86020386  17.9499606115  0.0455795567123
-0.200358140787  546  575  575.037334543  17.4586356956  0.0210260782987
-0.200358140787  546  596  596.835045056  18.8801008765  0.0379342495051
-0.200358140787  546  619  618.670557327  20.9142944635  0.00497969101364
-0.200358140787  546  642  641.016879845  23.2371410357  -0.000816547075411
-0.200358140787  545  665  664.069905596  27.3174731257  -0.00693356166784
-0.200358140787  545  689  688.067104023  28.2190022301  0.00218761284802
-0.200358140787  545  712  712.900119567  32.4838937553  0.0474590731722
-0.200358140787  544  737  737.495176988  28.6753855602  0.0314638596639
-0.200358140787  544  761  762.386644522  27.2068302734  0.0555142522232
-0.200358140787  543  787  786.64339012  21.9364475893  0.00686495066109
-0.200358140787  543  811  811.503433314  18.6944687868  0.014141718585
-0.200358140787  542  836  836.555090518  16.5394484883  0.0108873203111
-0.200358140787  542  861  861.851186123  15.696549011  0.0212861236853
-0.200358140787  541  887  887.459583069  14.2147661687  0.00847553932356
-0.200358140787  540  913  913.389854935  13.2839732136  0.0284358526452
-0.200358140787  539  940  939.740607523  12.0196052037  0.00153526344338
-0.200358140787  538  967  967.293071723  0.358174491854  -5.97285310484
-0.200358140787  537  994  993.550644077  12.0689034347  0.0165911722855
-0.0386581407875  533  11  11.047429101  6.22472729193  0.00915385545048
-0.0386581407875  533  27  27.5840430311  6.61129266409  0.0167955649277
-0.0386581407875  534  44  44.1444223374  6.80521647407  -0.00950186313717
-0.0386581407875  535  61  60.8593808829  7.05209980163  -0.0299684120989
-0.0386581407875  536  78  77.7969598088  7.05069166218  -0.0341722065186
-0.0386581407875  536  95  94.7263792798  7.27305151109  -0.0274944607819
-0.0386581407875  537  112  111.7983274  7.48065263464  -0.0185079252963
-0.0386581407875  538  129  129.12417996  7.69793011562  0.00439616888969
-0.0386581407875  538  146  146.471280928  8.32474798036  0.0208593643864
-0.0386581407875  539  164  163.923089787  8.72523423595  0.0137145615435
-0.0386581407875  539  181  181.608656351  9.99384795976  0.0333028455894
-0.0386581407875  540  199  199.350942883  10.9221059696  0.0282010756733
-0.0386581407875  540  217  217.340831666  12.1171927094  0.0329607203017
-0.0386581407875  541  235  235.415348741  14.3206182661  0.0305425649134
-0.0386581407875  541  254  253.63375854  16.6795928911  -0.00354355834069
-0.0386581407875  542  272  272.159089043  19.2715352133  0.0229977156925
-0.0386581407875  542  291  291.02744423  22.4234597831  0.0148916196555
-0.0386581407875  543  310  310.349591956  0.342094011849  0.0188588431759
-0.0386581407875  543  331  329.428062203  34.8437287358  -0.0448194922177
-0.0386581407875  543  351  350.480564101  33.8264946283  -0.00514839632326
-0.0386581407875  544  369  369.659184037  38.2633673901  0.0
-0.0386581407875  544  391  390.582143402  25.8973699714  0.00753357653902
-0.0386581407875  544  410  410.622638004  25.6021320015  0.0492788427709
-0.0386581407875  545  430  430.557212414  22.5838848317  0.0460633691577
-0.0386581407875  545  450  450.737862558  19.9940762096  0.0464965219244
-0.0386581407875  545  471  470.733505717  18.4001527909  0.0114287166324
-0.0386581407875  545  491  491.306097022  18.0332689575  0.033738410654
-0.0386581407875  545  512  511.831364896  17.0146429164  0.0185508102345
-0.0386581407875  545  533  532.701622912  16.7722344465  0.00827758146774
-0.0386581407875  545  554  553.769247238  16.9608043146  0.0123836930043
-0.0386581407875  545  575  575.146455933  18.3291305672  0.0246171096703
-0.0386581407875  545  597  596.801489589  18.6934993495  0.0106789362856
-0.0386581407875  545  619  618.834890611  20.599887007  0.0115903570845
-0.0386581407875  545  641  641.394341059  24.5046522981  0.0278208793469
-0.0386581407875  544  665  664.318024211  25.8351395667  0.0045032689111
-0.0386581407875  544  688  688.414097469  30.4755062192  0.0321769681957
-0.0386581407875  544  712  713.19831872  32.1264248873  0.0515231685579
-0.0386581407875  543  736  737.74756075  33.1916851305  0.0798150611338
-0.0386581407875  543  761  762.401578595  25.4985790012  0.0527039104363
-0.0386581407875  542  786  787.005159215  21.8500686761  0.0275440726068
-0.0386581407875  542  811  811.65949287  19.1042576204  0.0179558313287
-0.0386581407875  541  836  836.827725045  17.5052047649  0.0243105260952
-0.0386581407875  541  862  861.969894771  15.3764666062  -0.00153160646344
-0.0386581407875  540  887  887.624985261  14.2816541099  0.0158928254037
-0.0386581407875  539  913  913.567434461  13.2075931455  0.031431625249
-0.0386581407875  538  940  939.865240571  12.1345356202  0.00233027265378
-0.0386581407875  537  966  966.76445342  12.7318388071  0.0322089887974
-0.0386581407875  536  994  993.6952971  12.3862188057  0.0175714763557
0.123041859213  532  11  11.1034377135  6.17463538057  0.0045543231104
0.123041859213  532  27  27.6157529475  6.55714974808  0.0236760022616
0.123041859213  533  44  44.2232127944  6.87510833163  -0.00570117829175
0.123041859213  534  61  60.9286660246  6.98668879725  -0.0249798873902
0.123041859213  535  78  77.768946321  7.1186937947  -0.0330030830831
0.123041859213  535  95  94.7853457421  7.2650860868  -0.0310678328574
0.123041859213  536  112  111.857118379  7.46398533177  -0.0152214187542
0.123041859213  537  129  129.139354613  8.022315511  0.00973127760834
0.123041859213  537  147  146.453802832  8.25382695634  -0.0116590403503
0.123041859213  538  164  163.975545407  9.03018574101  0.0105522215744
0.123041859213  538  182  181.546262713  9.52605589243  0.0052404132153
0.123041859213  539  199  199.438133141  11.071112035  0.0326411350118
0.123041859213  540  217  217.447012633  12.1127073493  0.0279061435945
0.123041859213  540  235  235.513861229  14.5082432055  0.0350854471432
0.123041859213  541  254  253.560279238  16.5319607491  -0.00185888354571
0.123041859213  541  272  272.310110903  19.321960786  0.0253895322232
0.123041859213  541  291  291.10545959  24.5158689503  0.00557008555114
0.123041859213  542  311  310.004346456  27.5439751845  -0.0167411926958
0.123041859213  542  330  329.87985145  32.4085665934  0.00737581407585
0.123041859213  543  351  350.20544857  33.0454371425  -0.00676695426035
0.123041859213  543  370  370.869922747  0.480610727479  0.0534640038688
0.123041859213  543  391  390.709089221  27.9943335031  0.0175848744356
0.123041859213  543  411  410.431613527  24.9053520378  0.00748503812124
0.123041859213  544  431  430.455784005  20.8238684984  0.00722409885936
0.123041859213  544  450  450.769882065  0.254013435541  0.0452221005452
0.123041859213  544  471  470.90933569  18.5586152316  0.0187678079008
0.123041859213  544  491  491.437522421  17.8103955615  0.0359112083231
0.123041859213  544  512  511.956852875  17.0789530115  0.0190983000101
0.123041859213  544  533  532.788144645  16.5830048738  0.0134027227396
0.123041859213  544  554  553.921842062  16.8452841762  0.0162657005565
0.123041859213  544  575  575.348984232  0.221999411582  0.0285526451971
0.123041859213  544  597  596.880522283  18.967950514  0.0133783840754
0.123041859213  544  619  618.905381159  20.7535662623  0.0149199973527
0.123041859213  544  641  641.489680836  24.1852798015  0.0279363355279
0.123041859213  544  665  664.249239805  25.8901713673  0.0120205449887
0.123041859213  543  688  688.311931047  30.5317980505  0.0289179839541
0.123041859213  543  713  713.086458426  31.7889820639  0.024290838952
0.123041859213  542  738  737.491225029  28.4693209711  0.00667635674944
0.123041859213  542  762  762.378921963  24.8922932238  0.0259994313141
0.123041859213  542  786  787.061497054  22.1316831176  0.0324802636982
0.123041859213  541  811  811.821613895  19.0200564722  0.023525522223
0.123041859213  540  836  836.953196412  17.4413487663  0.0208713757423
0.123041859213  540  862  862.143297012  15.6838318406  0.010937571659
0.123041859213  539  888  887.714671052  14.1287916309  0.000772972746805
0.123041859213  538  914  913.636336394  13.0797427374  0.0149176949089
0.123041859213  537  940  940.057628948  12.4148447399  0.00730984916444
0.123041859213  536  967  966.840816154  12.3061592023  0.0169040007854
0.123041859213  535  994  993.90557366  12.3234686018  0.0280721822825
0.284741859213  531  11  11.1495841057  6.2855988898  0.0150167780793
0.284741859213  532  28  27.6234569364  6.6067433499  -0.0259413347061
0.284741859213  532  44  44.2684794159  6.86896030334  -0.00250223751152
0.284741859213  533  61  60.9529615422  6.98353859651  -0.0263170591203
0.284741859213  534  78  77.7999545673  7.03593675941  -0.0351060268699
0.284741859213  534  95  94.8323136501  7.1750786093  -0.0213278837377
0.284741859213  535  112  111.922248061  7.48743258587  -0.0131655990706
0.284741859213  536  129  129.179398183  7.94640337092  0.00331413894554
0.284741859213  536  147  146.530550337  8.27218743752  -0.00229563311506
0.284741859213  537  164  164.029593141  9.04755662934  0.0140866845472
0.284741859213  538  182  181.64120108  9.53048065987  0.00111739678127
0.284741859213  538  199  199.496746434  10.7002649333  0.0422423426847
0.284741859213  539  216  217.614187933  13.7679259066  0.0713427840153
0.284741859213  539  236  235.425175393  14.6437549441  -0.00604306256599
0.284741859213  540  254  253.717378257  16.2782099363  -0.00334276150812
0.284741859213  540  272  272.449431056  0.234389914374  0.0283097413807
0.284741859213  540  291  291.009132818  24.6741040256  0.00973257436605
0.284741859213  541  311  310.034165273  29.5668516835  -0.0279152680551
0.284741859213  541  331  329.885087629  30.5227776456  -0.0269488530101
0.284741859213  542  350  350.64250322  35.0174622134  0.0297411662618
0.284741859213  542  370  371.077006153  36.2944182351  0.0724062192341
0.284741859213  542  391  390.872901225  27.381508329  0.0232838457749
0.284741859213  543  411  410.476380468  22.9994553434  0.00431834323835
0.284741859213  543  430  430.933680083  22.333213868  0.0575738320499
0.284741859213  543  451  450.634389415  19.9720107655  0.0106816563128
0.284741859213  543  471  471.041142408  18.8079365059  0.0244107163138
0.284741859213  543  491  491.512140509  17.8320445918  0.0332354991155
0.284741859213  543  512  512.089788521  17.1387893202  0.0279013745303
0.284741859213  543  533  532.841189431  16.5882166781  0.0135326030759
0.284741859213  543  554  554.049962933  16.7911536568  0.0213018369835
0.284741859213  543  575  575.434567157  0.219100864844  0.030342002521
0.284741859213  543  597  597.098812988  19.0062778803  0.0173404934902
0.284741859213  543  619  619.060828894  20.8146898425  0.0187939873563
0.284741859213  543  641  641.502331342  24.2495838948  0.025056725225
0.284741859213  543  665  664.514108908  26.3397078044  0.0139293648555
0.284741859213  542  688  688.524745918  30.5497435708  0.0313907585237
0.284741859213  542  713  713.246976353  32.5895657125  0.0347778168863
0.284741859213  542  738  737.507696368  28.3366654879  0.0103659936029
0.284741859213  541  762  762.432852405  24.9051450426  0.0294075973035
0.284741859213  541  786  787.252220526  22.3096172181  0.0341031955386
0.284741859213  540  811  812.106904915  19.6675080923  0.0339945542776
0.284741859213  539  837  836.762892906  16.8207515311  -0.00739749018328
0.284741859213  539  862  862.29106217  15.6538706532  0.0105420616056
0.284741859213  538  888  887.874606292  14.3193923385  0.00753605060472
0.284741859213  537  914  913.754344695  12.9026229547  0.0180200750755
0.284741859213  536  940  940.250185286  12.4312553714  0.00837167197088
0.284741859213  535  967  966.918728181  12.3909796885  0.0227256571404
0.284741859213  534  994  994.061529575  12.1270277163  0.0276907671085
0.446441859213  530  11  11.1939353083  6.25161186835  0.0121253820852
0.446441859213  531  28  27.6135738487  6.61874418848  -0.0255025124057
0.446441859213  531  44  44.3184411131  6.87794140552  -0.00673093676618
0.446441859213  532  61  61.0123553275  6.98505429273  -0.0224607247071
0.446441859213  533  78  77.8414865354  7.07116280504  -0.0290349423397
0.446441859213  534  95  94.9140478487  7.23769790649  -0.0214012598964
0.446441859213  534  112  111.953919425  7.4322934435  -0.0133728293831
0.446441859213  535  129  129.246302377  7.94518731979  0.0102032070483
0.446441859213  535  147  146.572531899  8.2199540981  -0.0111137996658
0.446441859213  536  164  164.094402394  8.74038916706  0.0192083477156
0.446441859213  537  181  181.738095667  10.0608825625  0.0402515764164
0.446441859213  537  199  199.552666783  10.6573951459  0.039972233137
0.446441859213  538  216  217.605272879  13.7267963356  0.0691749831016
0.446441859213  538  236  235.489717975  14.6569503204  -0.0018994063749
0.446441859213  539  254  253.726282525  16.5582336859  0.00343742446981
0.446441859213  539  272  272.538764558  20.693522478  0.0232571138105
0.446441859213  540  292  291.100231286  22.7270723512  -0.0265071051482
0.446441859213  540  311  310.136771545  0.355872574705  -0.0192000903962
0.446441859213  540  331  330.015418961  32.9728687355  -0.0141385954461
0.446441859213  541  351  350.151768495  33.4375992799  -0.0119505787791
0.446441859213  541  370  370.892990503  33.5593148059  0.0521587463094
0.446441859213  541  391  390.865278136  0.333199197961  0.0191556397747
0.446441859213  542  411  410.627716797  22.9478151886  0.00560495214659
0.446441859213  542  430  430.949419673  22.1488159453  0.0605713606027
0.446441859213  542  451  450.802478082  20.0228583493  0.0179158325309
0.446441859213  542  471  471.181963643  0.22683441131  0.0279856523401
0.446441859213  542  492  491.461931347  17.9279365037  0.00448840620463
0.446441859213  542  512  512.13706166  17.3385669138  0.0292707543736
0.446441859213  542  533  532.955127804  16.9105982136  0.0183254227492
0.446441859213  542  554  554.154961633  16.6954986449  0.0238384310031
0.446441859213  542  575  575.53535807  0.219421961522  0.0323768323893
0.446441859213  542  597  597.216426721  18.1128515679  0.022207096509
0.446441859213  542  618  619.36371007  20.8455229897  0.0512757043026
0.446441859213  542  641  641.646105783  24.7376641235  0.0306062430537
0.446441859213  542  665  664.656069545  27.8087108004  0.0118016937519
0.446441859213  541  689  688.35631493  31.2682375622  0.0130299962107
0.446441859213  541  713  713.232470548  32.0976290651  0.034929139244
0.446441859213  541  738  737.701529962  28.5717132293  0.00918592715291
0.446441859213  540  762  762.437097698  24.8475103286  0.0295882226941
0.446441859213  540  786  787.500417588  23.4870490864  0.0480131740135
0.446441859213  539  812  811.95910136  18.5422504149  0.00655658754322
0.446441859213  539  837  837.012734999  16.8819137405  -0.00458123371761
0.446441859213  538  862  862.429375656  15.8055721627  0.0154190692115
0.446441859213  537  888  888.000516752  14.3560093684  0.00824499437448
0.446441859213  536  914  913.897492284  12.8805767692  0.018942807192
0.446441859213  535  940  940.297366209  12.6773595462  0.0110501626962
0.446441859213  534  967  967.026464117  12.2877809676  0.0186662723033
0.446441859213  533  994  994.092523771  12.2581873979  0.0293295249482
0.608141859213  529  11  11.2309695609  6.22351756735  0.0130298357699
0.608141859213  530  28  27.655994498  6.56410905552  -0.0275184597031
0.608141859213  530  44  44.316280362  6.78854323756  -0.00368777981197
0.608141859213  531  61  61.0664991729  6.91440928713  -0.0253099077053
0.608141859213  532  78  77.9129591702  7.09394009922  -0.0222377251931
0.608141859213  533  95  94.8777838563  7.36324136514  -0.0263782068736
0.608141859213  533  112  112.009739617  7.50098703943  -0.0114920616852
0.608141859213  534  129  129.286136788  7.93980128233  0.0116778331177
0.608141859213  535  147  146.56623811  8.14128884104  -0.010160706926
0.608141859213  535  164  164.152065225  9.1123119309  0.0190113696488
0.608141859213  536  182  181.704111987  9.60214735968  0.00286547051823
0.608141859213  536  199  199.632889152  11.2697178325  0.0347400439163
0.608141859213  537  217  217.552882074  12.7002910575  0.0387803283117
0.608141859213  537  236  235.559691297  14.5806892442  -0.00350282687152
0.608141859213  538  254  253.923849496  16.5911030513  0.0128488250635
0.608141859213  538  273  272.386079565  19.6143108398  -0.0123752716614
0.608141859213  539  291  291.378716691  24.6661325472  0.017668021949
0.608141859213  539  311  310.292223063  29.0440675  -0.00920238486863
0.608141859213  539  331  330.39357085  0.406631958758  -0.0155799080884
0.608141859213  540  351  350.26463671  32.4982117241  -0.0059445356943
0.608141859213  540  370  370.945044739  1.10520965654  0.0750805243618
0.608141859213  540  391  390.924105446  28.0109187601  0.0299458191295
0.608141859213  541  411  410.778426974  23.4715174307  0.0180035846322
0.608141859213  541  430  430.871777373  21.8013054197  0.0555828416073
0.608141859213  541  451  450.872503889  20.159115398  0.021482349887
0.608141859213  541  471  471.29244759  18.4576954521  0.0315426268287
0.608141859213  541  491  491.777482706  18.1998575201  0.0429452485093
0.608141859213  541  512  512.202435866  17.2143402837  0.0288840102053
0.608141859213  541  533  533.169385383  16.8085976369  0.0247599039648
0.608141859213  541  554  554.241222197  16.6565220241  0.0274453482761
0.608141859213  541  575  575.626779621  17.5976046081  0.0335891427484
0.608141859213  541  597  597.268426245  18.7864107231  0.0249286567413
0.608141859213  541  619  619.290831088  20.4748698205  0.0233507282259
0.608141859213  541  642  641.574528049  22.7365945261  0.00483118523517
0.608141859213  541  665  664.793863889  27.7608245488  0.011790252827
0.608141859213  540  690  688.440403315  28.586281901  -0.0114498319629
0.608141859213  540  713  713.297725071  31.9882959853  0.0343919590579
0.608141859213  540  737  738.116581871  29.14891309  0.0440427684301
0.608141859213  539  762  762.6271554  25.3515793882  0.039119690226
0.608141859213  539  787  787.391724355  21.7064554561  0.0154497976748
0.608141859213  538  812  812.11629929  18.7984919895  0.00939136039279
0.608141859213  538  837  837.121861463  16.703983412  0.000940073765782
0.608141859213  537  862  862.619254902  15.8854452916  0.0183723092517
0.608141859213  536  888  888.194272978  14.4482128601  0.0078600609235
0.608141859213  535  914  913.967693515  13.3759441391  0.0285169126147
0.608141859213  534  940  940.460131699  12.4629771764  0.00711020488479
0.608141859213  534  967  967.14415111  12.2996236482  0.0212145312706
0.608141859213  532  994  994.306976929  12.2013334355  0.0272885122109
0.769841859213  528  11  11.2819329817  6.20919006605  0.0128511899967
0.769841859213  529  28  27.684755758  6.59031762198  -0.0217124302331
0.769841859213  530  44  44.3669937225  6.66485541058  -0.00991150647062
0.769841859213  530  61  61.0916244787  6.92599945204  -0.0245642197628
0.769841859213  531  78  77.9616695242  7.04994869984  -0.0245567792622
0.769841859213  532  95  94.9299576693  7.23282477743  -0.0354767665957
0.769841859213  532  112  112.089773813  7.4395389908  -0.00824176933399
0.769841859213  533  129  129.355680383  7.91683144589  0.0170317402513
0.769841859213  534  147  146.604622158  8.074132477  -0.0147984372223
0.769841859213  534  164  164.238792919  9.02078368622  0.0248545767022
0.769841859213  535  182  181.817286266  9.97508417164  0.00989804251514
0.769841859213  535  200  199.5420891  11.4048230684  -0.00968541076112
0.769841859213  536  218  218.304940078  0.393012433878  -5.88063854306
0.769841859213  536  236  235.597648255  14.4872586789  0.00397773372993
0.769841859213  537  254  254.001472444  16.5411588608  0.0118148287364
0.769841859213  537  273  272.351147929  19.8675320834  -0.017290936841
0.769841859213  538  291  291.305531369  24.5379026468  0.0178883669839
0.769841859213  538  311  310.517002832  28.7784621132  -0.00297536298306
0.769841859213  539  331  330.226306643  32.8258439656  -0.0144627856115
0.769841859213  539  351  350.636862628  31.7508315244  0.00407119276002
0.769841859213  539  370  371.143228242  0.945878321285  0.0738039774257
0.769841859213  540  391  391.327959456  27.1716027597  0.0345053880367
0.769841859213  540  411  410.802363326  0.298702227289  0.0216367053011
0.769841859213  540  431  430.808581118  21.6732984204  0.0150303659109
0.769841859213  540  451  450.886562265  20.4290903789  0.0238014336928
0.769841859213  540  471  471.335094422  18.4839075463  0.0326047714835
0.769841859213  540  492  491.612002862  17.9986247077  0.0142576321036
0.769841859213  541  512  512.307853699  17.1415992864  0.0302612421142
0.769841859213  541  533  533.169385383  16.8085976369  0.0247599039648
0.769841859213  541  554  554.241222197  16.6565220241  0.0274453482761
0.769841859213  540  575  575.671019477  17.8280703721  0.0345879529399
0.769841859213  540  597  597.402532132  18.6238428453  0.0321169468489
0.769841859213  540  619  619.389981198  0.248469789178  0.0267210607873
0.769841859213  540  642  641.744770567  22.800867456  0.0111550004321
0.769841859213  540  665  664.933415109  28.1645676907  0.0149341988328
0.769841859213  540  689  688.669829063  29.6853947465  0.0227872522505
0.769841859213  539  713  713.388035546  34.1279905514  0.0340935854533
0.769841859213  539  739  737.650719618  0.324223479519  -0.0210332658014
0.769841859213  538  762  762.780897697  0.320193457702  0.0364694820347
0.769841859213  538  787  787.418438089  21.8610722387  0.0174136160722
0.769841859213  537  812  812.287955242  19.2886127725  0.0188872442836
0.769841859213  537  837  837.343900011  16.6822615009  0.00404814564446
0.769841859213  536  862  862.768832171  15.9174051115  0.0228705629844
0.769841859213  535  888  888.470663653  14.5896789262  0.0190233916347
0.769841859213  534  914  914.126132384  13.0988584435  0.0205116843552
0.769841859213  534  940  940.574412537  12.414812373  0.0118688775675
0.769841859213  533  967  967.346124603  12.3151732635  0.0211117317581
0.769841859213  532  994  994.412520989  12.1823419877  0.0301975829948
0.931541859213  527  11  11.3207367686  6.26012581483  0.0156862125143
0.931541859213  528  28  27.7660399194  6.57863709884  -0.0160635384869
0.931541859213  529  44  44.3881053587  6.8042186553  -0.00478957345824
0.931541859213  529  61  61.1245677277  7.07906779663  -0.0279231964995
0.931541859213  530  78  78.0157530914  7.09627033583  -0.0230570651818
0.931541859213  531  95  94.9964235264  7.19974760209  -0.0184246564689
0.931541859213  531  112  112.143258456  7.48107378425  -0.00956323653181
0.931541859213  532  129  129.380309469  7.87370617501  0.0148376212965
0.931541859213  533  147  146.668209667  8.23116180948  -0.0021900832037
0.931541859213  533  164  164.257783472  9.05068666617  0.0202674673268
0.931541859213  534  182  181.874199707  9.86131459933  0.0105043538268
0.931541859213  534  200  199.57904544  11.2092509613  -0.000172587950795
0.931541859213  535  218  217.549717682  12.5362502548  0.00491807063034
0.931541859213  536  236  235.821753682  14.3029150331  0.00884005018615
0.931541859213  536  254  254.08123255  16.6837292219  0.0120895356182
0.931541859213  536  273  272.438208889  19.43609802  -0.00351741842063
0.931541859213  537  292  291.120647557  23.4826067785  -0.0172545697425
0.931541859213  537  311  310.579295005  26.713513061  0.00947530152435
0.931541859213  538  330  330.405960547  0.384718755987  0.0167948060175
0.931541859213  538  351  350.686950226  34.7905715367  0.00836798695254
0.931541859213  538  371  371.061818977  32.019206523  0.0224829816333
0.931541859213  539  391  391.019001049  28.006468324  0.0291881922406
0.931541859213  539  411  410.919034764  24.2433651329  0.0263985664698
0.931541859213  539  431  430.835781929  21.5630834574  0.0139782987805
0.931541859213  539  451  451.129344401  20.2416099655  0.0314973176511
0.931541859213  539  471  471.431858785  18.6437512525  0.0354627830825
0.931541859213  540  492  491.659841899  17.5252120418  0.00552688778205
0.931541859213  540  512  512.299441111  17.2133045679  0.0294730802975
0.931541859213  540  533  533.303021456  16.6828987148  0.0277738293726
0.931541859213  540  554  554.367739437  0.200653394797  0.0337585009255
0.931541859213  540  575  575.757855237  17.6550281413  0.0346884105195
0.931541859213  540  597  597.345972805  0.229054667401  0.030807068055
0.931541859213  539  620  619.410047324  20.2512990121  1.37128324906e-05
0.931541859213  539  642  641.869030194  24.1166747091  0.0119319742733
0.931541859213  539  666  665.299381953  0.311299130043  -8.42181203526
0.931541859213  539  689  688.814075594  30.1499334946  0.015635060331
0.931541859213  538  714  713.408042672  32.3973256868  0.0144632966161
0.931541859213  538  738  738.104204567  29.3250262177  0.0255553627044
0.931541859213  538  762  762.795324439  25.4405470223  0.0354958353938
0.931541859213  537  787  787.527686196  21.6549388803  0.0190168981804
0.931541859213  536  812  812.336275454  18.8089545114  0.0134507973747
0.931541859213  536  837  837.523746749  17.5110964966  0.0154161504732
0.931541859213  535  863  862.733940231  15.050605865  -0.00324650290538
0.931541859213  534  888  888.553588089  14.3579216895  0.016176890691
0.931541859213  534  914  914.220437118  13.1130078855  0.0248730419177
0.931541859213  533  941  940.667901951  12.4229919234  -0.003052139591
0.931541859213  532  968  967.382795794  12.0905887463  0.0111636208382
0.931541859213  531  994  994.57866203  12.2811508491  0.0289992307365
1.09324185921  526  11  11.3474288082  6.24879074282  0.0142339563035
1.09324185921  527  28  27.7902880205  6.53497291903  -0.0164267934626
1.09324185921  528  44  44.4435638413  6.80920416158  -0.0020612833318
1.09324185921  528  61  61.1846648081  6.98601454269  -0.0173913121103
1.09324185921  529  78  78.0690569053  7.104659428  -0.0187551239375
1.09324185921  530  95  95.0469384935  7.25977837092  -0.0160967087763
1.09324185921  531  112  112.18181158  7.39419298389  -0.00619826725739
1.09324185921  531  129  129.45185308  7.84817612211  0.0170495334839
1.09324185921  532  147  146.751956932  8.20375665826  0.00287462160188
1.09324185921  532  164  164.370234127  9.04344543798  0.0291560739563
1.09324185921  533  182  181.873532993  9.91665366342  0.00865502255199
1.09324185921  534  200  199.67093078  10.9470332858  -0.00128653795936
1.09324185921  534  218  217.662791917  12.6357639524  0.00555870222997
1.09324185921  535  236  235.719352342  14.1653562655  0.00419108820099
1.09324185921  535  254  254.12477296  16.6160965263  0.0162340621076
1.09324185921  536  273  272.869826203  19.3573255761  0.00756707258549
1.09324185921  536  292  291.401007084  23.4047924679  -0.0039390969214
1.09324185921  536  311  310.573758181  28.3574011855  -0.00236471623048
1.09324185921  537  331  330.21858167  32.7900491083  -0.010751700245
1.09324185921  537  351  350.817792426  0.385637613545  0.0178827983947
1.09324185921  537  370  371.734990256  0.841758979057  0.0701112512768
1.09324185921  538  391  391.116447263  27.9567661959  0.0310223434293
1.09324185921  538  411  411.08000202  24.5786321643  0.0299010026462
1.09324185921  538  431  430.997001494  22.1307414209  0.0215083056729
1.09324185921  538  451  451.151252457  20.076265657  0.0314339726671
1.09324185921  539  471  471.647257185  18.6949189432  0.0417353940851
1.09324185921  539  492  491.778746945  17.7794201048  0.0188415706478
1.09324185921  539  512  512.406285965  0.208552158542  0.0334185600689
1.09324185921  539  533  533.40312563  0.213962695546  0.0324251436217
1.09324185921  539  555  554.269694982  16.5127517497  -0.000379813601627
1.09324185921  539  575  575.894288539  17.7557785888  0.0394701181405
1.09324185921  539  598  597.335101953  18.7705640731  0.00317603030352
1.09324185921  538  620  619.468758716  20.6775782152  0.00374950638369
1.09324185921  538  642  641.986979352  22.8993685645  0.0193017845517
1.09324185921  538  665  665.20207536  27.6829166512  0.0236189800811
1.09324185921  538  690  688.809638525  28.7446146716  -0.00836934859535
1.09324185921  537  713  713.528748116  0.49737402429  0.0501114965893
1.09324185921  537  738  738.275614278  29.1205862913  0.0275565011989
1.09324185921  537  762  763.339135465  27.5892871843  0.0466580190067
1.09324185921  536  788  787.515056813  21.0918405934  -0.000304211009279
1.09324185921  536  812  812.226413371  18.4795681466  0.0138494966561
1.09324185921  535  837  837.619889163  17.5398175537  0.0180637071693
1.09324185921  534  863  862.856555548  15.096913646  -0.00148523409386
1.09324185921  533  888  888.486174758  14.5574092299  0.0163098671083
1.09324185921  533  914  914.366576546  13.1419813771  0.0275662483672
1.09324185921  532  941  940.899031852  12.2045150582  0.00655085853509
1.09324185921  531  968  967.495869491  12.0439525596  0.0102651993789
1.09324185921  530  994  994.728282717  12.1320183917  0.0368088287246
1.25494185921  525  11  11.4244626029  6.32266839236  0.0127159875879
1.25494185921  526  28  27.8304975774  6.51944830815  -0.0167811905896
1.25494185921  527  44  44.491819709  6.77204437951  0.00251982111056
1.25494185921  528  61  61.2278795458  6.86043928626  -0.0275523073041
1.25494185921  528  78  78.0882736695  7.12701820587  -0.0185256216083
1.25494185921  529  95  95.0886783052  7.32001130588  -0.0137115313677
1.25494185921  530  112  112.204134275  7.38272023394  -0.0142783076804
1.25494185921  530  129  129.486463868  7.98646367363  0.0183166577724
1.25494185921  531  147  146.797735021  8.14501540204  0.00540810943177
1.25494185921  532  164  164.454374734  8.93880611831  0.0243058234894
1.25494185921  532  182  181.930198526  10.0602401224  0.0118082608839
1.25494185921  533  200  199.702567633  11.0358509158  0.000923157066899
1.25494185921  533  218  217.7126948  12.7731772465  0.00599950254457
1.25494185921  534  236  235.772837863  14.2217817769  -0.00292942391782
1.25494185921  534  254  254.147329422  16.9551386118  0.0211770670186
1.25494185921  535  273  272.608754289  19.6760485572  -0.00410294477167
1.25494185921  535  292  291.660107622  22.9566492812  0.00598234146552
1.25494185921  535  311  311.13629772  29.062263143  0.0010630052887
1.25494185921  536  331  330.489482901  33.4007997288  0.00340136287972
1.25494185921  536  351  350.901593988  31.600658152  0.0300066610225
1.25494185921  537  370  371.571332358  0.785904787411  0.0732677038461
1.25494185921  537  391  391.259899163  27.8350731442  0.0347670490616
1.25494185921  537  411  411.167604108  24.461944837  0.0292425487506
1.25494185921  537  431  431.175895107  21.9877482852  0.0341861654144
1.25494185921  537  451  451.328566257  0.252438145034  0.02796441914
1.25494185921  538  471  471.627885013  19.0467432429  0.0407581613504
1.25494185921  538  492  491.852226802  17.8874363138  0.0225656386824
1.25494185921  538  512  512.522627324  17.042778764  0.0373634122456
1.25494185921  538  533  533.578952797  17.4691873328  0.0371033356635
1.25494185921  538  555  554.459969372  16.7423291475  0.00524988551852
1.25494185921  538  576  575.792781033  17.9489386853  0.0103916982538
1.25494185921  538  598  597.551548486  18.8149947602  0.00738685252275
1.25494185921  538  620  619.494517113  20.1632126454  0.00875879655064
1.25494185921  537  642  642.192749245  0.292996719839  0.0230115637022
1.25494185921  537  666  665.082472186  26.5610789481  0.00182513472385
1.25494185921  537  689  689.116042494  31.4122084766  0.0233251535821
1.25494185921  537  713  713.814905098  33.5325004305  0.0546252494499
1.25494185921  536  738  738.523216287  28.6084750782  0.0327993968617
1.25494185921  536  762  763.527326759  27.4552894192  0.0563995040252
1.25494185921  535  788  787.780444524  21.2198606706  0.00833616047395
1.25494185921  535  812  812.587698774  18.8924409587  0.0150674423009
1.25494185921  534  837  837.861111776  17.5740356531  0.0220446253208
1.25494185921  533  863  863.030755475  15.1818705999  0.0083823545311
1.25494185921  533  888  888.698483548  14.3281317772  0.0166405713397
1.25494185921  532  915  914.444374448  13.0047278138  0.0166781825327
1.25494185921  531  941  940.984375572  12.2214512385  0.0027926798209
1.25494185921  530  968  967.675363495  12.2368262437  0.0133678658892
1.25494185921  529  995  994.8247802  11.967170347  0.0209784550871
1.41664185921  524  11  11.4471832635  6.18037465537  0.0204674899339
1.41664185921  525  28  27.8650325927  6.56704704619  -0.0176278383512
1.41664185921  526  44  44.5322726092  6.76171695676  0.00815099172058
1.41664185921  527  61  61.2497783336  6.90181565785  -0.0177548766554
1.41664185921  527  78  78.1627889598  7.24101491609  -0.0220654897491
1.41664185921  528  95  95.1369633376  7.25842756839  -0.0144766326961
1.41664185921  529  112  112.258917861  7.42031454522  -0.00227450882153
1.41664185921  529  129  129.585812855  8.07457553387  0.0185536910033
1.41664185921  530  147  146.859383581  8.23786326865  0.00419207809696
1.41664185921  531  164  164.41871411  9.01629643139  0.0254018895564
1.41664185921  531  182  182.044797634  9.9804700027  0.0146035080704
1.41664185921  532  200  199.746951633  11.1156160766  0.00426665206806
1.41664185921  532  218  217.81411236  12.7201211672  0.00710406967371
1.41664185921  533  236  235.876055629  14.4755026081  0.00734627004656
1.41664185921  533  254  254.313588192  17.2484712226  0.0293161058312
1.41664185921  534  273  272.674842021  19.7338116864  -0.00128053663208
1.41664185921  534  292  291.660659737  22.9103397951  0.00306384865434
1.41664185921  535  311  311.045882766  28.424482372  0.00574308084059
1.41664185921  535  331  330.723366909  33.5977236124  0.0112880705228
1.41664185921  535  351  350.982367115  34.6178469912  0.0291722437703
1.41664185921  536  371  371.201146878  30.3647961222  0.0236543109651
1.41664185921  536  391  391.298964329  27.8609073365  0.0381391993685
1.41664185921  536  411  411.259483449  24.5642453861  0.0363328084318
1.41664185921  536  431  431.330671728  21.8754399885  0.0358702576313
1.41664185921  537  451  451.324243774  20.2502495959  0.0364051803196
1.41664185921  537  471  471.728680291  19.2284965076  0.0452294156606
1.41664185921  537  492  491.927797907  17.890266802  0.023144104158
1.41664185921  537  512  512.702328045  17.1428737486  0.0414575585752
1.41664185921  537  533  533.646250966  17.5284129813  0.0429820542057
1.41664185921  537  555  554.555165652  16.6301258208  0.00524153925727
1.41664185921  537  576  575.862207089  18.0866049306  0.0122593527052
1.41664185921  537  598  597.590986007  18.6237620305  0.00602604614001
1.41664185921  537  620  619.634638164  20.5968017508  0.00343802026471
1.41664185921  536  642  642.174628205  24.7405299082  0.0199293956333
1.41664185921  536  666  665.234445749  26.2375625429  0.0040805103982
1.41664185921  536  689  689.19791741  31.3912477843  0.0302265033589
1.41664185921  536  714  713.651636593  31.0985223228  0.0318163183942
1.41664185921  535  738  738.547734725  28.8954047836  0.0343567217871
1.41664185921  535  763  763.194207166  25.2534431859  0.0130062211174
1.41664185921  534  787  788.065780956  21.608040879  0.0378056036108
1.41664185921  534  812  812.825856942  19.5916901783  0.030775192431
1.41664185921  533  838  837.829172488  16.5452057655  -0.00201989475368
1.41664185921  532  863  863.089458549  15.064133211  0.00367713866786
1.41664185921  532  888  888.815035622  14.3827349548  0.0222442556267
1.41664185921  531  915  914.572387223  12.9619951781  0.0169796815947
1.41664185921  530  941  941.077119504  12.3265317414  0.00487959215441
1.41664185921  529  968  967.876521573  12.3541909859  0.0156859250211
1.41664185921  528  995  995.002275034  11.9827652035  0.023568290977
1.57834185921  524  12  12.7972071101  0.0456325206159  10.4031254488
1.57834185921  524  28  27.8975630836  6.53772421162  -0.0144221415972
1.57834185921  525  44  44.5631827408  6.74634639742  0.00768648618399
1.57834185921  526  61  61.2711725902  6.910306544  -0.0187473074806
1.57834185921  526  78  78.1772098464  7.13319058957  -0.0154454961903
1.57834185921  527  95  95.1942625373  7.23511960064  -0.0154099977705
1.57834185921  528  112  112.303959526  7.41122250269  -0.000237056830443
1.57834185921  528  129  129.636815236  8.05217466993  0.0264238965432
1.57834185921  529  147  146.899635992  8.4407936397  0.00674244224235
1.57834185921  530  165  164.383460771  8.75895301246  -0.00494112100739
1.57834185921  530  182  182.100057356  10.0306371187  0.0169939817234
1.57834185921  531  200  199.858125633  11.098955722  0.0134085157561
1.57834185921  531  218  217.828149253  12.8339723863  0.00312569712643
1.57834185921  532  236  235.943143907  14.586958295  0.0110047502146
1.57834185921  532  255  254.263331451  17.1975050489  -0.00916398148395
1.57834185921  533  273  272.765254704  19.7069607897  0.00199075937111
1.57834185921  533  292  291.686678565  23.0598953422  0.00514119097616
1.57834185921  534  311  311.148513597  28.0944170305  0.00586010045079
1.57834185921  534  331  330.860539552  32.8490629424  0.0105317998381
1.57834185921  534  351  351.101793573  0.435484643179  0.0262804325585
1.57834185921  535  371  371.487171253  32.9513352656  0.0470426981113
1.57834185921  535  391  391.385273504  27.5685885568  0.0402169533092
1.57834185921  535  411  411.343311532  24.3942099987  0.0356972850258
1.57834185921  535  431  431.404506606  22.2054683481  0.0298770502015
1.57834185921  536  451  451.486494941  20.6938874392  0.0414596506173
1.57834185921  536  471  471.795355823  18.9099533331  0.0496498676431
1.57834185921  536  492  492.080390893  17.9919582468  0.0215451305086
1.57834185921  536  513  514.937481186  32.971538532  0.129041134699
1.57834185921  536  534  533.459106803  16.7253798357  0.00908482897413
1.57834185921  536  555  554.663574491  16.7214824851  0.00856803096875
1.57834185921  536  576  575.979174107  18.4085092606  0.0156869997362
1.57834185921  536  598  597.750594497  18.8111788598  0.00780510568364
1.57834185921  536  620  619.740874987  20.6739769155  0.0101879445905
1.57834185921  536  642  642.181508001  23.8776825303  0.0285986796207
1.57834185921  535  666  665.451388232  25.9998883594  0.00775241536343
1.57834185921  535  689  689.343081358  31.057340882  0.032183705746
1.57834185921  535  714  713.650687627  31.2585160203  0.0224892479916
1.57834185921  534  738  738.787493347  30.051256641  0.0391805955683
1.57834185921  534  762  763.774943164  28.0238804611  0.0559029699313
1.57834185921  533  788  788.041805831  22.2144415259  0.0199322145178
1.57834185921  533  812  813.008617638  19.6786809436  0.0314885986636
1.57834185921  532  838  837.977365975  16.5327708291  0.00161617131654
1.57834185921  532  862  863.286496793  15.8552599776  0.0307481690961
1.57834185921  531  888  889.056104043  14.5001054643  0.0239202674318
1.57834185921  530  915  914.670781815  12.9394609468  0.0172941708259
1.57834185921  529  941  941.222465682  12.2870529945  0.00468475405637
1.57834185921  528  968  968.002395028  12.3897126471  0.0186088464624
1.57834185921  527  995  995.184175969  11.9912266022  0.0276027550024
1.74004185921  523  11  11.5086910362  6.20342930529  0.0245154071293
1.74004185921  523  28  27.9490007314  6.64314869918  -0.0209444493303
1.74004185921  524  44  44.634231573  6.72439852161  0.0100440768406
1.74004185921  525  61  61.3331536385  6.98822844693  -0.0112367958309
1.74004185921  526  78  78.2211847749  6.9750385314  -0.0198209594207
1.74004185921  526  95  95.2391773285  7.35429406952  -0.0144876093975
1.74004185921  527  112  112.361570332  7.49119524592  0.00154964787455
1.74004185921  528  129  129.68696903  7.87857444609  0.0190662763576
1.74004185921  528  147  146.934950403  8.43525408815  0.00701312119391
1.74004185921  529  165  164.425244435  8.84157542038  0.000561332526489
1.74004185921  529  182  182.123438697  10.1540565193  0.0102683851351
1.74004185921  530  200  199.930626896  11.1320479832  0.0174899100861
1.74004185921  530  218  217.928707709  12.7053363115  0.0113371291271
1.74004185921  531  236  236.030071238  14.6411472387  0.0161422097112
1.74004185921  531  255  254.425465188  17.3449022335  -0.00922745021638
1.74004185921  532  274  275.905869723  0.150504179507  12.0448251071
1.74004185921  532  292  291.736033763  23.2761265337  0.00484004039947
1.74004185921  533  311  311.35888813  28.9741066248  0.0244308610571
1.74004185921  533  331  330.838153914  32.4025474506  0.00963656922658
1.74004185921  533  351  351.475752898  35.2835731012  0.0307463192061
1.74004185921  534  371  371.559605339  0.424937224087  0.0437860300519
1.74004185921  534  391  391.449547339  27.97761899  0.0429219282605
1.74004185921  534  411  411.39378053  24.0160403247  0.0371590765234
1.74004185921  535  431  431.38587543  21.9556815261  0.0365689228946
1.74004185921  535  451  451.636212968  0.256335407039  0.0455995755626
1.74004185921  535  471  471.792115034  18.8675704483  0.0463368140737
1.74004185921  535  492  492.225178011  17.7563866624  0.0222796806
1.74004185921  535  513  512.790780429  17.144421848  0.0170326911653
1.74004185921  535  533  533.740028209  17.5409295652  0.043261714699
1.74004185921  535  555  554.737782046  16.6230719788  0.0105754458265
1.74004185921  535  576  576.053635182  18.2992644749  0.0197545607532
1.74004185921  535  598  597.914730681  18.7954564637  0.0110717653576
1.74004185921  535  620  619.801729605  20.4574773147  0.0116458455418
1.74004185921  535  642  642.384758581  24.5576806416  0.0259954169875
1.74004185921  534  666  665.370859246  26.1911018015  0.00684133363508
1.74004185921  534  689  689.415247184  30.7651730839  0.0338576199413
1.74004185921  534  714  713.411665981  30.9225599036  0.0
1.74004185921  533  739  738.56943351  30.6668320031  0.0161397473371
1.74004185921  533  763  763.644753696  25.4274314196  0.0286773034804
1.74004185921  532  788  788.176911208  21.628896373  0.0118864395948
1.74004185921  532  812  813.08986412  0.234176780209  0.0297593105408
1.74004185921  531  837  838.280138686  17.2393141925  0.034418409592
1.74004185921  531  863  863.410138617  15.48886298  0.00999607836034
1.74004185921  530  889  889.091456254  14.3058959779  0.0107027148147
1.74004185921  529  915  914.819336687  12.9535567947  0.0193447625508
1.74004185921  528  941  941.393298592  12.3430394234  0.00730180543974
1.74004185921  527  968  968.129906191  12.355458147  0.0232488230855
1.74004185921  526  995  995.311768791  12.0945191255  0.0318513945965
1.90174185921  522  11  11.5103930568  6.18918399775  0.0204978404727
1.90174185921  522  28  27.9527633608  6.47768302974  -0.0145661664289
1.90174185921  523  45  44.6011478196  6.7513820122  -0.0351897868221
1.90174185921  524  61  61.3817468205  7.01963554519  -0.0103188169005
1.90174185921  525  78  78.2453766479  7.10583055397  -0.0154491192377
1.90174185921  525  95  95.2701535605  7.31341827558  -0.0167188456813
1.90174185921  526  112  112.414006751  7.72456676141  0.00791787653438
1.90174185921  527  130  129.61386979  7.77703888956  -0.0135286855256
1.90174185921  527  147  146.960400234  8.18847615419  0.00536056841776
1.90174185921  528  164  164.551638543  9.12901728816  0.0297580701003
1.90174185921  528  182  182.130174517  10.0196977664  0.0188762856608
1.90174185921  529  200  199.962233327  11.0092181174  0.0153854221016
1.90174185921  530  218  217.965165093  12.5147210755  0.0131741709317
1.90174185921  530  236  236.070081819  14.6177738553  0.0125377938669
1.90174185921  531  255  254.340398691  17.0147926903  -0.00992958736057
1.90174185921  531  273  272.963222535  19.9243829188  0.0106839847936
1.90174185921  531  292  291.931767349  25.6731286666  -0.00226749256295
1.90174185921  532  312  311.125540644  27.9738894163  -0.010312680464
1.90174185921  532  331  331.00946298  33.3519592749  0.0122230815955
1.90174185921  533  351  351.05998895  33.3758365539  0.0239281171177
1.90174185921  533  370  371.903730136  0.767019437587  0.0747710229978
1.90174185921  533  391  391.479830151  27.6523804557  0.0448750722836
1.90174185921  533  411  411.650361977  24.7383786703  0.042388911931
1.90174185921  534  431  431.539278936  22.1385865445  0.0437818385391
1.90174185921  534  451  451.71085474  20.0583611817  0.0469175415675
1.90174185921  534  471  472.001524103  19.9748705093  0.0556545492463
1.90174185921  534  493  493.298028542  0.409940338814  -7.03224889274
1.90174185921  534  513  512.935292569  17.0497073041  0.0221364446915
1.90174185921  534  534  533.716541497  16.6617036975  0.0119513041095
1.90174185921  534  555  554.835220262  16.8021434534  0.013543239755
1.90174185921  534  576  576.118584485  18.178814252  0.0192674823778
1.90174185921  534  598  597.973381256  18.9243085761  0.0158366939964
1.90174185921  534  620  619.841574605  20.3311451216  0.0123391958151
1.90174185921  534  642  642.459968836  24.4381309078  0.0283462771626
1.90174185921  534  666  665.276117709  27.7013494687  0.00596088419754
1.90174185921  533  690  689.237242114  30.3021876359  0.00660485878467
1.90174185921  533  714  713.933119946  31.47774325  0.0235548128827
1.90174185921  532  739  738.762901994  29.3206879555  0.0126990830062
1.90174185921  532  764  763.572787299  24.6523088351  0.00584572790759
1.90174185921  532  788  788.07948647  21.783152817  0.0143780372631
1.90174185921  531  812  813.340700051  20.1077153495  0.0380959135781
1.90174185921  530  838  838.122912867  16.545547046  0.00302158162248
1.90174185921  530  863  863.482840704  15.372701996  0.0161528799803
1.90174185921  529  889  889.222155936  14.2742131897  0.0115705857582
1.90174185921  528  915  915.054193622  12.8854393128  0.0224920780645
1.90174185921  527  941  941.518454321  12.2721766704  0.0101067422612
1.90174185921  526  968  968.280938225  12.3893643365  0.0214828656847
1.90174185921  525  995  995.490553901  12.332414774  0.0370610227734
2.06344185921  521  11  11.604187213  6.22465394022  0.0310894448919
2.06344185921  522  28  28.018628818  6.4020978776  -0.0172595661171
2.06344185921  522  45  44.6534761143  6.69978838079  -0.0309953625278
2.06344185921  523  61  61.4207842594  7.00711017265  -0.00919852001778
2.06344185921  524  78  78.2746345096  7.0917089628  -0.0208168319111
2.06344185921  524  95  95.2698536278  7.16716120374  -0.00756026161427
2.06344185921  525  112  112.447545782  7.63796171973  0.00834066077262
2.06344185921  526  130  129.638460066  7.77163411294  -0.0113370999057
2.06344185921  526  147  147.019067836  8.43681553012  0.0125478376076
2.06344185921  527  165  164.540783984  8.90291834185  0.000530015836594
2.06344185921  528  182  182.230704192  9.95680393052  0.0177154969314
2.06344185921  528  200  200.021737818  11.1776710756  0.0121131344447
2.06344185921  529  218  217.946501423  12.7311038249  0.0162520836668
2.06344185921  529  236  236.122433048  14.6781414926  0.0124674474524
2.06344185921  530  255  254.379910039  16.9117602405  -0.0124523404161
2.06344185921  530  273  273.085835428  20.3336381219  0.0146006311462
2.06344185921  531  292  291.951327121  24.097499578  0.0197477377583
2.06344185921  531  311  311.311413336  30.0492573453  0.0298971537115
2.06344185921  531  331  331.256221263  0.416256210216  0.015986635011
2.06344185921  532  351  351.294802216  34.9098385235  0.0300050576572
2.06344185921  532  371  371.818136786  0.434592209114  0.0443797091187
2.06344185921  532  391  391.554781602  28.0590744173  0.045317855094
2.06344185921  533  411  411.479755939  24.8068909217  0.0437961253761
2.06344185921  533  431  431.633756349  22.2808108049  0.0465496429794
2.06344185921  533  451  451.843556868  20.1636973525  0.0480023337517
2.06344185921  533  472  471.757458434  18.4405285459  0.0173994369282
2.06344185921  533  492  492.441297467  17.7616031188  0.0368655473325
2.06344185921  533  513  513.007939223  16.898117819  0.0249971111294
2.06344185921  533  533  533.991062164  17.8426601963  0.0464349569923
2.06344185921  533  555  554.94296395  16.9488422338  0.0190267584897
2.06344185921  533  576  576.244468067  18.181584837  0.0247668473414
2.06344185921  533  598  598.003040771  19.17939005  0.0200596727471
2.06344185921  533  620  620.080080135  20.5696571963  0.0169162467361
2.06344185921  533  643  642.544458247  22.8205735054  0.00656827622189
2.06344185921  533  666  665.503042818  28.6132828996  0.000704380793742
2.06344185921  532  690  689.509673682  0.375521859549  0.0172264393033
2.06344185921  532  714  714.160856006  32.2645746585  0.0350299575856
2.06344185921  532  739  738.971259444  0.354552191886  0.018088442802
2.06344185921  531  763  763.878273259  25.2109022101  0.0399420548998
2.06344185921  531  788  788.416671584  22.2922047168  0.0165766325282
2.06344185921  530  813  813.188407555  18.9465306554  0.00981821607873
2.06344185921  529  838  838.211951096  16.7295675337  0.00743950075233
2.06344185921  529  863  863.71306143  15.7101306708  0.0169024663028
2.06344185921  528  889  889.33498403  14.4557696837  0.0176657527815
2.06344185921  527  915  915.212684935  12.7784096204  0.0289647061362
2.06344185921  526  942  941.634611509  12.2737715879  -0.00407503872382
2.06344185921  525  969  968.363838226  12.5039447853  0.0150343953614
2.06344185921  524  995  995.580003564  12.3181928155  0.034515143385
