# Band 2C   Etalon 1A   Slice 9
# Distortion map version 06.04.00 - date 2018-10-09
# Trace (isoalpha): Take pixel trace along specified slice, specified alpha position trace is built by taking the pixel in every detector row with alpha value closest to the one specified 
# xpos[i] = np.argmin(alpha_img[i,:])+funcs.find_nearest(alpha_img[i,:][(slice_img[i,:]!=0)],alpha_pos)
#    alpha       x  y      center         FWHM          skewness
0.0  976  3  2.90175298325  4.95793522854  -0.224765817922
0.0  977  19  18.8122555637  5.31492071051  -0.0195369362525
0.0  978  34  34.4653414329  5.67719309433  0.0114858590235
0.0  979  50  50.0864468144  5.9654408827  -0.0102409792311
0.0  979  66  65.8679863163  6.1372113836  -0.0266869685998
0.0  980  82  81.9040107159  6.20489771043  -0.012102226509
0.0  981  98  98.0698512177  6.50016035781  0.000113574137621
0.0  982  114  114.277720912  6.91219815025  0.0160860099858
0.0  982  130  130.583430176  7.22025371997  0.0319672088499
0.0  983  147  147.106656183  7.82206865701  0.0204397254267
0.0  984  164  163.035671671  18.8541569979  -99.6304000277
0.0  984  181  180.410613496  9.84412785967  -0.00811723052373
0.0  985  198  197.533722145  11.4406513102  -0.00557599863395
0.0  985  215  214.812908181  13.1501234123  0.00887201469312
0.0  986  232  232.415521716  16.1675288532  0.0291601399694
0.0  987  250  250.238807196  17.6428978706  0.0193458670003
0.0  987  268  268.316323262  18.6737087337  0.0140414811876
0.0  988  286  286.465884803  18.5610067739  0.0205083296238
0.0  988  304  304.595678244  18.6800198966  0.0252604737263
0.0  988  322  322.80243958  17.8214087685  0.0366137243471
0.0  989  341  340.89503186  17.8067436976  0.00319208744416
0.0  989  359  359.124481388  17.7119431232  0.0215562899723
0.0  990  378  377.462375977  17.5495599146  -0.00578329849551
0.0  990  396  395.896122019  17.7561395469  0.0159555822171
0.0  990  414  414.61988755  17.9053335484  0.0490775837061
0.0  990  433  433.332620463  19.9627693942  0.0373910521456
0.0  991  453  451.969470684  19.4681429583  -0.00660051219374
0.0  991  472  471.299757819  19.8207530012  0.000493423957756
0.0  991  491  490.744012552  22.6092566183  0.0190010859547
0.0  991  511  510.287974372  23.692687197  -0.00495682141692
0.0  991  531  530.359949514  25.3642790083  -0.00167509045339
0.0  991  551  551.083794946  28.0439118415  0.0220322380282
0.0  991  573  571.801418204  29.7712378855  -0.012707384604
0.0  991  593  593.676697261  0.459606562338  0.041744661588
0.0  991  616  615.946430562  34.3912637369  0.0311013651301
0.0  990  638  638.493888641  31.9420858563  0.0474580540263
0.0  990  661  660.482685195  25.4793972837  0.0139105752683
0.0  990  683  683.148154335  22.1343533236  0.0301879221271
0.0  990  705  705.847740483  19.0671044905  0.0499198410608
0.0  989  728  728.426597855  17.7779167314  0.0283766168968
0.0  989  751  751.558003757  15.9145738043  0.0287367186039
0.0  988  774  774.84669009  0.186180954232  0.0346367709791
0.0  988  798  798.383205576  14.0215537479  0.029829280546
0.0  987  822  822.226272062  13.0733630163  0.0193878079673
0.0  986  846  846.506310276  12.6730884067  0.0222795538855
0.0  985  871  871.151703046  12.5554631014  0.0167652384851
0.0  985  896  895.949522005  12.732951066  0.0248288199168
0.0  984  922  922.308133566  0.36197068638  -6.03653064446
0.0  983  947  947.046913376  12.712554076  0.0199951896907
0.0  982  973  972.974009963  12.9454728152  0.0242363821879
0.0  980  1000  1000.312408  0.36998229182  -5.89904969124
-1.86865047081  985  5  4.72393276944  4.67588014702  -0.204423208506
-1.86865047081  986  20  20.242369514  6.16254091736  0.0325937782161
-1.86865047081  986  36  35.6667175374  4.87824574526  0.00817154407731
-1.86865047081  987  51  51.5226685957  5.57837773703  0.00637987909962
-1.86865047081  988  67  67.3528967108  5.88129734637  -0.0396719629036
-1.86865047081  989  83  83.3777167165  6.17341384123  -0.00399789298108
-1.86865047081  990  99  99.1947928346  7.64175353263  0.0301183006838
-1.86865047081  990  116  115.575730674  6.40884077308  0.0142683132177
-1.86865047081  991  132  131.898195274  7.21725899397  -0.0181762951017
-1.86865047081  992  149  148.54322053  8.69698204717  0.0212416204591
-1.86865047081  992  165  165.003136708  7.72236329891  0.0805297435048
-1.86865047081  993  182  181.879855011  10.1255777288  -0.0201421599579
-1.86865047081  994  199  198.83500721  15.9987367907  0.0662617474449
-1.86865047081  994  216  216.26895184  14.0204822988  -0.0018690818503
-1.86865047081  995  234  234.376221946  16.7533982821  0.000176594026712
-1.86865047081  995  252  251.821459531  14.6572835217  0.0639946233528
-1.86865047081  996  270  269.787722793  16.8129401059  -0.0651978636397
-1.86865047081  996  287  288.087596748  16.2753477752  0.073217823684
-1.86865047081  997  305  306.108586353  16.4528787022  -0.000575765460693
-1.86865047081  997  323  324.138610568  17.3891835258  0.0209267386145
-1.86865047081  998  342  341.512580827  0.608631575063  0.087968709037
-1.86865047081  998  360  360.459412345  16.470164112  -0.00191382035231
-1.86865047081  998  379  378.611478563  17.1518708057  -0.00968085280857
-1.86865047081  999  397  396.583607174  0.771598098749  0.0762986428561
-1.86865047081  999  416  415.594979234  18.1709996512  -0.0130724774995
-1.86865047081  999  435  435.28097808  0.331492535306  -7.61329876048
-1.86865047081  999  453  453.171349519  19.5316840836  0.017385513304
-1.86865047081  999  472  472.478769599  17.6786653442  0.0561535238127
-1.86865047081  999  485  530.036337096  538.886583476  16.3870242845
-1.86865047081  1000  512  511.397735945  26.3210999224  -0.00270259030421
-1.86865047081  1000  532  531.463448686  28.3309904578  0.00834145228735
-1.86865047081  1000  552  552.047443699  32.0069189305  0.0294361904226
-1.86865047081  1000  574  572.367492671  40.5937793548  -0.00417514405877
-1.86865047081  999  601  609.355397307  1.13319874885  0.0477110418438
-1.86865047081  999  618  616.315464227  32.0676516963  -0.000189778461681
-1.86865047081  999  638  639.112537013  35.152543979  0.073846254092
-1.86865047081  999  661  661.760024465  0.8128453155  0.0919736840993
-1.86865047081  999  683  683.944684227  0.68095578824  0.107464945754
-1.86865047081  998  706  706.368830077  19.2140450374  0.0495976371231
-1.86865047081  998  728  729.232698381  19.1937210069  0.0904684775185
-1.86865047081  997  752  752.860169994  11.9043530509  -0.0234065489149
-1.86865047081  997  775  775.247943138  14.954108734  0.0577780917246
-1.86865047081  996  799  798.770248714  11.8828342764  -0.0412286206165
-1.86865047081  996  823  822.501278329  16.8265453536  -0.0361588548466
-1.86865047081  995  847  847.004232326  12.7219024187  0.0583856894822
-1.86865047081  994  872  872.302525119  0.395415528622  -6.03809469215
-1.86865047081  993  896  896.45654107  10.6814375266  -0.00152889202677
-1.86865047081  992  922  922.009104092  10.2664477338  -0.0280653682929
-1.86865047081  991  948  947.501945996  10.5052476427  -0.0156256965357
-1.86865047081  990  974  973.280543316  11.1467075567  0.000367097799604
-1.86865047081  989  1000  1000.29618224  0.349235592526  -6.30948182698
-1.67461047081  984  5  4.49131511169  4.6552298489  -0.194075784064
-1.67461047081  985  20  20.1988325788  5.51309704253  0.0142286003163
-1.67461047081  986  36  35.5883418757  5.71853775126  -0.031042934517
-1.67461047081  986  51  51.3202952893  5.74086471198  -6.99634767282e-05
-1.67461047081  987  67  67.1784206874  5.96229498866  -0.0154861070774
-1.67461047081  988  83  83.1694490934  6.15760159488  -0.0152211779355
-1.67461047081  989  99  99.3414832073  6.68245964424  0.0221812064145
-1.67461047081  989  115  115.412025576  6.6715745103  0.0197970634843
-1.67461047081  990  132  131.752018513  7.21591174412  -0.00217818046645
-1.67461047081  991  148  148.332315379  7.85432885836  0.0302893351923
-1.67461047081  991  165  164.789639052  8.60391117341  0.0177072773327
-1.67461047081  992  182  181.645267889  9.89759530411  -0.00524703318168
-1.67461047081  993  199  198.758470851  12.0562389491  0.0195534823543
-1.67461047081  993  216  215.954451959  13.1284525719  0.0224825273573
-1.67461047081  994  233  233.71779499  16.1030719348  0.0294029994571
-1.67461047081  994  251  251.241852552  0.205152791488  0.0339883459823
-1.67461047081  995  269  269.565202829  18.5748394923  0.0162166205559
-1.67461047081  995  287  287.399329602  0.215028870125  0.0312150782215
-1.67461047081  996  305  305.811949494  18.0179734749  0.0226375552651
-1.67461047081  996  323  323.939698494  17.7777897761  0.0364098581338
-1.67461047081  997  342  342.040123434  17.3815203688  -0.00169356010918
-1.67461047081  997  360  360.228996665  17.1052946327  0.0153962817023
-1.67461047081  997  378  378.728802947  16.9959374601  0.0536367846791
-1.67461047081  998  397  397.020022834  17.3292724793  0.00768071022241
-1.67461047081  998  415  -15898.0700323  67088.007569  -0.115357694099
-1.67461047081  998  435  435.30316014  0.329804113334  -7.27757439311
-1.67461047081  998  453  453.235286918  18.160692301  0.0388846675327
-1.67461047081  998  470  471.962770064  0.645309486793  0.0905818938461
-1.67461047081  999  492  491.716108559  20.9221109355  0.0184031258047
-1.67461047081  999  511  511.438470496  24.5477419433  0.0389898743274
-1.67461047081  999  531  531.587247893  28.6168171616  0.0368147912855
-1.67461047081  999  553  551.528358658  27.9937289261  -0.0262491678624
-1.67461047081  999  573  572.840157573  30.7869151767  0.0257745214866
-1.67461047081  999  594  594.758522651  0.61695411367  0.0507820191137
-1.67461047081  998  618  618.100059522  30.8593815872  0.0225787142341
-1.67461047081  998  639  639.085682634  30.5637625186  0.0362435754718
-1.67461047081  998  661  661.771707716  26.4798964326  0.0560717340803
-1.67461047081  998  683  684.305588863  23.2078563992  0.07390066641
-1.67461047081  997  706  706.50765826  18.189562505  0.0129277358687
-1.67461047081  997  728  729.384941439  18.8742408046  0.0638718842592
-1.67461047081  997  752  752.55548117  16.6958142106  0.0254118707811
-1.67461047081  996  775  775.434895069  15.2804029956  0.0313983327541
-1.67461047081  995  799  799.291026656  13.2424083551  0.0150002959504
-1.67461047081  995  823  822.830612972  13.2816315101  0.0183022848975
-1.67461047081  994  847  847.199777378  12.9359883735  0.0256297135561
-1.67461047081  993  872  871.793023301  12.2255595822  0.00647863363875
-1.67461047081  992  897  896.773480868  11.540655565  0.0132882167125
-1.67461047081  991  922  922.383674592  11.9740920076  0.0183930863442
-1.67461047081  990  948  947.867440941  12.1478532776  0.0176383108944
-1.67461047081  989  974  973.614350208  12.0670403104  0.0135360775049
-1.67461047081  988  1000  1000.0128037  12.4764503098  0.0285942270431
-1.48057047081  983  5  4.31274450902  0.0581347223931  -0.197319890931
-1.48057047081  984  20  19.9715994403  5.41163440367  -0.0112851249983
-1.48057047081  985  36  35.5213391981  5.53132555605  -0.0246687136209
-1.48057047081  985  51  51.180390466  5.92793949274  -0.0173784266752
-1.48057047081  986  67  66.9950170514  6.00062081894  -0.0163540002354
-1.48057047081  987  83  83.0007309389  6.19716271856  -0.0132780342194
-1.48057047081  988  99  99.1499663976  6.46316073936  -0.00176203242702
-1.48057047081  988  115  115.249684497  6.78864530396  0.0110711508735
-1.48057047081  989  132  131.58406103  7.25311563751  -0.00276893464916
-1.48057047081  990  148  148.143535066  7.82834558489  0.0195369658665
-1.48057047081  991  165  164.679457775  8.90950532577  0.00783340540651
-1.48057047081  991  182  181.459269007  9.96096413771  -0.00447986797421
-1.48057047081  992  199  198.557665187  11.4123290433  -0.00356263035042
-1.48057047081  992  216  215.765092258  13.0158493219  0.0153856833507
-1.48057047081  993  233  233.491081884  16.152586647  0.0251182656252
-1.48057047081  994  251  251.143241503  17.7684325324  0.0165742919375
-1.48057047081  994  269  269.192433219  17.2228131325  0.0024109283426
-1.48057047081  994  286  287.571738247  0.252189499885  0.074501597205
-1.48057047081  995  305  305.556749008  18.2129854637  0.0178512277844
-1.48057047081  995  323  323.647722746  0.215208150525  0.0298853033798
-1.48057047081  996  342  341.771155032  17.5735490677  -0.00386310770505
-1.48057047081  996  360  360.04854203  17.4941162288  0.0176622235235
-1.48057047081  996  378  378.219291022  17.1971531771  0.0281005768664
-1.48057047081  997  397  396.790305194  17.5494734415  0.00996728691686
-1.48057047081  997  416  416.314253549  0.107518625696  -7.19821915714
-1.48057047081  997  434  434.224955784  18.4677347888  0.0328554355193
-1.48057047081  997  453  453.028249969  19.1919954335  0.0332632112322
-1.48057047081  998  472  472.402190598  21.353117883  0.0367680213986
-1.48057047081  998  492  491.598846452  20.4618089271  0.0140042709288
-1.48057047081  998  511  511.30625334  24.3347275357  0.0332374908178
-1.48057047081  998  531  531.408683278  25.9046799885  0.0335567719183
-1.48057047081  998  552  551.776405057  27.6967118025  0.0126301593882
-1.48057047081  998  573  572.933083898  32.3183036519  0.0269862975252
-1.48057047081  998  595  594.31031556  33.2926513016  0.00745857486659
-1.48057047081  998  618  616.282201402  31.8433069643  -0.0163192448112
-1.48057047081  997  639  638.706767311  29.9072565369  0.0240712405303
-1.48057047081  997  661  661.667368066  25.8592053389  0.0469083529139
-1.48057047081  997  684  683.866428946  22.076426812  0.0288051185709
-1.48057047081  997  706  706.586023563  19.844037262  0.0307338137349
-1.48057047081  996  729  729.036476701  17.4616660894  0.024986225064
-1.48057047081  996  752  752.084756093  15.785538011  0.0185088477346
-1.48057047081  995  775  775.39865155  15.1044056277  0.0264734974668
-1.48057047081  995  799  799.151921071  14.1710832227  0.0182459471849
-1.48057047081  994  823  822.851503498  13.3621304355  0.0174382952478
-1.48057047081  993  847  847.151529952  12.8793780094  0.0208553382477
-1.48057047081  992  872  871.787971969  12.2113470871  0.00610726893095
-1.48057047081  991  897  896.736120003  12.1525171744  0.0269905189619
-1.48057047081  991  922  922.182453836  12.5550141979  0.0125155070711
-1.48057047081  989  948  947.654995946  12.7977479458  0.0195175518444
-1.48057047081  988  974  973.649595563  12.3198854169  0.0166557168205
-1.48057047081  987  1000  1000.01654979  12.6580380486  0.0252953854669
-1.28653047081  982  4  4.16699093498  0.0603611102412  -0.148002562857
-1.28653047081  983  20  19.7677577144  5.28225335443  -0.0225834718098
-1.28653047081  984  35  35.411420419  5.56040305112  0.000195573133738
-1.28653047081  985  51  50.9891384617  5.89690900821  -0.0177408556018
-1.28653047081  985  67  66.8368002147  6.17617217502  -0.0279336480021
-1.28653047081  986  83  82.8447513476  6.2384614301  -0.0188621930848
-1.28653047081  987  99  98.9646486128  6.40861321471  -0.00633808254972
-1.28653047081  988  115  115.188567716  6.79191912499  0.0116216404227
-1.28653047081  988  131  131.467911015  7.23145168471  0.0245145591795
-1.28653047081  989  148  147.997340967  7.77897526675  0.0190902383266
-1.28653047081  990  165  164.611444242  8.83030801859  0.00556514691255
-1.28653047081  990  181  181.422997035  10.4616277212  0.0314054570513
-1.28653047081  991  199  198.388688757  11.5702864785  -0.00788802356181
-1.28653047081  992  216  215.635269811  13.2101479396  0.00456690373898
-1.28653047081  992  233  233.244187252  16.0834709034  0.0181311915233
-1.28653047081  993  251  251.069267247  17.8785488027  0.016848110576
-1.28653047081  993  269  269.126754658  18.5247468011  0.00429702539074
-1.28653047081  994  287  287.323774087  18.4517109136  0.0163603884983
-1.28653047081  994  305  305.375037798  18.3530871756  0.0142987924449
-1.28653047081  994  323  323.451372349  18.1018050057  0.0227145536273
-1.28653047081  995  341  341.520159354  16.9674947902  0.128835095959
-1.28653047081  995  360  359.923091909  17.6095249093  0.013507336429
-1.28653047081  996  378  378.35240953  17.3684317675  0.0283952405512
-1.28653047081  996  397  396.29164128  0.326528980477  -8.25720073116
-1.28653047081  996  415  415.364013976  17.9335836524  0.0368912165903
-1.28653047081  996  434  433.994184901  18.6147274486  0.0222711898922
-1.28653047081  997  453  452.987632637  19.8013009583  0.0368685376057
-1.28653047081  997  472  472.225819107  20.0417444579  0.0347694737203
-1.28653047081  997  491  491.704195703  21.9449209948  0.0500558518148
-1.28653047081  997  511  511.143475228  24.040518058  0.0272521242734
-1.28653047081  997  532  531.287279254  0.304269114812  -8.72901432998
-1.28653047081  997  552  551.659917003  27.2653775265  0.00981313201341
-1.28653047081  997  573  572.775485251  32.0632313863  0.0233237252157
-1.28653047081  997  595  594.382890005  32.2803210996  0.00440091552741
-1.28653047081  997  617  616.406887837  33.4937494033  0.0187953597167
-1.28653047081  997  639  639.010826537  30.716298987  0.0334448386202
-1.28653047081  996  661  661.427667999  26.1068559483  0.0386246618815
-1.28653047081  996  684  683.704287262  22.1110276519  0.0221478677563
-1.28653047081  996  706  706.346030535  19.6091769417  0.0304165380557
-1.28653047081  995  729  729.024220034  17.1875329999  0.0236603262671
-1.28653047081  995  752  752.001131161  16.3872501049  0.0207583506868
-1.28653047081  994  776  775.141451488  14.4595602318  -0.00110051175056
-1.28653047081  994  799  798.943209601  14.1641698941  0.0190701055484
-1.28653047081  993  823  822.769009335  13.3342422207  0.0113887172207
-1.28653047081  992  847  847.027684483  12.6647422043  0.0131027297129
-1.28653047081  991  871  871.789286482  12.9975009275  0.0309207121604
-1.28653047081  991  897  896.523499911  12.2464646002  0.0199149829464
-1.28653047081  990  922  921.942477793  12.5034006145  0.00670623007705
-1.28653047081  989  948  947.505112791  12.8621270407  0.00793876439256
-1.28653047081  987  974  974.308458463  0.366921677234  -5.99207995949
-1.28653047081  986  1000  999.939173159  12.4678632074  0.0153301111215
-1.09249047081  981  4  4.01396104872  5.03828786129  -0.146502779685
-1.09249047081  982  20  19.5897054737  5.2858970412  -0.0272022195251
-1.09249047081  983  35  35.2376711266  5.60433131312  -0.0024948195357
-1.09249047081  984  51  50.9402967311  5.87752521958  -0.0154313498979
-1.09249047081  984  67  66.6853673578  6.13161238046  -0.0244350335397
-1.09249047081  985  83  82.6592784023  6.18028460214  -0.0266409692592
-1.09249047081  986  99  98.774597998  6.40804511565  -0.0134935271207
-1.09249047081  987  115  115.066619846  6.77755637526  0.0141269110894
-1.09249047081  987  131  131.367936679  7.37435325062  0.0128284373517
-1.09249047081  988  148  147.823391219  7.80836864059  0.0124743936758
-1.09249047081  989  164  164.587356514  8.77817884307  0.0444122317519
-1.09249047081  989  181  181.296921439  10.1058969465  0.0254212823521
-1.09249047081  990  198  198.352920778  11.4939366793  0.0372015861109
-1.09249047081  991  215  215.686227697  14.1203998097  0.0477611516748
-1.09249047081  991  233  233.090259179  16.1125032593  0.0127281389946
-1.09249047081  992  251  251.000914113  17.4875310012  0.00430079138258
-1.09249047081  992  269  268.937463936  18.4340796619  -0.00142425340471
-1.09249047081  993  287  287.207603539  18.4402671276  0.0106182678442
-1.09249047081  993  305  305.166431983  18.5783819147  0.00513113927025
-1.09249047081  994  323  323.422047211  17.9376679969  0.0205293850971
-1.09249047081  994  342  341.450464039  17.9369568623  -0.0119364925355
-1.09249047081  994  360  359.818416267  17.5397779128  0.00754242500747
-1.09249047081  995  378  378.212555844  17.3224006187  0.0203839098621
-1.09249047081  995  396  396.665593349  17.6904341295  0.0415136992072
-1.09249047081  995  415  415.156236518  18.088938755  0.0271625897341
-1.09249047081  995  434  433.89340093  18.8576787892  0.0170132185937
-1.09249047081  996  453  452.810155115  19.7745287059  0.0184041315655
-1.09249047081  996  472  471.988728429  20.2010711208  0.0217978351771
-1.09249047081  996  491  491.412564083  22.3618084159  0.0397763605918
-1.09249047081  996  511  511.0876539  23.5293160866  0.0258160689132
-1.09249047081  996  531  531.159402651  25.4383548252  0.0255502526069
-1.09249047081  996  552  551.572963914  27.1505605095  0.0103831741772
-1.09249047081  996  573  572.424080968  31.922681894  0.00583362997727
-1.09249047081  996  595  594.170237529  33.7151141615  0.00124561621744
-1.09249047081  996  617  616.236388459  34.3390969561  0.0136451142416
-1.09249047081  996  639  638.683601189  30.7714284789  0.0272413936277
-1.09249047081  995  661  661.455046847  26.6161331319  0.0449307771606
-1.09249047081  995  684  683.525349511  21.8229403703  0.0156047071002
-1.09249047081  995  706  706.234012749  19.6330213332  0.0245846479334
-1.09249047081  994  729  728.838117424  17.3383162652  0.0161087075313
-1.09249047081  994  752  751.880556621  15.9364255612  0.0129489653241
-1.09249047081  993  775  775.24321042  14.9997482737  0.022928476247
-1.09249047081  993  799  798.823576457  13.9500178204  0.012714492302
-1.09249047081  992  823  822.700023576  13.2697472784  0.0123312495575
-1.09249047081  991  847  846.901636915  12.7116787372  0.015019222543
-1.09249047081  991  871  871.682810924  12.6355626355  0.0267074292193
-1.09249047081  990  896  896.524797023  12.5886217902  0.0402413592785
-1.09249047081  989  922  921.829007064  12.4995017419  0.00235198646899
-1.09249047081  988  948  948.298769081  0.367081491617  -6.13529000168
-1.09249047081  987  974  974.305114229  0.37947589436  -5.95290223587
-1.09249047081  985  1000  999.873271726  12.6795445937  0.0209134851223
-0.898450470807  980  4  3.7855299314  5.06942431857  -0.142378418589
-0.898450470807  981  19  19.4835559951  5.40123558811  0.0154106995286
-0.898450470807  982  35  35.0835016529  5.6440010964  -0.00689069503879
-0.898450470807  983  51  50.8074728903  5.84897429223  -0.0191036149632
-0.898450470807  984  67  66.5784611265  6.01089522059  -0.0346731742562
-0.898450470807  984  82  82.541499083  6.2173163392  0.00245405261531
-0.898450470807  985  99  98.6177910088  6.48901204421  -0.0183191631348
-0.898450470807  986  115  114.886854801  6.78527232538  -0.00133303474704
-0.898450470807  986  131  131.204917029  7.29063656171  0.0160491708802
-0.898450470807  987  148  147.681031678  7.8748455766  0.00916757315637
-0.898450470807  988  164  164.377976506  8.65521085  0.0305684745695
-0.898450470807  988  181  181.1364267  10.0393955306  0.0266414114009
-0.898450470807  989  198  198.155561347  11.3988237776  0.0271246894248
-0.898450470807  990  215  215.563279891  0.170047623147  0.0393608812191
-0.898450470807  990  233  232.921215408  15.8433109163  0.00467724389086
-0.898450470807  991  251  250.842519354  17.5009755036  -0.00246520129275
-0.898450470807  991  269  268.673198585  18.8096021123  -0.0142097759796
-0.898450470807  992  287  286.903128556  18.4428722491  -0.000290364915388
-0.898450470807  992  305  304.90661069  17.2914987649  -0.0172478248091
-0.898450470807  993  322  323.721892631  19.8643340441  0.0841832230727
-0.898450470807  993  342  342.283893212  0.402962905446  -7.34524998829
-0.898450470807  993  359  359.927537922  17.9001479156  0.0457205020152
-0.898450470807  994  378  378.171261103  17.4931510138  0.018641228697
-0.898450470807  994  396  396.574779641  17.5196082058  0.0414682059165
-0.898450470807  994  415  414.984832027  18.2231233548  0.0245917366279
-0.898450470807  995  434  433.875916851  0.229257698388  0.0276942355621
-0.898450470807  995  453  452.263458142  0.347986519951  -8.60643071003
-0.898450470807  995  472  471.730512904  19.9051438633  0.0104690204374
-0.898450470807  995  491  491.311308977  22.2659932291  0.0357249769921
-0.898450470807  995  511  510.860448296  23.6542939323  0.0185513053345
-0.898450470807  995  531  530.927489786  0.31538672935  0.0220835878653
-0.898450470807  995  552  551.309027368  26.7935555422  0.0046873338005
-0.898450470807  995  573  572.371102202  31.6134982955  0.00076075779701
-0.898450470807  995  595  593.909762928  33.8388541601  -0.0114154626379
-0.898450470807  995  617  616.095007141  35.3063998687  0.0114583468488
-0.898450470807  995  639  638.709941233  30.3230457343  0.0235094664455
-0.898450470807  994  662  662.310041388  0.279745069725  -7.73300967357
-0.898450470807  994  683  683.609191  22.5679920499  0.0438872996632
-0.898450470807  994  706  706.047360104  19.4322130526  0.0222260069029
-0.898450470807  993  729  728.773627942  17.4866373043  0.0165198909312
-0.898450470807  993  751  752.000332058  16.4415933436  0.0401383453552
-0.898450470807  992  775  775.163055949  14.2931417132  0.0149848594626
-0.898450470807  992  798  798.797041167  14.1479440086  0.0315900466736
-0.898450470807  991  822  822.692274249  13.4609861009  0.029347621169
-0.898450470807  990  847  846.90315335  12.7147194436  0.0119314903306
-0.898450470807  990  871  871.603608702  12.5769959437  0.0287832952881
-0.898450470807  989  896  896.416877293  12.6825869719  0.0326400088461
-0.898450470807  988  922  921.745642539  12.3839337429  0.00442681982187
-0.898450470807  987  948  947.375914789  12.8760204906  0.00944230077495
-0.898450470807  986  974  974.291596923  0.37322339275  -5.8218985127
-0.898450470807  984  1000  999.76396237  12.8101196593  0.0171145476311
-0.704410470807  979  4  3.53713146036  5.25314845173  -0.16726068607
-0.704410470807  980  19  19.3060142981  5.3986406674  0.00787615856961
-0.704410470807  981  35  34.9012520222  5.62258903171  -0.0179677894336
-0.704410470807  982  51  50.6186529999  5.65788205149  -0.0358661882471
-0.704410470807  983  66  66.5168888908  6.17620805035  0.0133666015019
-0.704410470807  983  82  82.4084625188  6.34842175961  -0.0113099476833
-0.704410470807  984  99  98.480578239  6.44496084345  -0.0190818845458
-0.704410470807  985  115  114.751288923  6.81940402068  -0.0021452021815
-0.704410470807  986  131  131.123609516  7.32816847363  0.0136466110508
-0.704410470807  986  148  147.517418711  7.80948582167  0.00231388151694
-0.704410470807  987  164  164.201261776  8.69669986641  0.0294272045735
-0.704410470807  988  181  181.07971816  9.90659105666  0.0202695205871
-0.704410470807  988  198  198.026224041  11.4026368208  0.0199668970363
-0.704410470807  989  215  215.327352155  14.103729518  0.0310471582739
-0.704410470807  989  233  232.668158401  16.1428695387  -0.00981458141105
-0.704410470807  990  251  250.633490665  16.2904976447  -0.014785669824
-0.704410470807  990  268  268.782435652  18.6601146588  0.036701096027
-0.704410470807  991  287  286.83284092  18.5389562973  -0.00332947620137
-0.704410470807  991  305  304.773294082  18.4829665083  -0.0151749299389
-0.704410470807  992  323  323.144818335  17.8703119094  0.0104198946447
-0.704410470807  992  341  341.366168443  18.0927503762  0.0225585932646
-0.704410470807  993  359  359.713233912  17.7871108121  0.0408673413925
-0.704410470807  993  378  377.955388596  17.2610936557  0.0134481071304
-0.704410470807  993  396  396.400949109  17.3360989047  0.0391187290859
-0.704410470807  993  415  414.799646073  18.2300545191  0.0137495139773
-0.704410470807  994  433  433.945747764  20.0921479198  0.0634753685309
-0.704410470807  994  453  452.59976719  18.996982337  0.0109750208805
-0.704410470807  994  472  471.588476114  20.1589455487  0.00411971496088
-0.704410470807  994  491  491.183343517  22.3312305096  0.0344797552146
-0.704410470807  994  511  510.702966257  23.9653817401  0.0114231160652
-0.704410470807  994  531  530.76776003  26.0295822454  0.0153184308939
-0.704410470807  994  552  551.16587551  27.1011729055  -0.00359824792988
-0.704410470807  994  573  572.237470469  31.790825589  -0.00126769522066
-0.704410470807  994  595  593.473398341  34.0505812467  -0.0209265344586
-0.704410470807  994  617  616.088389982  32.7781764782  0.00814267171483
-0.704410470807  994  638  639.169031384  1.11679543249  0.0715272802776
-0.704410470807  994  662  660.798174039  23.3346844777  -0.000668214879497
-0.704410470807  993  683  683.543908394  22.3632492415  0.0404336357337
-0.704410470807  993  706  705.971601782  19.2261423687  0.0182910489169
-0.704410470807  993  729  728.675017371  17.3692631846  0.0108863764921
-0.704410470807  992  752  751.750916229  15.7631746434  0.00969165075649
-0.704410470807  992  775  774.939471892  14.8818713843  0.0170148721416
-0.704410470807  991  799  798.553173875  13.6396329216  0.00440560583895
-0.704410470807  990  822  822.614152801  13.5695118984  0.0241995938159
-0.704410470807  990  847  846.770844974  12.7181894149  0.0127133280101
-0.704410470807  989  871  871.493999253  12.6798587415  0.0220706270512
-0.704410470807  988  896  896.264186418  12.6201294551  0.0291834177436
-0.704410470807  987  922  921.680842137  12.2740237811  0.00130752833898
-0.704410470807  986  947  947.404793698  12.8935474441  0.0253484919589
-0.704410470807  985  974  973.337235321  12.7109440831  0.0109055763079
-0.704410470807  984  999  999.642485793  12.5945446734  0.0376065325145
-0.510370470807  978  4  3.30873116843  5.20583277234  -0.176942952599
-0.510370470807  979  19  19.141574699  5.45772828552  -0.0063154118492
-0.510370470807  980  35  34.7149249557  5.44674912542  -0.0318012111864
-0.510370470807  981  50  50.5097069877  5.81954073484  0.00532156760543
-0.510370470807  982  66  66.357446084  6.00469842226  -0.000814721195201
-0.510370470807  982  82  82.316886809  6.2627305234  0.00333183085224
-0.510370470807  983  98  98.3688750431  6.53022311023  0.00929843037064
-0.510370470807  984  115  114.613809702  6.7596166843  -0.00678546425829
-0.510370470807  985  131  131.004876433  7.39535568339  0.0205648971311
-0.510370470807  985  147  147.439250314  7.88959607696  0.0262064316471
-0.510370470807  986  164  164.043453527  8.75325093951  0.020258387109
-0.510370470807  987  181  180.93292924  10.0052334222  0.0240315456372
-0.510370470807  987  198  197.866898178  11.4214144068  0.0147761631865
-0.510370470807  988  215  215.186059048  13.9792935137  0.0216843670423
-0.510370470807  988  233  232.593676615  15.0264274578  -0.00423594912719
-0.510370470807  989  250  250.671244571  17.4893658731  0.0348654070796
-0.510370470807  990  269  268.466599599  0.210924048672  -0.0332546454556
-0.510370470807  990  286  286.878657056  18.6070167717  0.0438343003408
-0.510370470807  990  304  304.932554419  18.1722145451  0.0374185996668
-0.510370470807  991  323  323.035106172  17.7525833533  0.00791239500947
-0.510370470807  991  341  341.197363869  17.6384517512  0.0118243681597
-0.510370470807  992  359  364.860397341  21656.9506689  -0.127091577275
-0.510370470807  992  377  377.922267986  17.2431486091  0.0518056361585
-0.510370470807  992  396  396.273207664  17.432351181  0.03343792605
-0.510370470807  992  414  414.961329898  18.1772828746  0.066852025345
-0.510370470807  993  433  433.773835185  20.2375056124  0.052628959603
-0.510370470807  993  453  452.358874901  18.9877002199  0.00240262356135
-0.510370470807  993  471  471.826493555  21.4683334144  0.0523422284811
-0.510370470807  993  491  491.088595654  21.9607064175  0.0306463911461
-0.510370470807  993  511  510.572129588  23.5812030787  0.00630060501923
-0.510370470807  993  531  530.592482042  25.2547971853  0.00545851944103
-0.510370470807  993  551  551.234622298  29.2828533252  0.027698940412
-0.510370470807  993  573  572.017585454  31.6429678625  -0.0105915843485
-0.510370470807  993  595  593.598600175  31.5376073937  -0.0096424397838
-0.510370470807  993  616  616.179686089  0.469357435281  0.0403608948045
-0.510370470807  993  639  638.432505162  29.0528867154  0.0103582450472
-0.510370470807  993  660  661.279104675  26.7452351633  0.0684006379869
-0.510370470807  992  683  683.296286225  22.326331436  0.0329484737166
-0.510370470807  992  706  705.816205821  19.0746794623  0.0158734790353
-0.510370470807  992  729  728.59478445  17.0265741011  0.0142660280898
-0.510370470807  991  751  751.804206962  16.2148645451  0.0368509337335
-0.510370470807  991  775  774.95503194  15.0142134502  0.0159824360355
-0.510370470807  990  799  798.476925636  13.7216352129  0.00405168053158
-0.510370470807  989  822  822.451136635  13.4561597684  0.0230037751295
-0.510370470807  989  847  846.739805748  12.8770751598  0.0122683047476
-0.510370470807  988  871  871.427127331  12.7430692544  0.0219539500167
-0.510370470807  987  896  896.165619558  12.5108471792  0.028070695409
-0.510370470807  986  922  921.550627062  12.6545772826  -0.00211516332975
-0.510370470807  985  948  947.22891826  12.3826893749  0.00720653563741
-0.510370470807  984  973  973.325010141  12.9293544568  0.0271519043534
-0.510370470807  983  1000  999.500242917  12.8614525564  0.0182930183286
-0.316330470807  978  4  3.18033328797  5.14989498303  -0.183992612461
-0.316330470807  978  19  18.9766346209  5.47413388698  -0.0138180371815
-0.316330470807  979  35  34.5361824691  5.47492053316  -0.0354860092385
-0.316330470807  980  50  50.3332297608  5.80320671332  -0.00100179820657
-0.316330470807  981  66  66.2189627005  6.0177938538  -0.00519162856259
-0.316330470807  982  82  82.214234981  6.26489022474  0.00101504921246
-0.316330470807  982  98  98.2204505244  6.58268658754  0.00272815890844
-0.316330470807  983  114  114.495343714  6.7720493543  0.0223423465734
-0.316330470807  984  131  130.851317956  7.2316766713  0.00877785776929
-0.316330470807  984  147  147.312558957  7.90239297636  0.0299264665425
-0.316330470807  985  164  163.934340627  8.67248923939  0.0193075188133
-0.316330470807  986  181  180.252257288  0.300575800998  -7.75446378524
-0.316330470807  986  198  197.737065557  11.5065309937  0.00670956650383
-0.316330470807  987  215  215.05604204  13.9359391898  0.0166884525162
-0.316330470807  988  233  232.575829426  14.936378635  -0.0117014670154
-0.316330470807  988  250  250.491267021  17.6849309117  0.0290385796486
-0.316330470807  989  268  268.474743197  18.9435577154  0.0264276200105
-0.316330470807  989  286  286.633844854  0.22463468712  0.0285013374634
-0.316330470807  990  304  304.850579726  18.1099786119  0.0386452019307
-0.316330470807  990  322  323.126550226  18.0037485577  0.0519798376659
-0.316330470807  990  341  341.055279514  17.8970367793  0.00950640022417
-0.316330470807  991  359  359.514819987  17.3169529852  0.0351900412452
-0.316330470807  991  378  377.285479046  0.3221095915  -8.4194010986
-0.316330470807  991  396  396.040703229  17.6950877904  0.0204336850763
-0.316330470807  992  415  414.27134127  0.323317787131  -8.70530520728
-0.316330470807  992  433  433.752065981  20.2247992035  0.0513342304556
-0.316330470807  992  453  453.286287533  0.336297607415  -7.50126903738
-0.316330470807  992  472  471.386686999  19.8195356821  0.00628455588379
-0.316330470807  992  491  490.878853131  0.25779995571  0.0260252104788
-0.316330470807  992  510  510.645003267  23.5690029595  0.0416095889339
-0.316330470807  992  531  530.393732146  25.1936974973  0.00195351649011
-0.316330470807  992  551  551.199529807  28.8407724582  0.0283432288019
-0.316330470807  992  573  571.888950976  29.6680346954  -0.0159852469767
-0.316330470807  992  594  593.545174523  33.4183267384  0.00983511683298
-0.316330470807  992  616  616.121854441  34.8331930754  0.0358783555622
-0.316330470807  992  639  638.340511894  30.6604679605  0.0105131755235
-0.316330470807  992  661  660.803882091  0.314321475656  0.020831185396
-0.316330470807  991  683  683.148890144  22.6464312061  0.0339775719742
-0.316330470807  991  705  705.962804072  19.3369074845  0.0522339477701
-0.316330470807  991  728  728.629787089  0.213166141107  0.0328979407241
-0.316330470807  990  751  751.65181673  0.199806603194  0.0323624886406
-0.316330470807  990  775  774.915672324  14.5457885667  0.0151134722451
-0.316330470807  989  798  798.507987393  14.2764593821  0.0260873990117
-0.316330470807  988  822  822.455967034  13.2706400717  0.0222527445632
-0.316330470807  988  847  846.695162886  12.8473506842  0.016374066154
-0.316330470807  987  871  871.307837944  12.5963063163  0.0192094842062
-0.316330470807  986  896  896.08776324  12.6864502587  0.0260515279063
-0.316330470807  985  922  921.449322213  12.2805640397  -2.71658650184e-05
-0.316330470807  984  947  947.137429924  12.7163726672  0.0191652267391
-0.316330470807  983  973  973.201988515  12.8111898045  0.0247526477795
-0.316330470807  982  1000  1000.29394088  0.36648618734  -5.85519486028
-0.122290470807  977  3  3.02843017849  0.0651195568338  -0.200138430644
-0.122290470807  977  19  18.8956433817  5.40114361455  -0.0147685484393
-0.122290470807  978  34  34.4529757684  5.67278601551  0.00527281637966
-0.122290470807  979  50  50.1845674663  5.86103599387  -0.00668778194412
-0.122290470807  980  66  66.0326380376  6.00497942446  -0.0133982631664
-0.122290470807  981  82  82.0962050185  6.32899785286  0.00821423849298
-0.122290470807  981  98  98.0677428187  6.64386750589  -0.0105659982074
-0.122290470807  982  114  114.313982919  6.8383059633  0.0170044516013
-0.122290470807  983  131  130.667169924  7.24442934615  -0.000123693336684
-0.122290470807  984  147  147.204216627  7.87435129773  0.0238540619395
-0.122290470807  984  164  163.035676479  18.854146887  -99.6231171002
-0.122290470807  985  181  180.599044015  9.82484400127  0.00281501785001
-0.122290470807  985  198  197.623194295  11.6030164235  -0.00354616443062
-0.122290470807  986  215  214.927069616  13.0510705858  0.0154088766422
-0.122290470807  987  232  232.507985737  16.2770505954  0.0368162038285
-0.122290470807  987  250  250.375344375  17.4797778351  0.0225766152102
-0.122290470807  988  268  268.418831544  18.5296821923  0.0186834733334
-0.122290470807  988  286  286.535345097  18.5639980903  0.0215404620302
-0.122290470807  989  304  304.678008459  18.3926569999  0.0340035033904
-0.122290470807  989  322  322.93907887  18.0288687262  0.0427072700553
-0.122290470807  989  341  340.957186819  17.9706004618  0.00353626776662
-0.122290470807  990  359  359.287307313  17.6862503448  0.0251870701314
-0.122290470807  990  378  377.468566079  17.4982515856  -0.00422458994316
-0.122290470807  990  396  395.879741852  17.8595251214  0.0134744090356
-0.122290470807  991  414  -47244.0862234  195625.444017  -0.125953104404
-0.122290470807  991  433  433.609671555  19.8992681502  0.0507749025239
-0.122290470807  991  453  453.281675799  0.338145394954  -7.54788292872
-0.122290470807  991  472  471.299757819  19.8207530012  0.000493423957756
-0.122290470807  991  491  490.744012552  22.6092566183  0.0190010859547
-0.122290470807  991  511  510.287974372  23.692687197  -0.00495682141692
-0.122290470807  992  531  530.351201569  24.9780410524  -0.00259995712461
-0.122290470807  992  551  551.199529807  28.8407724582  0.0283432288019
-0.122290470807  991  573  571.817545704  29.7535510532  -0.0129863234238
-0.122290470807  991  593  593.676697261  0.459606562338  0.041744661588
-0.122290470807  991  616  615.946430562  34.3912637369  0.0311013651301
-0.122290470807  991  638  638.582657206  0.436708636997  0.0497711352357
-0.122290470807  991  661  660.717395988  0.312940779036  0.021857791765
-0.122290470807  991  683  683.191567394  22.1641945746  0.0307302506952
-0.122290470807  990  705  705.844427635  19.3156737667  0.0456957008922
-0.122290470807  990  728  728.572578215  0.214808348382  0.0301331575227
-0.122290470807  989  751  751.52589567  16.6143104332  0.0310340579803
-0.122290470807  989  775  774.8068943  14.542055474  0.0111356118769
-0.122290470807  988  798  798.406280485  14.1653189021  0.0236121269616
-0.122290470807  988  822  822.286082907  13.0978202997  0.0236766862155
-0.122290470807  987  846  846.623161575  12.7772163169  0.0269258950961
-0.122290470807  986  871  871.241988325  12.5708838288  0.0185515069619
-0.122290470807  985  896  895.988766609  12.7275552568  0.0263328359447
-0.122290470807  984  922  921.418555708  12.1927085416  -0.00146500219861
-0.122290470807  983  947  947.121653583  12.8110472715  0.0214222653985
-0.122290470807  982  973  973.120163875  12.8694280589  0.0233969919311
-0.122290470807  981  1000  999.327368877  12.807954698  0.014525973376
0.0717495291931  976  3  2.90175298325  4.95793522854  -0.224765817922
0.0717495291931  977  19  18.6563306809  5.37360544131  -0.0288583026952
0.0717495291931  977  34  34.3001044032  5.80105914606  -0.00928418795256
0.0717495291931  978  50  50.0171840704  5.89193394614  -0.0119863389578
0.0717495291931  979  66  65.87396317  6.05711287307  -0.0175588912051
0.0717495291931  980  82  81.9262837265  6.21636902798  -0.00998640854759
0.0717495291931  980  98  97.9255436055  6.49705522595  -0.00686784313005
0.0717495291931  981  114  114.198481484  6.8490639562  0.0122262640216
0.0717495291931  982  130  130.581163596  7.21250939551  0.0333665265938
0.0717495291931  983  147  147.067823759  8.01963477327  0.0264142693467
0.0717495291931  983  164  163.616037919  8.7688013345  0.000476956996559
0.0717495291931  984  181  180.417635471  9.86648155504  -0.009971176613
0.0717495291931  985  198  197.354419731  11.5987796271  -0.00881504592357
0.0717495291931  985  215  214.752655963  13.0501745917  0.00665506924604
0.0717495291931  986  232  232.391040111  16.2436305836  0.0312615243263
0.0717495291931  986  250  250.127533755  17.2993397209  0.00949519249892
0.0717495291931  987  268  268.316323262  18.6737087337  0.0140414811876
0.0717495291931  987  286  286.37536554  18.4942790484  0.0175371141627
0.0717495291931  988  304  304.606744292  18.6529108875  0.0246153043583
0.0717495291931  988  322  322.794704323  17.8648157114  0.032689143429
0.0717495291931  989  341  340.257973022  0.225127585039  -9.62737326739
0.0717495291931  989  359  359.124481388  17.7119431232  0.0215562899723
0.0717495291931  989  377  377.549111713  17.4424499029  0.0359923984657
0.0717495291931  990  396  395.81149499  17.7566304602  0.013882019741
0.0717495291931  990  414  414.61988755  17.9053335484  0.0490775837061
0.0717495291931  990  433  433.332620463  19.9627693942  0.0373910521456
0.0717495291931  990  453  451.964028848  19.2238665909  -0.0131987764324
0.0717495291931  990  471  471.401131318  21.2386021613  0.0405122451404
0.0717495291931  990  491  490.585785931  22.0272667631  0.014148191938
0.0717495291931  991  511  510.287974372  23.692687197  -0.00495682141692
0.0717495291931  991  531  530.359949514  25.3642790083  -0.00167509045339
0.0717495291931  991  551  551.083794946  28.0439118415  0.0220322380282
0.0717495291931  991  573  571.801418204  29.7712378855  -0.012707384604
0.0717495291931  990  594  593.29213539  33.0396786827  0.000569532064548
0.0717495291931  990  617  615.587711911  31.3305259897  -0.00183879823419
0.0717495291931  990  638  638.357459992  31.3456104664  0.0416714238504
0.0717495291931  990  661  660.482685195  25.4793972837  0.0139105752683
0.0717495291931  990  683  683.127152834  22.125951843  0.0310160052227
0.0717495291931  989  705  705.677833787  19.3500227582  0.0400493505299
0.0717495291931  989  728  728.426597855  17.7779167314  0.0283766168968
0.0717495291931  988  751  751.491001488  15.6545096719  0.0255115325721
0.0717495291931  988  774  774.849700071  0.186027196222  0.0343147306848
0.0717495291931  987  798  798.273965598  14.1953437133  0.0240780259901
0.0717495291931  987  822  822.236974696  13.1028870617  0.0180165077112
0.0717495291931  986  846  846.487389839  12.7495268376  0.0248065900007
0.0717495291931  985  871  871.115813949  12.6033082092  0.0158771227694
0.0717495291931  984  896  895.901461409  12.2723881425  0.0218797335403
0.0717495291931  983  921  921.384570624  12.4606939216  0.0124363417522
0.0717495291931  982  947  947.00720151  12.6066384618  0.0161146047558
0.0717495291931  981  973  972.975176565  13.0164042524  0.0241748669762
0.0717495291931  980  1000  999.325570104  12.7448104457  0.0172563084749
0.265789529193  975  3  2.74865565564  4.82295565079  -0.253449361589
0.265789529193  976  19  18.6025094495  5.41948634278  -0.0174361875208
0.265789529193  976  34  34.1279488582  5.70785989364  -0.01026951503
0.265789529193  977  50  49.8226065398  5.89198126645  -0.0257473728739
0.265789529193  978  66  65.698393505  6.10209113409  -0.0212123034895
0.265789529193  979  82  81.7437571539  6.27902806983  -0.0138554706404
0.265789529193  980  98  97.8357209728  6.56416378383  -0.00438466647049
0.265789529193  980  114  114.046705867  6.82728886018  0.0114175966995
0.265789529193  981  130  130.40493503  7.26623398107  0.0246482847633
0.265789529193  982  147  146.961426237  7.89513934414  0.0176625803924
0.265789529193  982  163  163.526891391  8.78527372287  0.0373731633398
0.265789529193  983  180  180.386662327  9.81181432997  0.0354221096135
0.265789529193  984  197  197.445320246  12.3390970523  0.0309470002314
0.265789529193  984  215  214.572230566  13.1410682952  -0.00347973769648
0.265789529193  985  232  232.239237586  15.227573321  0.0338541206187
0.265789529193  985  249  250.175027245  17.5131807603  0.0551894032793
0.265789529193  986  268  268.086204789  18.6046911656  0.00396431549467
0.265789529193  986  286  286.084108912  18.2825998587  0.0103699510308
0.265789529193  987  304  304.484077019  18.5291091501  0.0183312695495
0.265789529193  987  322  322.535288304  18.2206681025  0.0248864169917
0.265789529193  988  340  340.930513433  17.773466466  0.04176659016
0.265789529193  988  359  359.025908983  17.5846963558  0.017047417461
0.265789529193  988  377  377.391581552  0.2140218397  0.031788476297
0.265789529193  989  396  395.256995636  0.322277068723  -9.01670146204
0.265789529193  989  415  415.284033411  0.104193145478  -7.20966720357
0.265789529193  989  433  433.108292786  0.241837733493  0.0276386692851
0.265789529193  989  453  451.815045595  19.0834692808  -0.0144670622546
0.265789529193  989  471  471.126694962  20.8402171516  0.0299457792595
0.265789529193  990  491  490.605946255  22.1818569307  0.0134704318991
0.265789529193  990  511  510.030307176  23.8317746049  -0.0107893706183
0.265789529193  990  531  530.195358068  25.5212301839  -0.00651790298251
0.265789529193  990  551  550.959991205  26.8894799239  0.0161311124853
0.265789529193  990  572  571.799649283  32.3395126772  0.0123664586429
0.265789529193  990  594  593.09150889  33.7673178422  0.00377804841278
0.265789529193  989  616  615.500174657  34.8907195069  0.0253309825819
0.265789529193  989  638  638.131165407  31.1866875706  0.035939524225
0.265789529193  989  660  660.675267567  26.3063176964  0.0530416172655
0.265789529193  989  683  682.860578376  22.3419082796  0.022806796318
0.265789529193  988  705  705.468880891  20.5337989527  0.0338168830668
0.265789529193  988  729  728.081580541  17.4629875321  0.00306705936717
0.265789529193  988  751  751.260406908  15.8551457065  0.022549922401
0.265789529193  987  774  774.659792619  15.4120597694  0.0325195799728
0.265789529193  986  798  798.233058081  14.0063671338  0.0180899446142
0.265789529193  986  822  822.126855338  13.3219353939  0.0191289288805
0.265789529193  985  846  846.398624818  12.8632089885  0.0232578260657
0.265789529193  984  871  870.941128479  12.4985882049  0.00882145022847
0.265789529193  983  896  895.8485115  12.2590716086  0.0235315846663
0.265789529193  982  921  921.376980148  12.3310118966  0.011262103186
0.265789529193  981  947  946.892547725  12.6785995026  0.0183864942284
0.265789529193  980  973  972.920424971  12.7370733534  0.0190041445375
0.265789529193  979  999  999.258028546  12.7041239555  0.0345583252754
0.459829529193  974  3  2.56668947075  4.60203172441  -0.272250904444
0.459829529193  975  18  18.4984388255  5.43628127243  0.0214661421911
0.459829529193  976  34  34.0210011432  5.70019261703  -0.0128922875456
0.459829529193  976  50  49.6577304884  5.92003195004  -0.0328888147004
0.459829529193  977  66  65.5399821761  6.09008695629  -0.0239412510249
0.459829529193  978  82  81.5918403934  6.30039966076  -0.0196080587372
0.459829529193  979  98  97.711424996  6.55156785102  -0.00166861528311
0.459829529193  979  114  113.885079327  6.95989276668  -0.00504263857265
0.459829529193  980  130  130.284277651  7.26325582084  0.0203753355058
0.459829529193  981  147  146.789383123  7.82425082325  0.0106694678783
0.459829529193  981  163  163.410741139  8.92195713441  0.0271543405303
0.459829529193  982  180  180.217953126  9.88116522978  0.0282389936347
0.459829529193  983  197  197.363601314  12.3405632512  0.0268583090854
0.459829529193  983  215  214.344566563  13.258573372  -0.0151863974134
0.459829529193  984  232  232.098744756  14.8201173437  0.0229342278107
0.459829529193  984  249  250.014610694  17.6343451258  0.0511419351149
0.459829529193  985  268  267.808712523  17.1986748688  -0.00625372332657
0.459829529193  985  285  286.239809272  18.9704902215  0.053236588442
0.459829529193  986  304  304.209960597  18.444579581  0.00461400080397
0.459829529193  986  322  322.337114789  18.3235271598  0.0181652657055
0.459829529193  987  340  340.811229728  17.8307792108  0.0421287872537
0.459829529193  987  359  358.839608294  17.6617996118  0.00431277930629
0.459829529193  987  377  377.202710247  17.9548649539  0.0246615051873
0.459829529193  988  396  395.280835543  0.321174758486  -8.52165538863
0.459829529193  988  414  414.327918101  18.0209643566  0.0424951541582
0.459829529193  988  433  432.920529416  18.418174132  0.0200125452756
0.459829529193  988  452  451.964601603  19.5026597736  0.0240582402256
0.459829529193  989  471  470.915143576  21.3150460117  0.0293856023814
0.459829529193  989  491  490.596303862  21.1175069643  0.0121778998337
0.459829529193  989  510  510.269868047  23.9659767829  0.030275308561
0.459829529193  989  531  530.057888144  25.7072015878  -0.0075744913842
0.459829529193  989  551  550.728819747  27.2401544835  0.00997268781272
0.459829529193  989  571  572.234163997  33.6141768919  0.0556613090607
0.459829529193  989  594  593.160153421  34.929396729  0.00460572897746
0.459829529193  988  617  616.295255282  0.186373020259  -8.79239783875
0.459829529193  988  638  637.950753039  31.2286768843  0.033259617972
0.459829529193  988  660  660.525117625  26.4622688804  0.0460889383719
0.459829529193  988  683  682.742265191  22.5355897404  0.0187890982481
0.459829529193  987  705  705.402838513  19.8879577429  0.0373475818182
0.459829529193  987  728  728.051074047  17.6422805057  0.0215172386318
0.459829529193  987  751  751.2065306  15.9077363123  0.0179354471658
0.459829529193  986  774  774.648748747  15.4173104349  0.0295572214061
0.459829529193  985  798  798.195796706  14.1056699974  0.0230037999813
0.459829529193  985  822  822.090040832  13.2884826595  0.0151804379462
0.459829529193  984  846  846.343959979  12.9020887828  0.0215078958535
0.459829529193  983  871  870.910676492  12.5288158865  0.0114872468654
0.459829529193  982  896  895.79766165  12.2001867626  0.0217546968133
0.459829529193  982  921  921.246008741  12.4498239934  0.0119521617496
0.459829529193  980  947  946.898332831  12.7013615279  0.0171397217924
0.459829529193  979  973  972.901415093  12.9947056918  0.0253039122298
0.459829529193  978  999  999.180569434  12.4694288522  0.0291193300965
0.653869529193  973  3  2.34857560347  4.46873595366  -0.318005798416
0.653869529193  974  18  18.3261572204  5.36858743362  0.00797712181282
0.653869529193  975  34  33.9199013119  5.62768826555  -0.0111229119105
0.653869529193  975  49  49.5951171619  6.08811279957  -0.00500873574444
0.653869529193  976  65  65.4354131508  6.07699544134  0.00253382662936
0.653869529193  977  81  81.5002391436  6.26946367657  0.0138330038242
0.653869529193  978  98  97.2509330711  0.376353725563  -6.55615619621
0.653869529193  978  114  113.786688232  6.93632388278  0.00535171551322
0.653869529193  979  130  130.087229919  7.25954812906  0.0150864624328
0.653869529193  980  147  146.61418843  7.84236305332  0.00112747192251
0.653869529193  980  163  163.312945331  8.84704745692  0.03071993614
0.653869529193  981  180  180.04772545  9.8298916353  0.0240155185968
0.653869529193  982  197  197.157437373  11.3653446831  0.0248370503093
0.653869529193  982  214  214.381004615  14.2053498439  0.0268106427113
0.653869529193  983  232  231.86901871  14.7615900718  0.0105235216185
0.653869529193  983  249  249.990226993  17.8601914179  0.0460753062525
0.653869529193  984  267  267.901727114  18.6770367671  0.0466472920309
0.653869529193  984  285  286.16036767  18.538943183  0.0518171257787
0.653869529193  985  304  303.930094161  18.0213485589  7.04420611626e-05
0.653869529193  985  322  322.1749131  18.5154595596  0.00500399395685
0.653869529193  986  340  340.647180048  17.5975040344  0.0339217127898
0.653869529193  986  359  358.254684915  0.32747037824  -8.99049982991
0.653869529193  986  377  377.137696102  18.0401449465  0.023063753146
0.653869529193  987  396  395.473671926  17.6998485845  0.00268311252305
0.653869529193  987  414  414.13853  17.9314067674  0.0346620115895
0.653869529193  987  433  432.89420046  18.5358308309  0.0173829521063
0.653869529193  987  452  451.842263055  19.6838099715  0.0211379341047
0.653869529193  988  471  471.028264408  0.262403075626  0.0271872900275
0.653869529193  988  491  490.410384424  20.996012165  0.00723230897187
0.653869529193  988  510  510.075704051  0.293813604272  0.0228467923189
0.653869529193  988  530  530.276628889  25.6804627761  0.0320566509086
0.653869529193  988  550  550.951340404  0.398911985824  0.0478206030079
0.653869529193  988  572  571.778987  30.6215350881  0.0149792788802
0.653869529193  988  593  593.485799757  35.6025288842  0.0434348401832
0.653869529193  988  616  615.526575041  34.063978547  0.0196685363602
0.653869529193  987  639  637.663841211  28.3644579248  -0.00223016473226
0.653869529193  987  660  660.537254701  26.3336808445  0.0421118285037
0.653869529193  987  683  682.77773755  22.8193901986  0.0209962265926
0.653869529193  987  705  705.404505128  19.4957489566  0.0334626564316
0.653869529193  986  728  727.958048856  17.7461511729  0.0168663647168
0.653869529193  986  751  751.073876271  15.8355474025  0.0193479857317
0.653869529193  985  774  774.491267315  15.3464607828  0.0267122637664
0.653869529193  985  798  798.112398316  14.0914817678  0.0212031194318
0.653869529193  984  822  821.980061644  13.2640483368  0.00983587155514
0.653869529193  983  846  846.232503636  12.7879133555  0.0197361458381
0.653869529193  982  871  870.816398994  12.6574815843  0.00631103597116
0.653869529193  982  896  895.6101891  12.1819961957  0.022600154149
0.653869529193  981  921  921.154819969  12.5117752724  0.0100491401003
0.653869529193  980  947  946.734272405  12.6314516041  0.0175212233118
0.653869529193  978  973  972.856007466  12.694799358  0.02154216086
0.653869529193  977  999  999.134603201  12.6295775261  0.0347871893134
0.847909529193  972  3  2.15401713622  4.25821028387  -0.366129755732
0.847909529193  973  18  18.1558562361  5.42553594875  0.00237328888373
0.847909529193  974  34  33.7482746241  5.55922997068  -0.0267544167458
0.847909529193  974  49  49.4821522158  5.96074182989  0.00636598850085
0.847909529193  975  65  65.2617375688  6.17495371812  -0.0149053682392
0.847909529193  976  81  81.2972205618  6.28304644604  0.00289926131965
0.847909529193  977  97  97.4540612752  6.57571764423  0.0167577049407
0.847909529193  978  114  113.660423434  6.90518861122  -0.000892798331779
0.847909529193  978  130  129.962901712  7.26629006863  0.00985145940547
0.847909529193  979  147  146.434591856  7.85800255963  -0.00448097294214
0.847909529193  980  163  163.212860827  8.77390733334  0.0222939638738
0.847909529193  980  180  179.893996566  9.87163495809  0.0191156998114
0.847909529193  981  197  196.988919686  11.3364313301  0.0189303400472
0.847909529193  981  214  214.353781784  14.2694770179  0.0209697408057
0.847909529193  982  232  231.695268385  14.7198421359  0.00330452289059
0.847909529193  983  249  249.782185239  17.4298360616  0.0438925643472
0.847909529193  983  267  267.724068825  18.1814299701  0.0357479813067
0.847909529193  984  285  286.085776476  18.3932288493  0.0435962843427
0.847909529193  984  303  304.039448252  18.8172050884  0.0418676083399
0.847909529193  984  322  322.073077238  18.3045183984  0.00405844404293
0.847909529193  985  340  340.338771331  17.9970861348  0.0249085824081
0.847909529193  985  358  358.638312576  17.570425769  0.0346274940936
0.847909529193  986  377  377.065571148  17.4438452716  0.0177920072154
0.847909529193  986  395  395.468389672  17.9665357464  0.0388767613219
0.847909529193  986  414  414.042480266  0.222002729558  0.0292525443083
0.847909529193  986  433  432.730398615  18.7434527612  0.0168002168098
0.847909529193  987  452  451.763450484  19.380993957  0.0175256062365
0.847909529193  987  471  470.946946816  0.263147933601  0.0269094061332
0.847909529193  987  491  490.281704853  20.9566646909  0.00391547388479
0.847909529193  987  510  509.976928642  24.0696714842  0.0198665860384
0.847909529193  987  530  530.174196047  25.0024969014  0.0287741942732
0.847909529193  987  551  550.344732629  27.2450543928  0.0020259084806
0.847909529193  987  572  571.635671924  29.9005821657  0.0114705325658
0.847909529193  987  593  593.404395056  35.0976633044  0.0396779269561
0.847909529193  987  616  615.314945042  34.0836562175  0.0113459273576
0.847909529193  986  638  637.704911866  0.385313416151  0.029604531629
0.847909529193  986  660  660.390526446  26.2529687794  0.0412009936967
0.847909529193  986  683  682.599478791  22.9783928153  0.0219542032526
0.847909529193  986  705  705.34416763  19.1270151505  0.0377519666449
0.847909529193  985  728  727.896557724  17.6267804284  0.0168471568584
0.847909529193  985  751  751.00818661  15.9009595069  0.0141539304776
0.847909529193  984  774  774.371694039  15.2510358758  0.0218829149176
0.847909529193  984  798  797.999390062  13.8096344086  0.0217644945275
0.847909529193  983  822  821.885073119  13.2393036734  0.00782395082361
0.847909529193  982  846  846.186376754  12.7570486476  0.0160528812464
0.847909529193  982  870  870.75699159  13.1847042965  0.0282973896519
0.847909529193  981  896  895.630289311  12.2228436618  0.0232326555992
0.847909529193  980  921  921.062104139  12.2657045369  0.0132488907601
0.847909529193  979  947  946.707808398  12.5762959257  0.0149874602018
0.847909529193  978  973  972.654531482  12.5761084262  0.0194678405067
0.847909529193  976  999  999.120704496  12.43496173  0.0300485751205
1.04194952919  971  3  1.99098420595  4.0871554999  -0.416116421641
1.04194952919  972  18  17.9752469217  5.40260822695  -0.0074008859389
1.04194952919  973  34  33.5951687482  5.57768852485  -0.0331372845115
1.04194952919  974  49  49.3530787797  5.93901898304  0.000231201488747
1.04194952919  974  65  65.102308863  6.16814789364  -0.0178484399953
1.04194952919  975  81  81.1334360239  6.30525656838  -0.000265739373801
1.04194952919  976  97  97.2836805536  6.52827094231  0.00938367926207
1.04194952919  977  114  113.472592238  6.95882725773  -0.00326377528075
1.04194952919  977  130  129.811962795  7.3992360236  0.00175676346609
1.04194952919  978  146  146.409709796  7.83156023816  0.0328722336398
1.04194952919  979  163  163.058785464  8.81068054301  0.0234396104109
1.04194952919  979  180  179.724018333  9.94846831848  0.00268086859892
1.04194952919  980  197  196.840099325  11.3577195533  0.0114105177639
1.04194952919  981  214  214.154109028  13.8771505458  0.0192369046051
1.04194952919  981  232  231.574758111  14.4724955605  -0.00283232346203
1.04194952919  982  249  249.647026584  0.208558759252  0.030960018219
1.04194952919  982  267  267.509793767  18.5428657918  0.0280417021366
1.04194952919  983  285  285.840049091  18.8343779005  0.0379981669691
1.04194952919  983  303  303.848212913  18.2362585187  0.0346380496526
1.04194952919  984  322  321.957802071  18.027784753  -0.00443866508133
1.04194952919  984  340  340.227158805  17.9212462006  0.0197561598639
1.04194952919  984  359  358.279920392  17.7502283238  -0.0149785229951
1.04194952919  985  377  376.854551204  17.6078229914  0.0115456530256
1.04194952919  985  395  395.358149176  17.6908369828  0.0354407455576
1.04194952919  985  414  413.829145733  17.9377727476  0.0210872627214
1.04194952919  985  433  432.538732421  18.6493974312  0.00623026888476
1.04194952919  986  451  451.913468341  20.3626158538  0.0548669006478
1.04194952919  986  471  470.651298416  21.5395885655  0.0138931551527
1.04194952919  986  491  490.226492484  21.0702615325  0.000112925527566
1.04194952919  986  509  510.290195587  24.734899894  0.0670695403205
1.04194952919  986  530  529.955454542  0.302135648999  0.0217145490271
1.04194952919  986  550  550.588623286  27.7277369236  0.0373354495239
1.04194952919  986  571  571.84804175  32.0509592436  0.0405492721736
1.04194952919  986  594  593.041661799  31.9996421978  0.00343251840998
1.04194952919  986  615  615.556146311  34.9281522514  0.0472033230176
1.04194952919  986  638  637.688320545  30.1859073224  0.0377616383276
1.04194952919  985  660  660.35810601  26.4338813778  0.0409937795346
1.04194952919  985  683  682.37583096  22.4593248085  0.0103652822792
1.04194952919  985  705  705.230500102  19.4301726556  0.0245612126937
1.04194952919  984  728  727.79561569  17.3241744262  0.0143745540041
1.04194952919  984  751  750.906786474  15.8224811571  0.00911669652409
1.04194952919  983  774  774.275630084  15.3513018812  0.0248830706073
1.04194952919  983  798  797.950546736  13.8269475513  0.0179318385529
1.04194952919  982  822  821.797933642  13.317930406  0.00818066964598
1.04194952919  981  846  846.065957286  12.9540343055  0.0171932852375
1.04194952919  981  871  870.65759205  12.6459033387  0.00875219585842
1.04194952919  980  896  896.284458231  0.333817333248  -6.25740174834
1.04194952919  979  921  921.011047787  12.3460818624  0.0055486695621
1.04194952919  978  947  946.664350979  12.5422299689  0.0203975843437
1.04194952919  977  973  972.68720925  12.6524270752  0.0161393294922
1.04194952919  975  999  999.020051805  12.6480645041  0.0310345268549
1.23598952919  970  2  1.85126123502  3.8731626311  -0.46906092803
1.23598952919  971  18  17.8023212186  5.33246568872  -0.0141965641721
1.23598952919  972  33  33.4878861174  5.67425238199  0.0051220478875
1.23598952919  973  49  49.2148344122  5.97686495937  0.00536558859461
1.23598952919  973  65  65.0340954026  6.31639326801  -0.0187009300983
1.23598952919  974  81  80.9749002682  6.37330015312  -0.00870553602287
1.23598952919  975  97  97.1478824195  6.50927020229  0.00513428889777
1.23598952919  976  113  113.405165026  6.85330666116  0.0174383302928
1.23598952919  976  130  129.661542454  7.39165604759  -0.00108777730309
1.23598952919  977  146  146.246059966  7.85580844375  0.0307160329257
1.23598952919  978  163  162.883817174  8.706452785  0.0136901665857
1.23598952919  978  180  179.56531507  10.0244961533  -0.000812653397229
1.23598952919  979  197  196.68619066  11.2758488361  0.00953998498712
1.23598952919  980  214  214.065379975  13.7480301099  0.0117736320293
1.23598952919  980  232  231.382753955  14.4942899822  -0.00927839540466
1.23598952919  981  249  249.468937195  17.5859518787  0.0261568672497
1.23598952919  981  267  267.387636592  19.0098523004  0.0267533604882
1.23598952919  982  285  285.578424095  18.802903357  0.0251347543007
1.23598952919  982  303  303.71523516  0.225029209875  0.0308494223792
1.23598952919  983  321  322.006031391  18.0125810552  0.0397312991567
1.23598952919  983  339  340.365510457  17.9656966402  0.0708697687754
1.23598952919  983  358  358.473585519  0.216253018082  0.0319402489882
1.23598952919  984  377  376.305465018  0.3243698986  -8.05628529512
1.23598952919  984  395  395.271200824  0.213665407025  0.0308772417535
1.23598952919  984  413  413.892678789  18.0140127232  0.059666537382
1.23598952919  984  432  432.608369421  18.9652097839  0.0442667895578
1.23598952919  985  451  451.708625321  21.0778975512  0.0545968847313
1.23598952919  985  471  470.616255574  20.417899563  0.00972293479467
1.23598952919  985  490  490.237096549  22.4771347659  0.0321552517313
1.23598952919  985  510  509.959643125  0.290390244988  0.0224163336038
1.23598952919  985  530  529.890398546  25.82354366  0.0193881013077
1.23598952919  985  550  550.42752046  0.374113871645  0.0313801258954
1.23598952919  985  572  571.309915804  31.953068718  -0.00712397386644
1.23598952919  985  594  592.883204075  31.9623402243  -0.00262628612314
1.23598952919  985  615  615.091535344  0.479744463768  0.0391798444228
1.23598952919  985  638  637.562714864  30.9098213722  0.0247603397456
1.23598952919  984  660  660.205780309  0.326516306884  0.0351603172103
1.23598952919  984  682  682.493415138  22.7303355681  0.0379277612142
1.23598952919  984  705  705.152920736  19.4654332728  0.0241450230908
1.23598952919  983  728  727.745092516  17.464153411  0.0166404896137
1.23598952919  983  751  750.823979123  15.8185998138  0.00932916749697
1.23598952919  982  774  774.250121811  15.3405725669  0.0215882265465
1.23598952919  982  798  797.822126399  14.0415727354  0.0155410267477
1.23598952919  981  822  821.705747314  13.393633456  0.00837306377609
1.23598952919  980  846  846.005885341  12.8025590065  0.0100561078229
1.23598952919  980  871  870.591047867  12.4226012158  0.0141661542926
1.23598952919  979  895  895.574905277  12.6896530909  0.0365105953757
1.23598952919  978  921  920.971981016  12.062666339  0.00748393789922
1.23598952919  977  946  946.651905225  12.8366751284  0.0292058249006
1.23598952919  976  973  972.536446845  12.5869397005  0.0192063208063
1.23598952919  974  999  999.049042912  12.5868935068  0.0304676709423
1.43002952919  969  2  1.69596775496  0.0591456017363  -0.539098802579
1.43002952919  970  18  17.6685269369  5.3598013576  -0.0186100542795
1.43002952919  971  33  33.3306826717  5.68660974305  0.00324735664206
1.43002952919  972  49  49.0344497055  5.90565665737  -0.0112946709867
1.43002952919  973  65  64.8659729745  6.15897684607  -0.0120756563432
1.43002952919  973  81  80.8052381371  6.36861399475  -0.0215852160041
1.43002952919  974  97  96.9793270365  6.50575945526  -0.00343954131823
1.43002952919  975  113  113.26056578  6.84817446464  0.0185459270415
1.43002952919  975  130  129.613318206  7.37256167316  -0.0015660758948
1.43002952919  976  146  146.099165192  7.75877663261  0.0236092931191
1.43002952919  977  163  162.259521453  0.0542242410424  -7.46429674461
1.43002952919  977  179  179.590130914  10.6222054464  0.0343954165916
1.43002952919  978  197  196.505035838  11.2267481153  -0.00201616385757
1.43002952919  979  214  213.898899719  13.0280081813  0.0174120207383
1.43002952919  979  231  231.455629812  0.191202876038  0.0345230541486
1.43002952919  980  249  249.357471016  17.3469660674  0.0197219294585
1.43002952919  980  267  267.300188018  18.7405279436  0.0195667825618
1.43002952919  981  285  285.410409929  19.1582459076  0.0229615385569
1.43002952919  981  303  303.570513667  18.6000789426  0.0215675339708
1.43002952919  982  321  321.8505226  0.21993644885  0.0313138315856
1.43002952919  982  339  340.21002564  18.3525430401  0.0628963312457
1.43002952919  982  358  358.376231577  18.2016346673  0.022668084819
1.43002952919  983  377  376.570835654  17.6010236499  0.00190315820576
1.43002952919  983  395  395.205462757  17.8663410818  0.0292437373703
1.43002952919  983  413  413.7598295  18.0490156661  0.0522266137758
1.43002952919  984  432  432.640226153  18.2691858259  0.0413677525077
1.43002952919  984  451  451.602712957  21.1430058944  0.053098141371
1.43002952919  984  471  470.608631743  20.4081691072  0.010040292805
1.43002952919  984  489  490.350451379  23.3640151147  0.0706473262911
1.43002952919  984  510  509.71726751  24.1975780264  0.0142479918478
1.43002952919  984  530  529.778415391  25.8206825627  0.013763408816
1.43002952919  984  550  550.336867723  29.8591933987  0.023869776015
1.43002952919  984  572  571.081771229  32.189549697  -0.0108491719261
1.43002952919  984  594  592.693750956  31.4766389184  -0.0052258830393
1.43002952919  984  615  615.088093775  34.9280088999  0.0352532231914
1.43002952919  984  638  637.679677572  31.0192821317  0.0274008015976
1.43002952919  983  660  659.828495538  26.507896478  0.0315927687524
1.43002952919  983  682  682.364633282  22.2497059059  0.0324805559562
1.43002952919  983  705  704.943578095  19.2649130078  0.0182389929051
1.43002952919  982  727  727.873256427  18.2404516262  0.0429289556063
1.43002952919  982  751  750.750072857  15.8606389702  0.0089068426498
1.43002952919  981  774  774.065904639  15.3462416435  0.0201779265585
1.43002952919  981  798  797.748590878  14.1906327732  0.0144263697588
1.43002952919  980  822  821.612913379  13.391929709  0.00782478981606
1.43002952919  980  846  845.81569052  12.7169757214  0.0115943678768
1.43002952919  979  871  870.528472555  12.6150837169  0.00670501119228
1.43002952919  978  896  895.389712412  12.2784751819  0.0195345963639
1.43002952919  977  921  920.861278471  12.3654051738  0.00273294257612
1.43002952919  976  947  946.567724359  12.4873923519  0.0165054114201
1.43002952919  975  972  972.606020463  12.9735612875  0.0317763277827
1.43002952919  974  999  999.021257537  12.5314299143  0.0330549635651
1.62406952919  968  2  1.59777835013  0.0552630661719  -0.583461447476
1.62406952919  969  17  17.5587316417  5.46414482152  0.017396409439
1.62406952919  970  33  33.1536984705  5.65107123193  -0.00519523521825
1.62406952919  971  49  48.8985361073  5.89833058184  -0.0146993255106
1.62406952919  972  65  64.7418614874  6.18443096203  -0.0168930729189
1.62406952919  972  81  80.6615712634  6.26266251241  -0.022384405114
1.62406952919  973  97  96.8380470977  6.53941772315  -0.00801192697181
1.62406952919  974  113  113.140513548  6.83337247679  0.0147354202237
1.62406952919  975  130  129.424175984  7.34392198724  -0.00505950907792
1.62406952919  975  146  145.97252726  7.81074032298  0.0173727245424
1.62406952919  976  163  162.592688541  8.75703298776  0.00349638233824
1.62406952919  976  179  179.347811539  10.3605917268  0.0305248246666
1.62406952919  977  197  196.363202408  11.2782165694  -0.00816783212925
1.62406952919  978  214  213.756563666  12.8968841074  0.00835887833744
1.62406952919  978  231  231.25262362  15.5867085352  0.0235999605253
1.62406952919  979  249  249.228191157  17.5347389363  0.0156745105764
1.62406952919  979  267  267.142792415  18.6899842924  0.00633625300133
1.62406952919  980  285  285.334411295  18.757736986  0.0137838273976
1.62406952919  980  303  303.407861889  18.6176386578  0.0170099463656
1.62406952919  981  321  321.737319677  0.222969268147  0.0300183254489
1.62406952919  981  340  339.915106284  18.1639174523  0.00727627876813
1.62406952919  981  358  358.334089297  17.9998061994  0.0276461202276
1.62406952919  982  377  376.433179505  17.7465033911  -0.00638805811148
1.62406952919  982  395  395.074623595  17.9316738238  0.0229394930683
1.62406952919  982  413  413.702851011  18.4343684188  0.046352940609
1.62406952919  983  432  432.498567375  18.7557007412  0.0446021089628
1.62406952919  983  451  451.387999841  19.3344014403  0.0460165601568
1.62406952919  983  470  470.730837715  21.6607007791  0.0448390713761
1.62406952919  983  490  489.874869665  21.3579776863  0.0228533200582
1.62406952919  983  509  509.812740446  24.8047767965  0.0485201850231
1.62406952919  983  530  529.714560847  25.8102517836  0.019051857508
1.62406952919  983  550  550.267508051  27.4568820322  0.0265020751054
1.62406952919  983  571  571.286585544  31.5964137161  0.0204819163054
1.62406952919  983  593  592.859522312  33.8990598698  0.0237386140681
1.62406952919  983  616  614.86416767  33.5852071803  2.0957548193e-05
1.62406952919  983  638  637.407693631  30.1770925631  0.0206482170947
1.62406952919  983  660  659.930846837  0.294127958208  0.0219122043369
1.62406952919  982  681  682.737323962  0.375387746601  0.0773602128119
1.62406952919  982  705  704.743539082  19.2466012594  0.0134131525141
1.62406952919  982  727  727.729361278  18.1714159714  0.0413547409558
1.62406952919  981  751  750.695778667  15.6642837244  0.0132881889658
1.62406952919  981  774  774.077932785  15.2069181772  0.017380435007
1.62406952919  980  798  797.628188424  13.7483378356  0.0113454886365
1.62406952919  979  821  821.619272682  13.4386196605  0.0281278564312
1.62406952919  979  846  845.827641909  12.78266221  0.0104876935527
1.62406952919  978  870  870.497321901  12.7658714752  0.0245960784562
1.62406952919  977  895  895.367219587  12.5872243408  0.0336775744185
1.62406952919  976  921  920.782943727  12.4542350164  0.00236408736226
1.62406952919  975  947  947.308040214  0.383332134578  -5.87861853851
1.62406952919  974  973  972.470235238  12.9544154225  0.0163194873756
1.62406952919  973  999  999.063473448  12.7172045161  0.0325834237237
1.81810952919  967  2  1.53189937978  0.0552424071744  -0.627499703944
1.81810952919  968  17  17.3916155221  5.40290338917  0.00934390289322
1.81810952919  969  33  33.012213243  5.65104467357  -0.0112575339749
1.81810952919  970  49  48.7289761634  5.9007654963  -0.0259633617042
1.81810952919  971  65  64.6528714048  6.07043514257  -0.0103644356116
1.81810952919  971  80  80.580362437  6.3550634734  0.000933465674559
1.81810952919  972  97  96.6641271454  6.55527460931  -0.0153445325679
1.81810952919  973  113  112.97719686  6.82890537083  0.00103688897815
1.81810952919  974  129  129.369072678  7.45475257835  0.0273753511636
1.81810952919  974  146  145.817868382  7.85028426641  0.0127805568282
1.81810952919  975  163  162.459648573  8.6504944326  -0.00667022593413
1.81810952919  976  179  179.311671441  9.95846388629  0.0349148674201
1.81810952919  976  196  196.35846635  11.3629943684  0.0299886655317
1.81810952919  977  213  213.798989864  13.7010000517  0.0468590784234
1.81810952919  977  231  231.09116195  15.5303406007  0.0159882044638
1.81810952919  978  249  248.987276852  17.4490122558  0.0069998396006
1.81810952919  978  267  266.932861039  17.8757657153  0.0039497446224
1.81810952919  979  285  285.129987772  18.3474154862  0.00549946737151
1.81810952919  979  303  303.274739231  18.5375017621  0.00770602735393
1.81810952919  980  321  321.519376094  18.4519209853  0.0206389006695
1.81810952919  980  339  339.955970665  17.4597899468  0.128637454987
1.81810952919  981  358  357.965152548  18.1786092248  0.0192474794171
1.81810952919  981  377  377.304827333  0.10652257673  -7.35267470678
1.81810952919  981  395  394.893415777  17.9898331964  0.0145318379099
1.81810952919  981  413  413.578997581  18.5822704051  0.0457152593727
1.81810952919  982  432  432.404307422  18.6621403094  0.0390446447165
1.81810952919  982  451  451.329597062  19.3577955835  0.0373337675438
1.81810952919  982  470  470.429823859  20.574950517  0.0437052595352
1.81810952919  982  489  490.097019596  0.305661907928  0.0613905711183
1.81810952919  982  509  509.689729937  24.5753789426  0.044750937071
1.81810952919  982  529  529.921260675  27.7588202366  0.0517323938417
1.81810952919  982  551  549.891385415  27.4955384556  -0.0171602292346
1.81810952919  982  571  571.270105303  32.7236447359  0.0239584662094
1.81810952919  982  594  593.27797262  0.560682067183  -9.07441545551
1.81810952919  982  615  615.066055895  34.0816631038  0.0368157967568
1.81810952919  982  637  637.656121846  31.2194047759  0.0530501765152
1.81810952919  982  660  659.874294309  25.9589708143  0.0247283083331
1.81810952919  981  682  682.068583221  22.0546529332  0.0311910245011
1.81810952919  981  704  704.795910339  19.6321411129  0.0419618664619
1.81810952919  981  727  727.701206462  18.1272121724  0.0344375371222
1.81810952919  980  751  750.502711108  15.8055709578  0.0111517943479
1.81810952919  980  774  773.874161573  14.8766531808  0.0166348249359
1.81810952919  979  797  797.564182847  14.3787914657  0.0297950043861
1.81810952919  978  821  821.478630162  13.1428158654  0.0191408379224
1.81810952919  978  846  845.721307295  12.9352651499  0.00992842836465
1.81810952919  977  871  870.381927737  12.7500814247  0.00639379522798
1.81810952919  976  895  895.303081385  12.7668128937  0.0359220544303
1.81810952919  975  921  920.678831017  12.4215358489  0.00502133805596
1.81810952919  974  947  946.296523561  12.5605116552  0.0139575723708
1.81810952919  973  972  972.467859746  13.1588206454  0.0296609080736
1.81810952919  972  999  998.917516128  12.6689167931  0.0344665997305
2.01214952919  966  2  1.47293513784  0.0563405411581  -0.671956075352
2.01214952919  967  17  17.1934490177  5.47525305439  -0.00197343666052
2.01214952919  968  33  32.8374168381  5.58855338476  -0.00704072661769
2.01214952919  969  49  48.5782575548  5.73360341318  -0.0279544616279
2.01214952919  970  64  64.5229174506  6.0513572855  0.00512639573421
2.01214952919  970  80  80.4620894344  6.48004343255  0.0038917164773
2.01214952919  971  96  96.5583183681  6.50091386597  0.0203439429771
2.01214952919  972  113  112.809415027  6.78760558544  0.000754275689813
2.01214952919  973  129  129.243511548  7.3789342371  0.0259721538728
2.01214952919  973  146  145.609417476  8.05469266975  -0.00636635611177
2.01214952919  974  162  162.361333175  8.7348376044  0.0316505664957
2.01214952919  975  179  179.239246916  9.89736255339  0.0349690436833
2.01214952919  975  196  196.147025959  11.4445876158  0.0265869803007
2.01214952919  976  213  213.613304144  13.871052193  0.0346892542119
2.01214952919  976  231  230.971662252  15.7532349348  0.0126894311899
2.01214952919  977  249  248.864900293  17.2838710881  0.00237102239742
2.01214952919  977  267  266.955454128  18.3475659383  -0.00265118913614
2.01214952919  978  285  284.981932366  18.208561026  0.00392578834549
2.01214952919  978  303  303.003775152  18.613444358  -0.00028335590273
2.01214952919  979  321  321.373764639  18.3448427054  0.0165191514057
2.01214952919  979  339  339.610566382  17.7620324323  0.033189020351
2.01214952919  980  357  358.21745144  17.4961213269  0.0536587867275
2.01214952919  980  376  376.360886462  0.215693960427  0.0297317687803
2.01214952919  980  395  394.643476394  17.628205715  0.00741961300507
2.01214952919  980  413  413.414110493  18.7444333013  0.0431521632307
2.01214952919  981  432  432.201525186  18.6073147657  0.0313304780089
2.01214952919  981  451  451.192069935  19.5674105738  0.033417943404
2.01214952919  981  470  470.332425198  22.2514366844  0.0380783295093
2.01214952919  981  490  489.647038476  23.0142800441  0.0162142100297
2.01214952919  981  510  509.187534113  23.1838865338  -0.00180350742427
2.01214952919  981  529  529.817030152  26.2782878944  0.046946386189
2.01214952919  981  550  549.97202872  27.6359238089  0.0229013598204
2.01214952919  981  571  571.200355902  32.6247791415  0.0248360818493
2.01214952919  981  594  593.278984235  0.563215729898  -9.04848802394
2.01214952919  981  615  615.11964509  33.9586693599  0.0353918633425
2.01214952919  981  637  637.651179917  30.4075148846  0.0494053529694
2.01214952919  981  659  660.230469917  27.1801650981  0.0680914632645
2.01214952919  980  682  682.056688974  0.264070030629  0.0241915416654
2.01214952919  980  704  704.7617861  19.217109534  0.0370559360875
2.01214952919  980  727  727.456710308  16.9787715831  0.0374984725898
2.01214952919  979  750  750.491928648  15.740400168  0.0272723795317
2.01214952919  979  773  773.947809996  15.1068864339  0.039399813395
2.01214952919  978  797  797.47529177  14.2858093776  0.0241372436148
2.01214952919  977  821  821.401696167  13.7613150942  0.0261130229994
2.01214952919  977  846  845.572277561  12.9152971106  0.00825426594594
2.01214952919  976  870  870.388326232  12.8784549187  0.0223881129864
2.01214952919  975  895  895.198519559  12.5728226333  0.0293424321828
2.01214952919  974  921  920.57799403  12.2798946914  -0.0011149872636
2.01214952919  973  946  946.343239034  12.7890602127  0.0251964998602
2.01214952919  972  972  972.39279384  12.9578784342  0.0284092301886
2.01214952919  971  999  998.807387425  12.4934768185  0.0235328112953
