# Band 2C   Etalon 1A   Slice 6
# Distortion map version 06.04.00 - date 2018-10-09
# Trace (isoalpha): Take pixel trace along specified slice, specified alpha position trace is built by taking the pixel in every detector row with alpha value closest to the one specified 
# xpos[i] = np.argmin(alpha_img[i,:])+funcs.find_nearest(alpha_img[i,:][(slice_img[i,:]!=0)],alpha_pos)
#    alpha       x  y      center         FWHM          skewness
0.0  818  13  12.9048179347  5.71596257593  -0.0133806744167
0.0  819  29  28.9247665038  6.01730565741  -0.00975188326712
0.0  820  45  44.9961531368  6.26841660674  -0.0169418631245
0.0  820  61  61.17774644  6.44938434452  -0.00655808432528
0.0  821  77  77.5976001923  6.75179004301  0.0180848295304
0.0  822  94  94.0322100715  7.07160004518  -0.00233933561333
0.0  823  111  110.571206717  7.48814742841  -0.0130859869755
0.0  823  127  127.400308593  7.8898215094  0.0210739586247
0.0  824  144  144.325041886  8.42739419234  0.0257201089279
0.0  824  161  161.346891387  9.77031330159  0.0275684840498
0.0  825  179  178.430363927  10.4374955246  -0.005171137372
0.0  826  196  195.807873558  11.6813845002  0.0131694800408
0.0  826  213  213.426828585  14.2917448838  0.0298216771517
0.0  827  231  231.312992402  16.7386732053  0.0279565868239
0.0  827  249  249.357007887  18.9884521983  0.020571615973
0.0  828  267  267.723417086  21.1557612712  0.0409795225196
0.0  828  286  286.313960366  22.306053334  0.0280554278208
0.0  829  305  305.083116109  23.632357826  0.00964036049356
0.0  829  323  324.235841007  25.4679585322  0.0962161443912
0.0  830  343  342.620262557  21.9769584698  -0.00917733493834
0.0  830  361  361.437229653  21.2402774762  0.0329998024633
0.0  830  379  380.83569967  22.9936718753  0.0918188850308
0.0  830  399  399.29108879  19.6830245297  0.0381953972978
0.0  831  418  418.452532207  0.252093032496  0.0453397998282
0.0  831  438  437.48629424  18.4761146036  0.00622959251783
0.0  831  457  457.07482217  0.241284601184  0.028703277358
0.0  831  477  476.675931226  19.9886545319  0.0129692194061
0.0  831  497  496.578481207  19.9965930617  0.0110084057288
0.0  831  517  517.085997351  21.1355200009  0.0223848668348
0.0  831  538  537.483808514  21.8760441938  0.00824717318538
0.0  831  559  558.620273623  23.6929984868  0.0153462159253
0.0  831  579  580.522956321  30.2827959916  0.0599698563538
0.0  831  603  601.886196348  29.1033015015  -0.00546071555968
0.0  831  625  624.855978955  0.369962139176  0.0308627316692
0.0  831  647  648.111308885  31.7998617714  0.059408720283
0.0  831  671  670.64677897  24.7545404088  0.0153577180058
0.0  830  694  693.988635667  21.2059315481  0.0161386713274
0.0  830  717  717.135799825  18.6690743948  0.0202647944271
0.0  830  740  740.620117681  0.212746357231  0.0333384183207
0.0  829  764  764.189349453  15.8087687552  0.0198354961944
0.0  829  788  788.090993755  14.5662965517  0.0113288391211
0.0  828  812  812.415163941  13.6890294694  0.0189580499058
0.0  827  837  836.84781645  13.096142927  0.010893204854
0.0  827  862  861.813533656  12.5840287286  0.00727355700396
0.0  826  887  887.000210785  12.5708935321  0.0322194049025
0.0  825  913  912.711558477  12.6033287164  0.00535985377161
0.0  824  939  938.565246953  0.223280570039  -10.6422935758
0.0  823  965  965.041147157  12.9679924595  0.0244724252114
0.0  822  992  991.847726708  13.3771232402  0.0235989540789
0.0  821  1019  1020.78956053  0.194351438717  13.0026108919
-1.79064241058  827  14  13.6260532605  5.59496387054  -0.0375659897689
-1.79064241058  828  29  29.6322086344  6.10447846739  0.0164032984167
-1.79064241058  828  46  45.5550500873  6.22758422256  -0.0264041957882
-1.79064241058  829  62  61.8478857381  6.46234609046  -0.014379640912
-1.79064241058  830  78  78.1845291233  6.73064527185  -0.0117207489198
-1.79064241058  831  95  94.6624877954  7.13431766505  -0.0114269832373
-1.79064241058  831  111  111.179281629  7.34486792472  0.00686374772516
-1.79064241058  832  128  127.992795772  7.86626947143  0.00658798749332
-1.79064241058  833  145  144.889604773  8.59218895166  0.0145420681514
-1.79064241058  833  162  161.780441908  9.13750916878  0.0145009543405
-1.79064241058  834  179  179.058840972  10.9709127783  0.0168674998963
-1.79064241058  835  197  196.404102212  12.7365597705  0.00950525923439
-1.79064241058  835  214  213.899241331  14.5020566598  0.00542234254771
-1.79064241058  836  232  231.942092346  16.6394587947  -0.00362746342038
-1.79064241058  836  250  249.77893183  18.8251768948  0.0110499781366
-1.79064241058  837  269  268.154041621  19.8258479245  -0.0479579474073
-1.79064241058  837  286  287.090098469  22.5364847927  0.0474847685031
-1.79064241058  838  305  305.917209466  22.616985052  0.0421072221315
-1.79064241058  838  324  324.312381005  22.4887863299  0.0177859579431
-1.79064241058  838  342  342.459056666  22.7056174252  0.0349015530942
-1.79064241058  839  361  362.154396027  22.7649531519  0.0555953529248
-1.79064241058  839  381  380.543539424  19.8922682208  -0.0019560931859
-1.79064241058  839  399  399.579307727  0.265415115976  0.0700949403728
-1.79064241058  840  419  418.481145285  19.3634016418  -0.00202288966324
-1.79064241058  840  438  437.902969767  20.3160431231  0.0176607535336
-1.79064241058  840  458  457.725181568  0.35527906354  8.03632714793
-1.79064241058  840  477  476.811893274  22.7189449583  0.0528793660579
-1.79064241058  840  497  497.035295887  0.248410209878  0.0276292551967
-1.79064241058  840  517  517.198208402  0.256466359524  0.0274487610599
-1.79064241058  840  538  537.71600762  22.3383404405  0.00872939317719
-1.79064241058  840  559  558.655348555  24.6956360489  0.0108481334704
-1.79064241058  840  581  580.118250398  26.0371527713  -0.00169364927121
-1.79064241058  840  602  602.582007478  29.8495821859  0.0420954343536
-1.79064241058  840  625  624.958674857  30.703516858  0.0357476689765
-1.79064241058  840  648  647.849379901  28.5447711463  0.0355254241522
-1.79064241058  840  671  670.878547527  23.8703020248  0.0369938822116
-1.79064241058  839  694  693.959054908  0.26256717248  0.0258219718917
-1.79064241058  839  717  717.170599808  18.2467968931  0.0268652224242
-1.79064241058  839  740  741.118299491  0.233429562513  0.028454432965
-1.79064241058  838  764  764.18924562  16.3830375913  0.030365007854
-1.79064241058  837  790  790.318659569  0.352571373162  -6.10662868379
-1.79064241058  837  812  812.257300383  13.6486331163  0.0266610422325
-1.79064241058  836  837  836.774695772  13.0713177714  -0.000835852188897
-1.79064241058  835  863  862.231010755  13.3370958035  0.0134682265558
-1.79064241058  835  887  886.575608446  13.2926551116  0.0125790495167
-1.79064241058  834  913  913.29905712  0.356867294902  -5.87826434578
-1.79064241058  833  938  938.494675917  13.3555391914  0.0369295386479
-1.79064241058  832  965  964.795498398  13.3665985751  0.0256355323716
-1.79064241058  831  992  991.610342729  14.5062647915  0.00957036874779
-1.79064241058  829  1019  1020.74857979  0.284604195042  9.07362652155
-1.59660241058  826  13  13.6076374846  5.73861139051  0.0198506479519
-1.59660241058  827  29  29.569139666  6.09577474394  0.0148662271279
-1.59660241058  828  46  45.5611224422  6.31663484585  -0.0313391274609
-1.59660241058  828  62  61.7524639203  6.54543513978  -0.0235605070404
-1.59660241058  829  78  78.1295141754  6.75856120058  -0.00794716850269
-1.59660241058  830  95  94.619409359  7.06389970946  -0.0181105433128
-1.59660241058  830  111  111.215030362  7.40133522363  0.00949116170011
-1.59660241058  831  128  127.92780753  7.8904131289  0.00187644738213
-1.59660241058  832  145  144.801260895  8.5004284486  0.0090301498467
-1.59660241058  832  162  161.76077106  9.20982615268  0.0111256444083
-1.59660241058  833  179  179.00130561  10.8692756445  0.0144626233052
-1.59660241058  834  197  196.248393983  11.7992637446  -0.00931919807536
-1.59660241058  834  214  213.80300427  13.5894070217  0.0128464754837
-1.59660241058  835  231  231.781550899  16.4433159893  0.0450326994869
-1.59660241058  835  250  249.55150192  19.5654579157  -0.0102928863748
-1.59660241058  836  268  268.138105406  21.3493772425  0.01284057812
-1.59660241058  836  287  286.63857243  23.0065261247  -0.00923695196819
-1.59660241058  837  305  305.552604331  23.403217393  0.0283060388139
-1.59660241058  837  324  324.222730962  23.3281708834  0.0206429945298
-1.59660241058  838  343  343.027708146  21.8502475791  0.00509507175791
-1.59660241058  838  361  362.177486241  0.322607746397  0.0684053712557
-1.59660241058  838  381  380.540019345  19.9447049763  0.000954015121381
-1.59660241058  838  400  399.437344434  19.3524886205  0.0033969415259
-1.59660241058  839  419  418.600739756  18.9376575552  0.0106917248229
-1.59660241058  839  438  437.90427156  19.9522617538  0.0229540634757
-1.59660241058  839  458  454.178351942  17.0702430972  -0.152430952356
-1.59660241058  839  477  477.087866074  19.6672787525  0.0330746492307
-1.59660241058  839  497  497.017692044  0.244065675932  0.0261702486187
-1.59660241058  839  517  517.138741097  20.7460925215  0.0249760588382
-1.59660241058  839  538  537.720587299  22.2547176819  0.00921258179598
-1.59660241058  839  559  558.595914152  23.199165709  0.012853572068
-1.59660241058  839  580  580.206780014  26.879089454  0.0227267964326
-1.59660241058  839  602  602.51181304  30.8764799181  0.0310311169456
-1.59660241058  839  626  624.631567299  29.6423002335  -0.00423443272185
-1.59660241058  839  648  647.796239618  28.1592636994  0.0217240690095
-1.59660241058  839  671  671.149760445  24.6323862214  0.0294684230639
-1.59660241058  838  693  694.322482974  23.3710000045  0.0573013515245
-1.59660241058  838  717  717.284994288  18.5399809122  0.0222680499773
-1.59660241058  838  740  740.659659187  0.211907447725  0.0311412278076
-1.59660241058  837  764  764.301620804  15.6220888659  0.0214620849661
-1.59660241058  837  788  788.224716924  14.8540898459  0.015784661233
-1.59660241058  836  812  812.377737937  13.7035347085  0.0185087579407
-1.59660241058  835  837  836.905740362  13.0854696586  0.00891089499458
-1.59660241058  835  862  861.781744465  12.8892988657  0.00989963195985
-1.59660241058  834  887  886.821755332  12.6931133668  0.0232102763442
-1.59660241058  833  913  912.541869013  12.5607174406  0.00263731939876
-1.59660241058  832  939  938.528978908  12.9426938404  0.0142952176848
-1.59660241058  831  965  964.9530953  13.0707142118  0.0232256517
-1.59660241058  830  992  991.710965069  13.6439942499  0.0207827008764
-1.59660241058  828  1020  1019.91491349  0.168414468334  0.245752067991
-1.40256241058  825  13  13.5173348515  5.73724329239  0.0163439774108
-1.40256241058  826  29  29.4809918763  6.02432410809  0.00438069233194
-1.40256241058  827  45  45.5234513106  6.39757495109  0.00774712305305
-1.40256241058  827  62  61.6599218536  6.52941638707  -0.0316893389745
-1.40256241058  828  78  78.044383654  6.73649202972  -0.0113510993421
-1.40256241058  829  95  94.2811863026  0.41724243998  -6.03586859011
-1.40256241058  830  111  111.157268286  7.41569950137  0.00779830818465
-1.40256241058  830  128  127.867887517  7.90747413817  0.00273158941483
-1.40256241058  831  145  144.250903619  0.0523678716451  -7.73773645144
-1.40256241058  832  162  161.786463633  9.25503402443  0.00893542405924
-1.40256241058  832  179  178.915872795  10.3410417695  0.0182622397217
-1.40256241058  833  196  196.32662313  12.5011413625  0.0318152453589
-1.40256241058  833  214  213.754198989  13.4289992788  0.0065564923472
-1.40256241058  834  231  231.728805674  16.4272073663  0.0455077842418
-1.40256241058  834  250  249.57616371  18.7641530495  -0.00645522160224
-1.40256241058  835  268  268.057971549  21.0976801809  0.00960657688971
-1.40256241058  835  286  286.696320127  22.8681096651  0.0335052394664
-1.40256241058  836  305  305.596578249  23.8380724951  0.0297902135733
-1.40256241058  836  323  324.721793944  0.928751342562  0.0957209478663
-1.40256241058  837  343  342.94299552  22.7424775633  0.0136392428963
-1.40256241058  837  362  361.724275853  21.2313995835  0.00525073178115
-1.40256241058  837  381  380.574119168  20.0966183272  0.0038181077031
-1.40256241058  838  400  399.474263099  19.466408279  0.0068829395278
-1.40256241058  838  419  418.510500034  18.7562425901  0.00656103316326
-1.40256241058  838  438  437.867482917  19.911682048  0.0241987514423
-1.40256241058  838  459  459.410203869  0.120260942597  12.3984567426
-1.40256241058  838  477  477.070034362  0.238780566013  0.0264307609157
-1.40256241058  838  497  496.948597583  20.3851080559  0.0233051689075
-1.40256241058  838  517  517.220251132  0.253108569312  0.027953850319
-1.40256241058  838  538  537.650570888  22.3439604075  0.00816864338815
-1.40256241058  838  559  558.585472885  25.1078383986  0.00857288189938
-1.40256241058  838  581  580.136913254  25.5039775174  0.0007323622336
-1.40256241058  838  602  602.420520728  28.8987393499  0.0350437481549
-1.40256241058  838  624  625.194923606  33.5221471028  0.0584168452055
-1.40256241058  838  648  647.709522845  28.1037298311  0.017167930639
-1.40256241058  838  671  671.061985272  24.6582220864  0.0246231515453
-1.40256241058  837  693  694.380664706  23.8948123395  0.064850462211
-1.40256241058  837  717  717.209942178  18.6870635032  0.0218019972976
-1.40256241058  837  740  740.674601143  17.518807959  0.02682898978
-1.40256241058  836  764  764.276479354  15.6937516343  0.0232323112236
-1.40256241058  836  788  788.246731021  14.4800770839  0.0206757417602
-1.40256241058  835  812  812.442762856  13.7230866715  0.0189774023696
-1.40256241058  834  837  836.915767149  12.9188527511  0.0073544590569
-1.40256241058  834  862  861.827530088  12.7355468402  0.0122739902866
-1.40256241058  833  887  886.901830276  12.6031856719  0.0228728855648
-1.40256241058  832  913  912.541613037  12.6579402132  0.00262833587022
-1.40256241058  831  939  938.537196466  12.946408226  0.0123817503263
-1.40256241058  830  965  964.975147784  13.1867229295  0.0237879529766
-1.40256241058  829  992  991.778097085  13.2142642518  0.0203784856996
-1.40256241058  828  1019  1020.78846006  0.197175296215  12.9199386622
-1.20852241058  824  13  13.4432442957  5.74296576206  0.012474942133
-1.20852241058  825  29  29.4000064817  5.99252176162  0.00222770807978
-1.20852241058  826  45  45.4910828247  6.31539710267  0.003615380137
-1.20852241058  826  62  61.6103547236  6.50546701295  -0.0283082263831
-1.20852241058  827  78  77.9567670959  6.75918378665  -0.0161101104837
-1.20852241058  828  94  94.5178731222  7.05818382656  0.0148226112228
-1.20852241058  829  111  111.023325923  7.45073574386  -0.00116612624822
-1.20852241058  829  128  127.797306703  7.91060144353  0.00192024655211
-1.20852241058  830  145  144.658928586  8.47828125896  0.00321824999689
-1.20852241058  831  162  161.645851808  9.33740595632  0.00570044416172
-1.20852241058  831  179  178.251325146  0.251720241505  -8.07607189343
-1.20852241058  832  196  196.238390108  12.193380854  0.0232145633377
-1.20852241058  832  214  213.713654851  13.3159624535  0.0101734440507
-1.20852241058  833  231  231.658422858  16.4359976233  0.0399136022058
-1.20852241058  833  250  249.535258927  17.6089949238  -0.00408981021548
-1.20852241058  834  267  268.260326146  0.278323512464  0.0666812096467
-1.20852241058  834  286  286.575627566  22.7561997659  0.0297962129318
-1.20852241058  835  305  305.507239912  23.6412151292  0.0313011898066
-1.20852241058  835  323  324.692223423  26.669256626  0.0831421591148
-1.20852241058  836  343  342.879924454  22.0289853006  0.00539049886593
-1.20852241058  836  361  362.143447488  0.310771290346  0.061615321594
-1.20852241058  836  381  380.391496646  19.9064253108  -0.000934711298432
-1.20852241058  837  399  399.615982691  20.9896206038  0.0493589577805
-1.20852241058  837  419  418.466501485  18.5734339957  0.00663279284679
-1.20852241058  837  437  438.194609596  22.1086986053  0.0683890178245
-1.20852241058  837  460  461.92112086  0.155645715137  12.4424226412
-1.20852241058  837  477  476.968093178  20.0030057748  0.0255849898915
-1.20852241058  837  497  496.93021135  20.1199776905  0.0197755368429
-1.20852241058  838  517  517.179397078  20.7150604058  0.0307080302396
-1.20852241058  838  538  537.650570888  22.3439604075  0.00816864338815
-1.20852241058  838  559  558.557747248  23.6984171813  0.0104797717885
-1.20852241058  837  580  580.246447234  27.3309505513  0.0303277262577
-1.20852241058  837  603  601.972431906  28.6208981944  -0.00312391454821
-1.20852241058  837  625  624.8070393  30.7857869782  0.0268790026945
-1.20852241058  837  647  648.191783895  31.8727402459  0.0625245012704
-1.20852241058  837  671  670.963209714  0.303863399017  0.0213499909133
-1.20852241058  836  693  694.45278226  23.15475536  0.0601152027558
-1.20852241058  836  717  717.217697259  19.6545212243  0.0255055997295
-1.20852241058  836  741  740.548654032  16.3663472447  0.0049637566891
-1.20852241058  835  764  764.240329201  15.5680271107  0.0199269545008
-1.20852241058  835  788  788.236291025  14.4737783428  0.0178397555299
-1.20852241058  834  812  812.395048853  13.7337902235  0.0160464851517
-1.20852241058  833  837  836.889986095  13.0075733399  0.00954039627154
-1.20852241058  833  862  861.841153363  12.8750184811  0.0114058073195
-1.20852241058  832  887  886.880233297  12.5731103288  0.0251134757861
-1.20852241058  831  913  912.53759508  12.9057765236  0.00825686109202
-1.20852241058  830  939  938.609154154  12.9549419212  0.0156157016997
-1.20852241058  829  965  965.023769164  13.023540222  0.0217148508935
-1.20852241058  828  992  991.747232031  13.1104423487  0.0226977237874
-1.20852241058  827  1019  1020.79702148  0.196024902673  13.2656879997
-1.01448241058  823  13  13.3410538007  5.76833291544  0.00819038808954
-1.01448241058  824  29  29.3105217247  5.99351575718  -0.00311558305648
-1.01448241058  825  45  45.3957663204  6.38931025777  0.0070684110046
-1.01448241058  825  61  61.5708456056  6.51145498325  -0.000281386736403
-1.01448241058  826  78  77.8826500564  6.81197415003  -0.0159459524504
-1.01448241058  827  94  94.4523693679  7.04586204462  0.0130071393121
-1.01448241058  828  111  111.049947406  7.41550366935  0.00408816299534
-1.01448241058  828  128  127.729470947  7.86787372147  0.00201174666176
-1.01448241058  829  145  144.616135616  8.50970180216  0.00253594755088
-1.01448241058  830  162  161.636879327  9.23712729387  0.00364265629796
-1.01448241058  830  179  178.738958812  10.2804859074  0.0111753551511
-1.01448241058  831  196  196.126590047  12.2959598157  0.0198697802454
-1.01448241058  831  214  213.592215644  13.707368081  -0.0060314348129
-1.01448241058  832  231  231.527112251  16.4280147967  0.0372978332137
-1.01448241058  832  249  249.335444725  18.9308624045  0.0
-1.01448241058  833  268  267.859394959  21.4436583896  0.00479430151112
-1.01448241058  833  287  286.368570117  0.285029731541  -0.0222841743358
-1.01448241058  834  305  305.316337741  0.283629189836  0.0244905727235
-1.01448241058  834  324  324.11230039  23.1701924785  0.0123531513529
-1.01448241058  835  343  342.888681059  22.2011698488  0.00616610435468
-1.01448241058  835  361  361.412007873  23.3553128892  0.0
-1.01448241058  835  381  380.26794672  19.7004004177  -0.00365089827832
-1.01448241058  836  399  399.606190921  20.6909757829  0.0414627801674
-1.01448241058  836  419  418.470811601  18.8536735052  0.00549224949205
-1.01448241058  836  437  438.044337748  21.8250128608  0.113460421052
-1.01448241058  836  457  457.544285493  0.242518651632  0.0483888285637
-1.01448241058  836  477  476.928443475  19.8745535609  0.0256914895432
-1.01448241058  836  497  496.782358416  20.2837002209  0.0166854735145
-1.01448241058  837  518  518.306777097  0.376887047947  -7.41890906314
-1.01448241058  837  538  537.718857689  22.1906920129  0.0127620539443
-1.01448241058  837  559  558.561177538  25.3490883915  0.00427262491293
-1.01448241058  836  581  580.167106433  27.0191623522  -0.00432479089957
-1.01448241058  836  603  601.860486319  29.2315405605  -0.00775592826361
-1.01448241058  836  626  624.745661848  29.7933976115  -0.010390408992
-1.01448241058  836  648  647.929955282  27.9028213454  0.0253985863316
-1.01448241058  836  671  670.959510423  24.6615820259  0.0238593120091
-1.01448241058  835  694  693.961835238  0.260624543027  0.026567994165
-1.01448241058  835  717  717.304959002  19.3581681215  0.0244709531598
-1.01448241058  835  741  740.590873955  16.3733279242  0.00664057967889
-1.01448241058  834  764  764.290383112  15.6670581727  0.0194906669066
-1.01448241058  834  788  788.224001411  14.53399888  0.0188410765264
-1.01448241058  833  812  812.449098324  13.6195272452  0.0192518939242
-1.01448241058  832  837  836.911817623  12.9577447178  0.00970817909827
-1.01448241058  832  862  861.785839301  12.6094198145  0.0122109053038
-1.01448241058  831  887  886.885707281  12.4835313701  0.0234662492066
-1.01448241058  830  913  912.581268409  12.4654779324  0.000852964706132
-1.01448241058  829  938  938.674427985  13.0576591721  0.0316346187037
-1.01448241058  828  965  965.015539657  13.0218058631  0.0214725149864
-1.01448241058  827  992  991.751822937  13.2365013258  0.0166631194734
-1.01448241058  826  1019  1020.78731047  0.196682532195  12.8693887134
-0.82044241058  822  13  13.265702662  5.7390603407  0.00277228172481
-0.82044241058  823  29  29.2190846561  5.93675296809  -0.00286317658402
-0.82044241058  824  45  45.3434404919  6.2511240201  0.000390875904001
-0.82044241058  824  61  61.4749927172  6.46132731008  -0.00116557673212
-0.82044241058  825  78  77.7807562053  6.7930786401  -0.0196657221358
-0.82044241058  826  94  94.3449749349  7.06067121802  0.00801258853514
-0.82044241058  827  111  110.959608719  7.60299025313  0.00814262320384
-0.82044241058  827  128  127.595763623  7.95274908217  -0.00827985713477
-0.82044241058  828  145  144.534770905  8.50999714461  -0.00242449220278
-0.82044241058  829  162  161.572068503  9.39078882333  0.00750823782375
-0.82044241058  829  179  178.716130061  10.3322552753  0.00640811198298
-0.82044241058  830  196  196.095485577  12.3396638121  0.0176831743483
-0.82044241058  830  214  213.58241397  13.5996379588  9.68656687699e-05
-0.82044241058  831  231  231.526997355  16.3947448862  0.0363067644534
-0.82044241058  831  250  249.462278774  19.3775924364  -0.0187376201739
-0.82044241058  832  268  267.822913812  21.5712935725  0.000251114192581
-0.82044241058  832  287  286.220661145  22.761299648  -0.0172365149512
-0.82044241058  833  305  305.347733133  23.3332642784  0.0250817223973
-0.82044241058  833  323  324.484184047  23.7779285091  0.0729771385044
-0.82044241058  834  342  343.08151702  22.383656281  0.0536304632143
-0.82044241058  834  361  362.008540999  23.7072742738  0.0585317295365
-0.82044241058  834  381  380.244446567  19.7968491239  -0.00670548383274
-0.82044241058  835  399  399.570548297  20.6326843832  0.0475222093407
-0.82044241058  835  419  418.477053315  18.8962206313  0.008347597391
-0.82044241058  835  438  437.664906813  18.5569453619  0.01464871511
-0.82044241058  835  457  457.3380483  19.5846197183  0.0365188800187
-0.82044241058  835  477  476.905182006  19.9999896878  0.0242729523403
-0.82044241058  835  497  496.85301233  20.6032653661  0.0203507232161
-0.82044241058  836  517  517.164709274  0.254252477953  0.0263488845052
-0.82044241058  836  537  537.846885705  0.280236776127  0.0419240202619
-0.82044241058  836  558  558.903395379  25.9683959406  0.0421450703614
-0.82044241058  836  581  580.288176991  0.291800840829  -8.88720060015
-0.82044241058  835  602  602.222697912  29.0847045486  0.0321429445473
-0.82044241058  835  625  624.78214161  29.2498950947  0.0233798576641
-0.82044241058  835  648  647.857221081  27.9254487189  0.0243893226633
-0.82044241058  835  671  671.046800432  0.302418088515  0.0234903977989
-0.82044241058  834  694  694.065080106  0.258507899115  0.0258507201334
-0.82044241058  834  717  717.246932053  19.6239275646  0.0250214812623
-0.82044241058  834  741  740.539192567  16.3456745176  0.00624131744193
-0.82044241058  833  764  764.269150741  15.6583034844  0.0194528313684
-0.82044241058  833  788  788.171028163  14.5754368608  0.0143871854821
-0.82044241058  832  812  812.454523729  13.6388031728  0.0214837884745
-0.82044241058  831  837  836.894356235  13.0380751034  0.0136884425184
-0.82044241058  831  862  861.738165723  12.6535012102  0.00844341746247
-0.82044241058  830  887  886.905266993  12.5802489908  0.0259270795028
-0.82044241058  829  913  912.216081157  11.4746691909  -0.0721043556799
-0.82044241058  828  938  938.641910804  13.1536335103  0.0280052043606
-0.82044241058  827  965  965.015926739  13.1497129388  0.0234605331791
-0.82044241058  826  992  991.785468555  13.2420984867  0.0214365215628
-0.82044241058  825  1019  1020.78091079  0.195451089679  12.6775181777
-0.62640241058  821  13  13.1937032813  5.82507067371  0.000403144698065
-0.62640241058  822  29  29.1499787065  5.98726646538  -0.00605141337437
-0.62640241058  823  45  45.220513422  6.28187656061  -0.00117875213766
-0.62640241058  823  61  61.4517965446  6.59766544934  -0.00223886885776
-0.62640241058  824  78  77.7339807983  6.77082830175  -0.0208136730975
-0.62640241058  825  94  94.266080837  7.05894049623  0.00524056096154
-0.62640241058  826  111  110.868827616  7.65512834267  -0.00128442167164
-0.62640241058  826  128  127.57007012  7.95268950314  -0.00369367206245
-0.62640241058  827  145  144.468930032  8.51385154262  -0.0051935637892
-0.62640241058  828  162  161.514805709  9.3239363761  -0.0035258552666
-0.62640241058  828  179  178.612049643  10.3118653515  0.00444829786788
-0.62640241058  829  196  196.050577186  12.4723065386  0.0157440390774
-0.62640241058  829  214  213.518779417  13.4868737811  -0.00214264953736
-0.62640241058  830  231  231.450452105  0.199758918064  0.0326385266939
-0.62640241058  830  249  249.493248345  18.7499035743  0.0329155565797
-0.62640241058  831  268  267.679427844  21.9689856861  -0.00813848572941
-0.62640241058  831  286  286.60570963  22.9173082146  0.0304774484821
-0.62640241058  832  305  305.351026531  23.3564180613  0.0252524147033
-0.62640241058  832  323  324.421578986  0.359708566283  0.068900078971
-0.62640241058  833  343  342.756144761  22.2653526507  -0.00218897394789
-0.62640241058  833  361  361.842282928  23.1735509612  0.0524254166801
-0.62640241058  833  381  381.309397451  0.364284505244  -7.5109800368
-0.62640241058  834  399  399.507697905  20.6122317368  0.0498369670048
-0.62640241058  834  419  418.415332308  18.6742268634  0.00380669143403
-0.62640241058  834  437  437.899408495  19.9040260296  0.0599520568194
-0.62640241058  834  457  457.270513247  19.7773189641  0.037135131728
-0.62640241058  834  477  476.842593972  19.9892998642  0.0196533986321
-0.62640241058  835  497  496.746644086  20.5197105744  0.0231911520555
-0.62640241058  835  517  517.176904461  0.250773616085  0.0263855477195
-0.62640241058  835  538  537.5109351  22.2795612629  0.00045729375114
-0.62640241058  835  558  558.797367641  25.9969290485  0.0435628898806
-0.62640241058  835  581  579.952061816  27.0652135552  -0.00528655890617
-0.62640241058  834  603  602.056365908  28.8128832569  -0.00444098248598
-0.62640241058  834  625  624.760472154  29.1684162731  0.0172359497071
-0.62640241058  834  648  647.745234708  28.0328023197  0.0223101206878
-0.62640241058  834  671  671.006212513  0.304398518997  0.0211739103765
-0.62640241058  834  694  693.974129515  21.5339660453  0.0234164715163
-0.62640241058  833  717  717.174980029  18.8037769838  0.0235158133248
-0.62640241058  833  740  740.711422741  0.21245046358  0.0309328343627
-0.62640241058  832  764  764.284550525  15.6444359432  0.019014448708
-0.62640241058  832  788  788.123960625  14.5974951208  0.0174576120445
-0.62640241058  831  812  812.46182675  13.4912824542  0.0198075641049
-0.62640241058  830  837  836.963243291  12.8893534951  0.00963707477739
-0.62640241058  830  862  861.749891618  12.6685046809  0.0109887748839
-0.62640241058  829  887  886.911036311  12.6095898846  0.0260167469733
-0.62640241058  828  913  912.425900545  11.4349615476  -0.0645762174096
-0.62640241058  827  939  938.544875347  12.9118068926  0.010587797643
-0.62640241058  826  965  965.030081519  13.1631175722  0.0232544071019
-0.62640241058  825  992  991.807751728  13.1965907477  0.0202623065865
-0.62640241058  824  1019  1020.78351135  0.19503493581  12.7638640075
-0.43236241058  820  13  13.1140437923  5.79405939337  -0.00155241832989
-0.43236241058  821  29  29.0717415229  6.00359652608  -0.0059594935691
-0.43236241058  822  45  45.1658282899  6.27008775264  -0.00813367680253
-0.43236241058  822  61  61.3282369211  6.55963488441  -0.000789878846277
-0.43236241058  823  78  77.678858235  6.73298001965  -0.0249949985252
-0.43236241058  824  94  94.2175978462  7.02567796361  0.002344302336
-0.43236241058  825  111  110.790870037  7.57602736585  -0.00138433592908
-0.43236241058  825  128  127.486506177  7.99080492449  -0.0132166044344
-0.43236241058  826  144  144.508026795  8.829326419  0.0296078671415
-0.43236241058  827  162  161.411094592  9.37120416162  -0.000354597698482
-0.43236241058  827  179  178.546717399  10.3683248577  -0.003016184337
-0.43236241058  828  196  195.923181203  12.3860491615  0.00967288461932
-0.43236241058  828  214  213.390681975  13.1752202212  -0.00232567359429
-0.43236241058  829  231  231.399607431  16.7261733709  0.0279844008349
-0.43236241058  830  249  249.52734561  18.6245973375  0.0340286674196
-0.43236241058  830  267  267.915008111  21.8349086038  0.0494317263324
-0.43236241058  830  286  286.389696786  23.2561183091  0.0211021637569
-0.43236241058  831  305  305.218255944  23.1629986004  0.0139220995263
-0.43236241058  831  323  -331052.825337  1359038.01295  -0.102512837027
-0.43236241058  832  342  342.891920129  22.4707522146  0.0413974260771
-0.43236241058  832  361  361.794959728  22.9560279313  0.048398888159
-0.43236241058  832  381  381.301794768  0.361780417873  -7.65435726396
-0.43236241058  833  399  399.395923828  19.6401009992  0.0423028318388
-0.43236241058  833  418  418.428958789  19.0601743524  0.039762335046
-0.43236241058  833  437  437.878731185  19.7847932677  0.0641745352786
-0.43236241058  833  457  457.237790671  19.5571897488  0.0326091631146
-0.43236241058  833  477  476.738101628  19.8354732664  0.014200915105
-0.43236241058  834  497  496.769542966  20.675483385  0.0189688212081
-0.43236241058  834  517  517.089185889  21.410984161  0.0236315253105
-0.43236241058  834  538  537.569508241  22.4658756714  0.00704950815351
-0.43236241058  834  559  558.480178752  25.2116766082  0.00400675691116
-0.43236241058  834  581  579.992915959  27.3829745418  -0.00545055200942
-0.43236241058  833  603  601.925334293  29.4649878847  -0.00298037071879
-0.43236241058  833  625  624.743379753  29.021483058  0.0228901129653
-0.43236241058  833  648  647.841642765  28.0661905705  0.0253890579815
-0.43236241058  833  671  670.933645085  0.300136495819  0.0215343197169
-0.43236241058  833  694  694.136678013  0.259800358457  0.0243940155229
-0.43236241058  832  717  717.167004588  18.6120919754  0.0214347247911
-0.43236241058  832  740  740.69665174  0.212489951714  0.0320595132236
-0.43236241058  831  764  764.267727935  15.8137107705  0.0214488877529
-0.43236241058  831  788  788.13961159  14.3443474143  0.0137700703091
-0.43236241058  830  812  812.455459855  13.5603107127  0.0199662104418
-0.43236241058  830  837  836.833512999  12.9791710123  0.008741838085
-0.43236241058  829  862  861.71947033  12.6743975244  0.00762373248129
-0.43236241058  828  887  886.944871582  12.6628273857  0.0272044917566
-0.43236241058  827  913  912.655513341  11.4484081525  -0.0300447890083
-0.43236241058  826  938  938.482465581  12.5730569812  0.0179106509394
-0.43236241058  825  965  965.050697059  13.1103689179  0.0240759228096
-0.43236241058  824  992  991.806992129  13.1704891528  0.0217339312837
-0.43236241058  823  1019  1020.78182957  0.194373836423  12.6776642489
-0.23832241058  819  13  13.0331355292  5.73583939514  -0.00774780331268
-0.23832241058  820  29  28.988635091  6.03745320063  -0.0084076468896
-0.23832241058  821  45  45.1015931704  6.29093195514  -0.0069899926137
-0.23832241058  821  61  61.3028748364  6.5033867483  -0.00229507803449
-0.23832241058  822  78  77.6082332532  6.75619171296  -0.0214329824366
-0.23832241058  823  94  94.1051616392  7.02013076465  -0.00299199167238
-0.23832241058  824  111  110.761735095  7.46148968379  -0.00454416249164
-0.23832241058  824  127  127.498973382  7.94679638674  0.0245938210135
-0.23832241058  825  144  144.411010662  8.80825599892  0.0275645077281
-0.23832241058  826  162  161.393758373  9.30446841049  -0.00445541596694
-0.23832241058  826  179  178.492806162  10.404394829  -0.00175240646725
-0.23832241058  827  196  195.89941995  12.3440078584  0.00589172473373
-0.23832241058  827  214  214.3061289  0.338500573585  -6.05740748807
-0.23832241058  828  231  231.352228995  16.6422455525  0.0280450167505
-0.23832241058  829  249  249.324286135  19.3793814326  0.0240215942078
-0.23832241058  829  267  267.840434312  21.5413438254  0.0497503701685
-0.23832241058  830  286  286.482292461  0.277022579578  0.0247281775376
-0.23832241058  830  305  289.259437831  56.7477290487  -99.3923373707
-0.23832241058  830  323  323.621253214  23.4182482477  0.0
-0.23832241058  831  342  342.824788555  22.5240660683  0.0366717657181
-0.23832241058  831  361  361.52037841  21.4004623759  0.0311852893126
-0.23832241058  831  380  380.272867772  20.6802364802  0.0158592097485
-0.23832241058  832  399  399.357039297  19.5237584386  0.0383674771349
-0.23832241058  832  418  418.384262933  19.4464087532  0.0429475203743
-0.23832241058  832  437  437.279732543  20.2140272043  0.0
-0.23832241058  832  457  457.158154178  19.6565883678  0.0343844252822
-0.23832241058  832  477  476.687725391  19.6990862187  0.0179989157245
-0.23832241058  833  497  496.703809145  20.5797334642  0.0103628362045
-0.23832241058  833  517  517.01847878  21.9286115165  0.0196831937527
-0.23832241058  833  538  537.560985585  22.317158826  0.0113541459162
-0.23832241058  833  558  558.756011259  0.317897881335  0.0369496411149
-0.23832241058  833  580  580.303970094  27.6341234026  0.0279378207789
-0.23832241058  833  603  602.144289077  29.6722639527  0.00163947386329
-0.23832241058  832  625  624.788990354  29.9019192335  0.0284354712617
-0.23832241058  832  648  647.759412487  28.1092541879  0.024438769751
-0.23832241058  832  671  670.774079404  24.6860076077  0.018891356043
-0.23832241058  832  694  693.924625154  20.9119702358  0.0211324360359
-0.23832241058  831  717  717.082525427  18.5640188203  0.0200962249534
-0.23832241058  831  740  740.641087262  0.211630908362  0.0312009932717
-0.23832241058  830  764  764.236837628  15.6415981191  0.0171544510267
-0.23832241058  830  788  788.147541499  14.3916702596  0.0140724508405
-0.23832241058  829  812  812.372829369  13.627713738  0.0185589178405
-0.23832241058  829  837  836.877506076  13.0895121524  0.00799095370029
-0.23832241058  828  862  861.778136791  12.5602600272  0.0109218091495
-0.23832241058  827  887  886.931640229  12.553854199  0.0274499293298
-0.23832241058  826  913  912.692561114  12.8176857046  0.0198214037851
-0.23832241058  825  938  939.67436778  0.43408935584  6.10773651159
-0.23832241058  824  965  965.060429935  12.9066954209  0.0241621058106
-0.23832241058  823  992  991.836024203  13.3196004726  0.023174887165
-0.23832241058  822  1019  1020.79115357  0.193309737737  13.0497317505
-0.04428241058  818  13  12.9060112318  5.72235699167  -0.0146434226712
-0.04428241058  819  29  28.9221717073  6.02937385992  -0.00642427896639
-0.04428241058  820  45  45.0190110288  6.23372514383  -0.0149172534426
-0.04428241058  821  61  61.1869671248  6.51553456452  -0.00561745361336
-0.04428241058  821  77  77.6020272917  6.76953947364  0.0154834523046
-0.04428241058  822  94  94.0322924859  7.07122435547  -0.00233788067903
-0.04428241058  823  111  110.644561056  7.49989782117  -0.00709195568247
-0.04428241058  823  127  127.445524274  7.98662294168  0.018490858086
-0.04428241058  824  144  144.325041886  8.42739419234  0.0257201089279
-0.04428241058  825  161  161.434851744  9.85482205571  0.0330615199274
-0.04428241058  825  179  178.400761799  10.4750867919  -0.00704663602734
-0.04428241058  826  196  195.799893444  12.3074649914  0.00634646685125
-0.04428241058  827  214  213.326364629  13.5185233166  -0.0074674782953
-0.04428241058  827  231  231.312992402  16.7386732053  0.0279565868239
-0.04428241058  828  249  249.355111927  18.8973062495  0.0236817929415
-0.04428241058  828  267  267.402752837  23.5816988206  0.0
-0.04428241058  829  287  287.332210066  0.306635548365  -7.80965223362
-0.04428241058  829  305  305.083116109  23.632357826  0.00964036049356
-0.04428241058  829  323  324.223269294  25.368731559  0.0509145812661
-0.04428241058  830  343  342.624574617  22.0289681492  -0.0104638824258
-0.04428241058  830  361  361.437229653  21.2402774762  0.0329998024633
-0.04428241058  830  379  380.787251618  0.353265436699  0.0885855783538
-0.04428241058  831  399  399.360577426  19.4891527864  0.0368692499102
-0.04428241058  831  418  418.452532207  0.252093032496  0.0453397998282
-0.04428241058  831  438  437.48629424  18.4761146036  0.00622959251783
-0.04428241058  831  457  457.07482217  0.241284601184  0.028703277358
-0.04428241058  831  477  476.779239664  20.1110613508  0.013215999455
-0.04428241058  832  497  496.594381961  20.5328744009  0.0112181527842
-0.04428241058  832  517  517.074569293  21.4101686529  0.0236418909876
-0.04428241058  832  538  537.539507933  22.0934978053  0.0105143296461
-0.04428241058  832  559  558.538458337  23.9984245275  0.00682534419241
-0.04428241058  832  579  580.615729259  0.481870065312  0.066328773834
-0.04428241058  832  603  601.917329279  28.9483041458  -0.00125555230036
-0.04428241058  831  625  624.855978955  0.369962139176  0.0308627316692
-0.04428241058  831  647  648.111308885  31.7998617714  0.059408720283
-0.04428241058  831  671  670.64677897  24.7545404088  0.0153577180058
-0.04428241058  831  694  693.985672616  21.216876003  0.0154151702666
-0.04428241058  830  717  717.135799825  18.6690743948  0.0202647944271
-0.04428241058  830  740  740.587006207  0.213593369848  0.0314834437552
-0.04428241058  829  764  764.223039442  15.9142715701  0.0221342574307
-0.04428241058  829  788  788.065148432  14.5002935292  0.0125013288615
-0.04428241058  828  812  812.37007167  13.6518606316  0.017487587945
-0.04428241058  828  837  836.777293168  12.9866783659  0.00904680698946
-0.04428241058  827  862  861.833370337  12.4911819102  0.0102963209102
-0.04428241058  826  887  886.960449498  12.5974338471  0.0301607821921
-0.04428241058  825  913  912.70161922  12.636707985  0.00711885347258
-0.04428241058  824  939  938.565026697  0.223765082692  -10.6302524861
-0.04428241058  823  965  965.063739104  13.0558014062  0.0287095931061
-0.04428241058  822  992  991.862125344  13.3720802161  0.0216978175067
-0.04428241058  821  1019  1020.78986344  0.194356520966  12.9979966828
0.14975758942  817  13  12.8458176959  5.70095679887  -0.0156123758074
0.14975758942  818  29  28.8277411344  5.98665295587  -0.017292464412
0.14975758942  819  45  44.9280984749  6.29430909258  -0.018710169088
0.14975758942  820  61  61.1636190527  6.4768912312  -0.00738354031388
0.14975758942  820  77  77.5311666356  6.74608653002  0.0153610251732
0.14975758942  821  94  93.9668549226  7.11115875291  -0.00223936763637
0.14975758942  822  111  110.561014132  7.45849449099  -0.0131795329629
0.14975758942  822  127  127.351515534  7.87219791512  0.0184311021953
0.14975758942  823  144  144.268477232  8.43641429226  0.0263209386307
0.14975758942  824  161  161.299261524  9.33646800461  0.0274943357225
0.14975758942  824  178  178.416433336  10.7654399653  0.0283949757703
0.14975758942  825  196  195.699480019  11.6709673086  0.00936357844622
0.14975758942  826  213  213.456258832  14.1271439122  0.0292239397404
0.14975758942  826  231  231.248805854  16.6751295855  0.0232434212112
0.14975758942  827  249  249.293410495  19.1501926487  0.0257990592688
0.14975758942  827  267  267.666455101  21.1828438645  0.0386549872713
0.14975758942  828  286  286.41608866  0.275504311245  0.0258360411739
0.14975758942  828  305  289.351477459  56.3698520066  -99.416048512
0.14975758942  828  323  323.785105539  0.281943933681  0.0415479412912
0.14975758942  829  342  342.751801029  22.3373846679  0.0392617335282
0.14975758942  829  361  361.542333156  23.0967651158  0.0375919052697
0.14975758942  829  381  381.27082145  0.364876446115  -8.1547448996
0.14975758942  830  399  399.272903502  19.7066212797  0.0356691046702
0.14975758942  830  418  418.387360474  18.9463806323  0.0408114871712
0.14975758942  830  437  437.724307095  19.9228958326  0.0507191143817
0.14975758942  830  457  455.204405299  0.263629465976  -14.5074279567
0.14975758942  831  477  476.597931907  20.1917133786  0.0137877852016
0.14975758942  831  497  496.578481207  19.9965930617  0.0110084057288
0.14975758942  831  517  517.085997351  21.1355200009  0.0223848668348
0.14975758942  831  538  537.483808514  21.8760441938  0.00824717318538
0.14975758942  831  559  558.620273623  23.6929984868  0.0153462159253
0.14975758942  831  579  580.522956321  30.2827959916  0.0599698563538
0.14975758942  831  603  601.932705206  29.1748476215  -0.00645250779894
0.14975758942  830  625  624.896175894  29.9478067201  0.0330722074598
0.14975758942  830  648  647.837679866  27.7374958206  0.0254939669111
0.14975758942  830  671  670.947893598  24.5511852707  0.0237088211774
0.14975758942  830  694  693.966554329  21.3838874763  0.02052024244
0.14975758942  829  717  717.136924451  18.7566863092  0.0194738537982
0.14975758942  829  740  740.599059811  0.215698333102  0.0326077979532
0.14975758942  828  764  764.138489714  15.7117996351  0.0161133483658
0.14975758942  828  788  788.115296781  14.5089714719  0.0137966908698
0.14975758942  827  812  812.369903293  13.7913818927  0.0202254864548
0.14975758942  827  837  836.888947833  13.0188688291  0.00658688645923
0.14975758942  826  862  861.782088074  12.6133483491  0.00680753979509
0.14975758942  825  887  886.941384335  12.6426812392  0.0295713620836
0.14975758942  824  913  912.675298351  12.6238654973  0.00352911968127
0.14975758942  823  939  938.59123127  0.0741381523559  -10.2467126318
0.14975758942  822  965  965.084158326  13.21989424  0.0242495090083
0.14975758942  821  992  991.842995133  13.4854232641  0.0226222192161
0.14975758942  820  1019  1020.78799711  0.197036079244  12.8663500199
0.34379758942  816  13  12.768412981  5.67322536388  -0.0144913244576
0.34379758942  817  29  28.7346078955  6.06351972184  -0.0216447561462
0.34379758942  818  45  44.8365079155  6.26285480536  -0.0221679489753
0.34379758942  819  61  61.0503729523  6.55748512406  -0.00828645074046
0.34379758942  819  77  77.4415241325  6.79688250141  0.00128112244811
0.34379758942  820  94  93.8892051881  7.03866551929  -0.0072040816575
0.34379758942  821  111  110.509393011  7.53148721873  -0.0145381130918
0.34379758942  821  127  127.31520474  7.90586228029  0.0167947251081
0.34379758942  822  144  144.172015121  8.47345960558  0.0220070160516
0.34379758942  823  161  161.230734704  9.32645663632  0.0263753899667
0.34379758942  823  178  178.396704814  10.8933553877  0.0244137703831
0.34379758942  824  196  195.70952632  11.62206317  0.00926905261953
0.34379758942  825  213  213.352059541  14.2784910001  0.0319459998423
0.34379758942  825  231  231.061777232  16.7132860502  0.0144139660738
0.34379758942  826  249  249.274763234  18.6200143568  0.0194980239323
0.34379758942  826  267  267.62470135  21.3727336776  0.038596605291
0.34379758942  827  286  286.28654857  22.7686989855  0.0258086027688
0.34379758942  827  304  305.305033766  23.6684769704  0.0644789795783
0.34379758942  827  323  323.958967813  22.6272368333  0.0442169645077
0.34379758942  828  342  342.581478503  22.0349575654  0.0343280557352
0.34379758942  828  361  361.405795171  20.9536900616  0.0276083157887
0.34379758942  828  380  380.183673563  0.248496912749  0.0262113750906
0.34379758942  829  399  399.255406576  19.610204573  0.0342400074457
0.34379758942  829  418  418.178222999  18.9819153952  0.032856925401
0.34379758942  829  437  437.720223045  19.9586574895  0.0494617849999
0.34379758942  829  457  456.952038814  19.9217751014  0.0223353462894
0.34379758942  830  477  476.638726307  18.742962457  0.0188736987541
0.34379758942  830  495  497.38015271  22.3908660189  0.116362156651
0.34379758942  830  517  516.981940103  21.0050962859  0.0214550632326
0.34379758942  830  538  537.44484444  21.9990924209  0.00479446700783
0.34379758942  830  558  558.736164136  25.308031549  0.0411559118251
0.34379758942  830  581  579.907399862  27.4267573247  -0.00701458690905
0.34379758942  830  603  601.863174344  29.430434027  -0.00602371127415
0.34379758942  829  626  624.485395899  29.8819170404  -0.00697189360546
0.34379758942  829  648  647.792833219  27.7757956861  0.0258086193701
0.34379758942  829  671  670.923659027  24.370035285  0.0248232879592
0.34379758942  829  693  694.215768005  23.1776959213  0.0549447058417
0.34379758942  828  717  717.141291627  18.8748424717  0.0224158675986
0.34379758942  828  740  740.667054432  17.3060293043  0.0339860737047
0.34379758942  827  764  764.15437343  15.7694363359  0.0201854021359
0.34379758942  827  788  788.029189424  14.3581213282  0.0128528316409
0.34379758942  826  812  812.322925111  13.6397903648  0.0178744693519
0.34379758942  826  837  836.911402839  13.0159443995  0.0103516136258
0.34379758942  825  862  861.768720248  12.5762811632  0.00621332752661
0.34379758942  824  887  886.916061293  12.6826926249  0.0295371305091
0.34379758942  823  913  912.679222869  12.4853772736  0.00592425538781
0.34379758942  822  938  937.588328658  0.223197484653  -10.7704368646
0.34379758942  821  965  965.134084768  13.3034783771  0.0254771538064
0.34379758942  820  992  991.861538637  13.5718103275  0.021858153941
0.34379758942  819  1019  1020.79082383  0.196595696008  12.9601889612
0.53783758942  815  13  12.6859690157  5.75804336851  -0.0217881782967
0.53783758942  816  29  28.6467056536  6.00862166829  -0.02442419282
0.53783758942  817  45  44.7582807801  6.24252223263  -0.0227494647197
0.53783758942  818  61  60.988673239  6.50188105164  -0.0130409908558
0.53783758942  818  77  77.3416334511  6.78649201352  0.00192148538011
0.53783758942  819  94  93.783645776  7.0572659842  -0.0116942428687
0.53783758942  820  110  110.514317697  7.44519494579  0.0213007987335
0.53783758942  820  127  127.204551742  7.88023436125  0.0181255475389
0.53783758942  821  144  144.111911612  8.48995703746  0.0167503362455
0.53783758942  822  161  161.14620097  9.77229297133  0.0177800398518
0.53783758942  822  179  180.907625783  0.187157919046  11.118176772
0.53783758942  823  196  195.670566  11.7068506261  0.00548333020777
0.53783758942  824  213  213.327032619  14.21829216  0.0248043093636
0.53783758942  824  231  231.043313163  16.7418011259  0.0128732113761
0.53783758942  825  249  249.194428049  19.2300753316  0.02466318339
0.53783758942  825  267  267.593975145  21.1094247568  0.0354619537127
0.53783758942  826  286  286.228390297  22.6742689686  0.0190160931362
0.53783758942  826  305  304.8817459  23.2144847871  0.00106878364105
0.53783758942  826  323  323.864624788  22.5949015843  0.0466398322336
0.53783758942  827  341  342.936746487  26.5908451807  0.10038244483
0.53783758942  827  361  361.324064497  22.7991139531  0.0321335402181
0.53783758942  828  381  381.30564275  0.368321984166  -7.50245626107
0.53783758942  828  399  397.21948397  0.266895723121  -13.8125552022
0.53783758942  828  418  418.204194066  0.234722473545  0.0302210535063
0.53783758942  828  437  437.524492839  20.0100315784  0.04468256689
0.53783758942  828  457  456.957798156  19.8621774967  0.0235914979569
0.53783758942  829  477  476.447961103  19.7685134685  0.00859215121256
0.53783758942  829  498  496.909803738  20.3429654746  0.0218383458345
0.53783758942  829  517  516.940872284  0.257069512951  0.0251883593453
0.53783758942  829  537  537.62132763  22.578116958  0.0384306704511
0.53783758942  829  558  558.619548395  25.0821269386  0.0376726817927
0.53783758942  829  581  579.928050607  25.5695411244  -0.00885267461595
0.53783758942  829  602  602.035403055  31.3508812051  0.0209911870597
0.53783758942  828  626  624.49507011  0.358493524564  -0.0194866751652
0.53783758942  828  648  647.733850105  27.947978958  0.0260433654888
0.53783758942  828  671  670.843463369  24.3758645257  0.02424302601
0.53783758942  828  693  694.345032597  23.397432063  0.0582900114139
0.53783758942  827  717  717.16570074  18.8755887987  0.0229219751421
0.53783758942  827  740  740.616442298  0.214032718827  0.0315958199275
0.53783758942  826  764  764.213567832  15.5002172759  0.0153418648622
0.53783758942  826  788  788.011197966  14.4435108667  0.0114275853682
0.53783758942  825  812  812.353847203  13.5860776616  0.0203513326954
0.53783758942  825  837  836.899819434  13.2694480793  0.00821824856964
0.53783758942  824  862  861.752666214  12.7555982933  0.00558390723213
0.53783758942  823  887  886.928099353  12.6954696186  0.030337707174
0.53783758942  822  913  912.64613566  12.4815916597  0.000702416759279
0.53783758942  821  937  938.407022189  12.3383754429  0.0285359276854
0.53783758942  820  965  965.121577636  13.0789885294  0.0219234932903
0.53783758942  819  992  991.95028799  13.5768384375  0.0239356532426
0.53783758942  818  1019  1020.78268442  0.192452731507  12.7869901462
0.73187758942  814  13  12.5960753573  5.69924268616  -0.0198881762045
0.73187758942  815  29  28.5736440135  6.01433274822  -0.0292958943735
0.73187758942  816  45  44.692251394  6.19625676763  -0.0194819525551
0.73187758942  817  61  60.9127282172  6.52716791388  -0.0124892278629
0.73187758942  817  77  77.2677323363  6.89182166029  -0.00640558115842
0.73187758942  818  94  93.7015447843  7.05621296467  -0.0122653500804
0.73187758942  819  110  110.425049002  7.41074441405  0.0193718675041
0.73187758942  820  127  127.154488771  7.87308586523  0.0141121335235
0.73187758942  820  144  144.054227505  8.52170166269  0.0169816719999
0.73187758942  821  161  161.076669018  9.24017875849  0.0187733375168
0.73187758942  821  178  178.266887956  10.962812947  0.0226547495077
0.73187758942  822  196  195.561256263  11.7446213938  0.0045515794154
0.73187758942  823  213  213.183294963  14.3586015857  0.0216963375216
0.73187758942  823  231  230.968171634  16.5640432537  0.00794845016936
0.73187758942  824  249  249.101035007  18.6676369174  0.0107913265796
0.73187758942  824  267  267.507324177  21.1594130661  0.0324908385118
0.73187758942  825  286  286.221700823  22.6860371365  0.02614243092
0.73187758942  825  305  304.678861736  23.3920292454  -0.00605885748438
0.73187758942  825  323  323.92357036  0.284916904389  0.0407637873139
0.73187758942  826  342  342.398000152  22.4992211641  0.0281015462591
0.73187758942  826  361  361.233554278  0.255114678186  0.026007315367
0.73187758942  827  379  380.452413501  22.7402998495  0.0794631173936
0.73187758942  827  399  399.130596587  19.2304037303  0.0313297905252
0.73187758942  827  418  418.151926238  19.2748072288  0.0271038382042
0.73187758942  827  437  437.402821792  19.8134086458  0.0328503410588
0.73187758942  827  457  456.925664374  18.9277723486  0.0240264174502
0.73187758942  828  476  476.660907036  20.1951404552  0.049358303843
0.73187758942  828  496  495.912398916  20.6420290955  0.000478185722741
0.73187758942  828  517  516.88504956  20.2137089535  0.0049738239775
0.73187758942  828  537  537.629075585  24.1019973854  0.0373496417238
0.73187758942  828  559  558.283719251  24.8683102963  -0.00459614392532
0.73187758942  828  581  579.780524006  27.2932297926  -0.0161467141424
0.73187758942  828  603  601.761375992  28.8445753424  -0.00696720013469
0.73187758942  827  625  624.503302139  0.374880088284  0.0178424962799
0.73187758942  827  648  647.588779237  27.5136495877  0.0221793397104
0.73187758942  827  671  670.7353125  24.6895947791  0.0192956472122
0.73187758942  827  693  694.168662054  22.8100171671  0.0554560490801
0.73187758942  826  717  717.098169377  18.6871991418  0.018434772247
0.73187758942  826  740  740.559966047  17.8547429687  0.0273911452362
0.73187758942  825  764  764.1564662  15.7804160556  0.0175994750549
0.73187758942  825  788  788.016621283  14.3981937722  0.0107316412977
0.73187758942  824  812  812.335221108  13.6459239413  0.0157944083999
0.73187758942  824  837  836.898321851  13.119880138  0.0114571161218
0.73187758942  823  862  861.748770473  12.8128710978  0.00957906814663
0.73187758942  822  887  886.945697649  12.7406698099  0.02798508997
0.73187758942  821  913  912.671705832  12.3189628724  0.00568341402384
0.73187758942  820  938  938.70511461  12.8407495636  0.0271562573984
0.73187758942  819  965  965.118922022  13.2835466096  0.027922232337
0.73187758942  818  992  991.918495902  13.432859691  0.0212156090629
0.73187758942  817  1019  1020.77831707  0.191995941321  12.6419093086
0.92591758942  813  13  12.5131875287  5.76469355022  -0.0283568781784
0.92591758942  814  29  29.8053346709  0.0453074335304  10.3352939115
0.92591758942  815  45  44.6041876059  6.26442455547  -0.0303574442482
0.92591758942  816  61  60.838755165  6.41738685093  -0.0198167901384
0.92591758942  816  77  77.1616901813  6.79379502372  -0.00514233012405
0.92591758942  817  94  93.645120595  7.09084710837  -0.0160400617522
0.92591758942  818  110  110.341452527  7.43026682878  0.0152972624355
0.92591758942  819  127  127.034782144  7.98541627485  0.0104334096884
0.92591758942  819  144  143.961681099  8.46226889729  0.0128999360104
0.92591758942  820  161  161.01584041  9.28047144576  0.0147154391743
0.92591758942  820  178  178.18577322  10.3490025468  0.0286381967353
0.92591758942  821  195  195.645162824  0.151058965852  0.0428071031242
0.92591758942  822  213  213.114162669  14.1175929664  0.0167901919626
0.92591758942  822  231  230.894148648  16.4795538482  0.00964248718818
0.92591758942  823  249  248.968936243  18.9510471884  0.00799105757974
0.92591758942  823  267  267.457448656  20.9389130089  0.0284716200411
0.92591758942  824  286  286.13292081  22.8549479739  0.0145305920948
0.92591758942  824  305  304.783533489  23.3228675502  0.00242880678593
0.92591758942  825  323  323.572626569  22.5531392084  0.0310312867618
0.92591758942  825  342  342.469839469  22.3568797623  0.0304959621629
0.92591758942  825  361  359.167509896  0.290838121838  -18.0015703688
0.92591758942  826  380  380.094568386  20.0453744762  0.0220715403004
0.92591758942  826  399  399.029810218  0.237749198074  0.0277521802267
0.92591758942  826  418  418.017214873  19.3597259602  0.0252399843593
0.92591758942  826  437  437.438449083  20.2269980434  0.0383702741035
0.92591758942  826  457  456.788454738  20.0130076883  0.0221057864623
0.92591758942  827  477  476.492466255  19.8352016799  0.0100807457767
0.92591758942  827  497  496.574951455  19.5791986434  0.0174332300059
0.92591758942  827  517  516.939229537  21.2559209011  0.0221086699514
0.92591758942  827  537  537.522201438  24.0457165694  0.0370480689547
0.92591758942  827  559  558.325667449  23.4608634432  -0.00172250800396
0.92591758942  827  580  580.018519881  0.326911758966  0.0202645217768
0.92591758942  827  602  601.986025337  30.6586850675  0.0221153806973
0.92591758942  826  626  624.604798314  28.384394702  -0.0134577226817
0.92591758942  826  647  647.903212086  30.6239236589  0.053973080286
0.92591758942  826  671  670.667616639  24.742295142  0.0155900756059
0.92591758942  826  694  693.780627812  21.0797904938  0.0161033975828
0.92591758942  825  717  717.092514647  18.9975900779  0.0219460612798
0.92591758942  825  740  740.568326874  17.8065993084  0.0285497816397
0.92591758942  824  764  764.225602826  15.7838938075  0.0177761660519
0.92591758942  824  788  788.046749811  14.4417539544  0.0117970112912
0.92591758942  823  812  812.385160542  14.0135034381  0.0214115470841
0.92591758942  823  837  836.91292241  13.1859768666  0.0103063377103
0.92591758942  822  862  861.744592879  12.7697096417  0.0098509746854
0.92591758942  821  887  886.922509469  12.789317223  0.0267093901071
0.92591758942  820  913  912.669036438  12.5282839136  0.00166444927437
0.92591758942  819  939  938.700913575  13.1463505737  0.0196092016136
0.92591758942  818  966  965.296306981  0.0766679464682  -6.57744570969
0.92591758942  817  992  991.940179499  13.3509455366  0.0247636441984
0.92591758942  816  1019  1020.84429877  0.285903583612  17.3445020508
1.11995758942  812  12  12.4827266116  5.69052648399  0.015645942433
1.11995758942  813  28  28.4371250824  5.99649076764  0.00823308403697
1.11995758942  814  44  44.5613603452  6.23515470551  0.00868249867479
1.11995758942  815  61  60.7699380397  6.44727158052  -0.0176008472777
1.11995758942  815  77  77.1396688693  6.87063748061  -0.00821338357805
1.11995758942  816  94  93.5995368994  7.11526666175  -0.0163956752603
1.11995758942  817  110  110.286403516  7.45593358457  0.017070704486
1.11995758942  818  127  126.944605627  8.07747035267  0.0121535848085
1.11995758942  818  144  143.893667319  8.52012743303  0.0101494979535
1.11995758942  819  161  160.918250475  9.30900545077  0.0131813305232
1.11995758942  819  178  178.197134994  10.3827479414  0.0255753991312
1.11995758942  820  195  195.491340367  12.4845000667  0.034142827551
1.11995758942  821  213  213.038299483  14.3447045467  0.0211068233051
1.11995758942  821  231  230.771174696  16.3070976454  0.00360695329476
1.11995758942  822  249  248.959934538  18.7733019348  0.00722609924858
1.11995758942  822  267  267.283055606  21.0885755263  0.0242193269426
1.11995758942  823  285  286.541035846  0.371347891889  0.0681779610137
1.11995758942  823  305  304.74561755  23.3480420819  0.0041199493618
1.11995758942  824  323  323.831782873  22.5839383044  0.0377543552193
1.11995758942  824  342  342.419584912  21.9674857053  0.0306685462744
1.11995758942  824  361  361.075644036  20.5738106039  0.0174796010446
1.11995758942  825  380  379.987497849  20.0238174457  0.0254296221647
1.11995758942  825  399  398.985989253  19.9838629512  0.0239352927856
1.11995758942  825  417  418.353881247  0.288311054638  0.0767687265741
1.11995758942  825  437  437.435213863  20.219916701  0.0430296523142
1.11995758942  825  457  456.832696275  20.2149099638  0.0208149982443
1.11995758942  826  477  476.47238763  19.5727242694  0.00671006105134
1.11995758942  826  497  496.384219214  19.9041258232  0.0054829931246
1.11995758942  826  517  516.818964762  20.8939068251  0.019666414719
1.11995758942  826  537  537.516316902  23.9565056739  0.0326980538068
1.11995758942  826  559  558.25374168  23.3593145046  -0.0043045319444
1.11995758942  826  580  579.845233911  27.0953842211  0.0139923547903
1.11995758942  826  603  601.792620683  29.1499090664  -0.0110280378228
1.11995758942  826  626  624.294463569  28.083973395  -0.0118401077237
1.11995758942  825  647  647.95111411  32.750852924  0.0793879158369
1.11995758942  825  671  670.656501001  24.6151822835  0.0153889458523
1.11995758942  825  693  694.090474475  23.2880786706  0.0545352642728
1.11995758942  824  717  717.085941865  19.1011924138  0.0175121282296
1.11995758942  824  740  740.531361974  17.7320719589  0.0275064560494
1.11995758942  823  764  764.13664486  15.7249468428  0.0165046219163
1.11995758942  823  788  788.057176472  14.3271156106  0.0122142917416
1.11995758942  822  812  812.416431659  13.8848426241  0.0173629475837
1.11995758942  822  837  836.893525086  13.0484319815  0.0128056009369
1.11995758942  821  862  861.743193397  12.7886376539  0.00938707234097
1.11995758942  820  887  886.858320216  12.7073215221  0.0244563298705
1.11995758942  819  913  912.691824594  12.6074747906  0.00587831740809
1.11995758942  818  939  938.712161523  12.9775192286  0.0183101351208
1.11995758942  817  965  965.134989346  13.2255343075  0.0267268962896
1.11995758942  816  992  991.995902129  13.2755477587  0.0250866402249
1.11995758942  815  1019  1020.9096227  32.9829013876  36.7896784713
1.31399758942  811  12  12.4002666005  5.77600662335  0.00559368743031
1.31399758942  812  28  28.3454371612  5.99377069776  0.00563394739227
1.31399758942  813  44  44.4689012407  6.25463297279  0.00488830085149
1.31399758942  814  61  60.6589723924  6.44576630315  -0.0249498764539
1.31399758942  814  77  77.042220172  6.82162947663  -0.00820449123222
1.31399758942  815  93  93.5633055284  7.11564346454  0.0158012248641
1.31399758942  816  110  110.197000975  7.4399858425  0.0149638871096
1.31399758942  817  127  126.9722049  7.54300065181  -0.0114754154758
1.31399758942  817  144  143.788793763  8.65233126942  0.00680487277576
1.31399758942  818  161  160.891161737  9.33078811775  0.0147633303195
1.31399758942  818  178  178.032829194  10.3010207908  0.019084006539
1.31399758942  819  195  195.438490051  12.4258791822  0.03300107678
1.31399758942  820  213  212.995966457  14.0615564679  0.0104815852072
1.31399758942  820  231  230.728053158  16.4686551412  0.001908175264
1.31399758942  821  249  248.872916502  18.629944829  0.00959702442036
1.31399758942  821  267  267.30095437  0.255439306125  0.0256339968663
1.31399758942  822  285  286.200873036  25.4518487571  0.0534373034857
1.31399758942  822  305  304.645307798  23.512854516  -0.00404964924357
1.31399758942  823  323  323.571550196  22.6077292767  0.0336957095326
1.31399758942  823  342  342.358022567  0.267437878333  0.0249635001099
1.31399758942  823  361  361.053715551  20.6780644548  0.0161939260112
1.31399758942  824  380  380.045127784  19.4483299282  0.0207629696788
1.31399758942  824  399  398.964443688  19.6023848566  0.0193965797788
1.31399758942  824  417  418.314750983  0.290547179066  0.0772485964883
1.31399758942  824  437  437.453546713  20.2152455773  0.0383635257274
1.31399758942  825  457  456.661033899  19.8060300344  0.0136117851788
1.31399758942  825  477  476.331888043  19.610139363  0.00267755666224
1.31399758942  825  497  496.376739467  20.1771749441  0.00575893591229
1.31399758942  825  517  516.741228432  20.8840529518  0.0162396723594
1.31399758942  825  537  537.45963483  23.7409390422  0.031800896504
1.31399758942  825  559  558.33271687  23.7476323432  0.000919455736293
1.31399758942  825  580  579.887619222  27.1438601086  0.0172240993559
1.31399758942  825  603  601.792275688  27.4226541833  -0.00730689751866
1.31399758942  825  624  624.927311376  0.445899349272  0.048510341159
1.31399758942  824  648  647.581372464  27.6077351513  0.0178007455103
1.31399758942  824  671  670.656927879  24.2529588522  0.0141953680625
1.31399758942  824  693  694.124657498  23.0589300508  0.0513241126244
1.31399758942  823  717  717.114822175  20.4019920351  0.0255395227887
1.31399758942  823  741  740.361696446  16.571271396  -0.00246090898176
1.31399758942  823  764  764.195886947  15.6745940713  0.0163886134466
1.31399758942  822  788  788.065357472  14.4854980088  0.0112780157561
1.31399758942  821  813  813.293084266  0.318850793769  -6.41120345309
1.31399758942  821  836  836.954980336  13.4346500481  0.0286070740125
1.31399758942  820  862  861.832034786  12.8553337718  0.00996582715757
1.31399758942  819  887  886.883178917  12.6396942513  0.0259894994516
1.31399758942  818  913  912.69436194  12.3604673711  0.00210072354719
1.31399758942  817  939  938.685483106  13.1291647042  0.0190247602874
1.31399758942  816  965  965.188118851  13.3239618574  0.0265852281923
1.31399758942  815  992  991.989852848  13.345143082  0.0268566029425
1.31399758942  814  1019  1020.80802304  0.193741451045  13.7260767921
1.50803758942  810  12  12.3029232189  5.68113401661  0.0054742169559
1.50803758942  811  28  28.2488031865  6.00957221373  -0.00563455521472
1.50803758942  812  44  44.4044562234  6.22097085519  0.00114222025848
1.50803758942  813  61  60.5940273256  6.46738439914  -0.0242725566323
1.50803758942  813  77  76.9630296395  6.80620047099  -0.00945969564134
1.50803758942  814  93  93.4793194448  7.09965593918  0.0136307066629
1.50803758942  815  110  110.10556219  7.36580939325  0.00339613581957
1.50803758942  816  127  126.826833106  8.07314930872  0.00871460564473
1.50803758942  816  144  143.752215485  8.57127825129  0.00552258093019
1.50803758942  817  161  160.032600943  20.6555739132  -99.620069426
1.50803758942  818  178  178.005121858  10.3052179945  0.0187175030874
1.50803758942  818  195  195.384200619  12.3297367833  0.0261390424407
1.50803758942  819  213  212.937936624  14.2930463264  0.0148782664683
1.50803758942  819  231  230.65065752  16.4615493624  -0.00127936123057
1.50803758942  820  249  248.753962885  18.5971217614  0.00290689432606
1.50803758942  820  267  267.198550101  21.0587590603  0.0141553720946
1.50803758942  821  285  286.128284554  0.316233478859  0.0601313694482
1.50803758942  821  304  304.82574147  0.298456204801  0.038787158445
1.50803758942  822  323  323.414807403  23.2554263706  0.0214873935105
1.50803758942  822  342  342.24313027  21.9640597463  0.0165847583294
1.50803758942  822  361  360.969754684  21.0290324496  0.0169535475574
1.50803758942  823  379  380.311041098  0.308397248147  0.0702455611139
1.50803758942  823  399  399.012338152  0.253915093209  0.0258199186073
1.50803758942  823  419  418.317539347  0.345079925183  -7.61357000117
1.50803758942  823  437  437.348191871  18.861371283  0.036956173835
1.50803758942  824  456  457.00721446  20.2130778565  0.0582281386451
1.50803758942  824  477  476.294918511  20.087237173  0.00172768096485
1.50803758942  824  497  496.391330388  19.2151186838  0.00841735107617
1.50803758942  824  516  517.016639647  22.7328588464  0.0522723871004
1.50803758942  824  538  537.270576338  22.144073186  0.0028188990817
1.50803758942  824  559  558.273803517  23.6966525092  -0.00182332968853
1.50803758942  824  580  579.910930232  27.7056971666  0.017023842049
1.50803758942  824  603  601.816928229  29.2546517331  -0.0101102235726
1.50803758942  824  625  624.61617157  29.4510993677  0.0216830461845
1.50803758942  823  648  647.523464765  27.6283125273  0.0162379175941
1.50803758942  823  670  670.278005231  25.004462508  0.0
1.50803758942  823  693  693.996260945  23.2626251888  0.0468486692512
1.50803758942  822  717  717.055056735  18.5987954067  0.0138892593182
1.50803758942  822  740  740.555232433  17.6693642496  0.0272698837749
1.50803758942  822  764  764.057478379  15.8821625947  0.0159198005533
1.50803758942  821  788  788.071314759  14.6354081704  0.0113013466168
1.50803758942  820  812  812.374595167  13.7246481186  0.0176988426735
1.50803758942  820  837  836.871386959  12.96940139  0.0117337984637
1.50803758942  819  862  861.841240498  12.7150429769  0.0118734520346
1.50803758942  818  887  886.861592621  12.5787307942  0.0225669059155
1.50803758942  817  913  912.680481431  12.300821148  0.00295589366729
1.50803758942  816  939  938.750949019  13.0509696463  0.0169591513322
1.50803758942  815  965  965.193559589  13.419713488  0.0293811090678
1.50803758942  814  992  992.024058083  13.2025742258  0.0245395907989
1.50803758942  813  1019  1020.79589445  0.192184554484  13.2898629166
1.70207758942  809  12  12.2045261899  5.7147498075  -0.000412890917088
1.70207758942  810  28  28.1968738069  6.02452128305  -0.00317370352272
1.70207758942  811  44  44.3472222442  6.21707597067  0.00118604575265
1.70207758942  812  61  60.5305337876  6.45041299392  -0.0273026364774
1.70207758942  812  77  76.8300305389  6.72299688528  -0.0174329730126
1.70207758942  813  93  93.3752712279  7.0963489783  0.00832249374698
1.70207758942  814  110  110.028429454  7.42343685145  0.000417141106021
1.70207758942  815  127  126.76179672  8.06804376628  0.00440037301011
1.70207758942  815  144  143.629145983  8.52260965837  -0.00185826491157
1.70207758942  816  161  160.275014513  0.0584736599906  -6.96048913042
1.70207758942  817  178  177.878110441  10.351577294  0.0185954332335
1.70207758942  817  195  195.282268557  12.3114802271  0.0260809475898
1.70207758942  818  213  212.85744464  14.1943053413  0.0048981418717
1.70207758942  818  231  230.577624535  16.3624628529  -0.00751578028769
1.70207758942  819  249  248.72599046  18.6377548445  -0.00206272346192
1.70207758942  819  267  267.093754704  21.1612643004  0.00758577589847
1.70207758942  820  285  285.9097318  23.5602232206  0.0536141038373
1.70207758942  820  304  304.797255999  23.5657146803  0.038581561463
1.70207758942  821  323  323.311011085  0.287513560509  0.0227012273074
1.70207758942  821  342  342.180623789  22.3734520351  0.0150948148349
1.70207758942  821  361  360.949855924  20.8888916726  0.0131038552858
1.70207758942  822  379  380.161621808  22.2567979952  0.0618924858658
1.70207758942  822  399  398.847992279  19.5377596267  0.0166702039165
1.70207758942  822  418  417.942510027  19.3696376148  0.0208925919107
1.70207758942  822  437  437.355743231  20.1770079499  0.0368264776527
1.70207758942  823  457  456.609535007  19.9743321323  0.0179485925236
1.70207758942  823  477  476.264729724  19.9266730327  -0.00190810163541
1.70207758942  823  497  496.390888242  20.3937549283  0.00488323302379
1.70207758942  823  517  516.622701956  21.2822096289  0.0113446546304
1.70207758942  823  538  537.261978052  21.7724594025  0.00168189820714
1.70207758942  823  559  558.173683658  23.466399589  -0.000725285873541
1.70207758942  823  580  579.962225609  27.7332727697  0.0163677752721
1.70207758942  823  603  602.271324886  0.311948659051  -8.92898090687
1.70207758942  823  624  624.818955452  32.8583459871  0.0437242629191
1.70207758942  822  648  647.61406997  0.333150536529  0.0190165930947
1.70207758942  822  670  670.915024591  0.360919357301  0.052227803794
1.70207758942  822  694  693.744593472  21.1856724942  0.0134183259777
1.70207758942  821  717  717.047846022  18.3798465896  0.0181727909102
1.70207758942  821  740  740.539647831  17.9000836839  0.0262729665437
1.70207758942  821  764  764.265660358  16.2464174174  0.0166913969434
1.70207758942  820  788  787.988771096  14.7144237333  0.0124635753946
1.70207758942  819  812  812.296894191  13.7775268517  0.016686233351
1.70207758942  819  837  836.835401818  13.1134631804  0.00847311820621
1.70207758942  818  862  861.796112915  12.7021781537  0.0134184812385
1.70207758942  817  887  886.866674275  12.7295550143  0.0249090380296
1.70207758942  816  913  912.651138798  12.4611232908  -0.00114154399176
1.70207758942  815  939  938.705929688  13.2457855008  0.0173840403367
1.70207758942  814  965  965.132073641  13.0924898815  0.023094332335
1.70207758942  813  992  991.980296354  13.401876036  0.0278279523183
1.70207758942  812  1019  1020.80731837  0.190897782413  13.7542854962
1.89611758942  808  12  12.1417493669  5.6511857955  0.00176128820329
1.89611758942  809  28  28.111786624  5.99281909428  -0.00625591439823
1.89611758942  810  44  44.2322901634  6.20216285305  -0.00312543717601
1.89611758942  811  61  60.454773488  6.50702300765  -0.0263903012238
1.89611758942  812  77  76.8039071933  6.80366339979  -0.0187017828762
1.89611758942  812  93  93.2802042477  7.0803462077  0.00539280308388
1.89611758942  813  110  109.974108161  7.46115010651  0.00026134606001
1.89611758942  814  127  126.716195721  8.04111136387  -0.00478944889345
1.89611758942  814  144  143.533522566  8.61007308003  -0.00110092938592
1.89611758942  815  161  160.663304538  9.33042621352  0.00499771241311
1.89611758942  816  178  177.840770565  10.4672365441  0.0162159736569
1.89611758942  816  195  195.226378587  12.3062375562  0.0227746293868
1.89611758942  817  213  212.778306182  14.1168596393  0.00814606064465
1.89611758942  817  231  230.524203058  16.3116051384  -0.00829661722452
1.89611758942  818  249  248.701557774  18.5697930016  -0.00113817346958
1.89611758942  818  267  267.096433239  21.0713267462  0.00946207915604
1.89611758942  819  285  285.895076548  23.0384525374  0.0504609908985
1.89611758942  819  304  304.512002129  0.283014071666  0.0240534834066
1.89611758942  820  323  323.42181961  0.27804625008  0.0230098079217
1.89611758942  820  341  342.748860671  0.400382224902  0.0814370532489
1.89611758942  820  361  360.807369933  21.0022687254  0.0107872814073
1.89611758942  821  379  380.229609793  22.4666178698  0.0739087993403
1.89611758942  821  399  398.723825441  19.7602127405  0.0114898499422
1.89611758942  821  417  418.166822852  0.281783629595  0.0672081310487
1.89611758942  821  437  437.201378829  19.8974423283  0.0347591477797
1.89611758942  822  457  456.641345799  19.7278558485  0.0165015989439
1.89611758942  822  477  477.308111054  0.324312765238  -7.26368039229
1.89611758942  822  496  496.485221292  20.5429249892  0.0362159964668
1.89611758942  822  517  516.669321834  21.5141935455  0.0122216715447
1.89611758942  822  537  537.569574745  23.8244120928  0.0356101820895
1.89611758942  822  559  558.104034227  23.7236867721  -0.00934956015303
1.89611758942  822  580  579.893668117  27.5695348257  0.0150453077951
1.89611758942  822  602  601.887072022  29.0625957155  0.0235863713367
1.89611758942  822  625  624.474774702  30.2897043827  0.016797722741
1.89611758942  821  648  647.465109666  27.2483253542  0.0118789389131
1.89611758942  821  670  670.950426532  25.0850924616  0.0520164837896
1.89611758942  821  693  694.048925309  22.7059135388  0.055102091402
1.89611758942  820  717  717.016946321  18.0112750653  0.0132636191295
1.89611758942  820  740  740.516453426  17.9033584896  0.0275760842979
1.89611758942  820  764  764.052194757  16.0549803556  0.0152293508291
1.89611758942  819  788  787.963039642  14.6359766002  0.0122379924608
1.89611758942  818  812  812.353512886  13.6443574324  0.0144586107941
1.89611758942  818  837  836.905997463  13.1076876289  0.0123912376547
1.89611758942  817  862  861.785755848  12.7510620881  0.0130007652983
1.89611758942  816  887  886.888998005  12.7222049244  0.0236239039443
1.89611758942  815  913  912.688037483  12.760635295  0.00317384071224
1.89611758942  814  939  938.751759087  13.2374649752  0.0169579290019
1.89611758942  813  965  965.195256275  13.3151729984  0.0312877208601
1.89611758942  812  992  992.007459144  13.6183208371  0.0227825973347
1.89611758942  811  1020  1022.49885406  0.245897372821  19.4072159256
2.09015758942  807  12  12.080577551  5.97632255245  -0.0125654157395
2.09015758942  808  28  28.0046052392  5.99735158953  -0.00795278205807
2.09015758942  809  44  44.1214443214  6.23200914576  -0.0029613874055
2.09015758942  810  60  60.4154802757  6.44080711192  0.00244501907179
2.09015758942  811  77  76.761418298  6.81289245672  -0.0146172915338
2.09015758942  811  93  93.188205147  7.08040188145  0.00365876972716
2.09015758942  812  110  109.888588644  7.48397489312  0.00348527785836
2.09015758942  813  127  126.648688446  7.96664239227  -0.00465424933616
2.09015758942  813  144  143.445250508  8.76688521234  -0.0112546866093
2.09015758942  814  161  160.573711687  9.47477451708  0.00145410825347
2.09015758942  815  178  177.836173337  10.4043250354  0.0152702909816
2.09015758942  815  195  195.150336568  12.408906834  0.0207558087331
2.09015758942  816  213  212.704016055  14.0556158316  -0.00110873523426
2.09015758942  816  231  230.391406509  16.5510343418  -0.0130044851812
2.09015758942  817  249  248.571184119  18.6990771336  -0.00375015529098
2.09015758942  817  267  266.979987092  21.1047136487  0.0103142825875
2.09015758942  818  285  285.725235074  22.6422922524  0.0450477972496
2.09015758942  818  304  304.541949411  22.8986349132  0.0264273737949
2.09015758942  819  323  323.35915472  0.274118795819  0.0231259916479
2.09015758942  819  341  342.628014581  0.372311536066  0.0768384678843
2.09015758942  819  361  360.785417313  21.1767644448  0.0140969976955
2.09015758942  820  379  379.411525538  21.840896944  0.0
2.09015758942  820  399  398.284480942  0.35644983964  -8.8624270172
2.09015758942  820  417  418.155054085  20.8112047677  0.0659308326127
2.09015758942  820  437  437.144615836  19.8643541339  0.036723683199
2.09015758942  821  457  456.564787239  19.7414842707  0.0137079233392
2.09015758942  821  477  477.307617808  0.105629157543  -7.36082694047
2.09015758942  821  496  496.426625266  20.9199937987  0.0339905468031
2.09015758942  821  517  516.511759306  21.2525328278  0.00851684982501
2.09015758942  821  537  537.436683819  22.2900983726  0.0358061820997
2.09015758942  821  557  558.888859601  0.398788829244  0.0723625038055
2.09015758942  821  580  579.917614838  28.1612928536  0.0169100642675
2.09015758942  821  602  601.861594778  0.360239727605  0.0184988486179
2.09015758942  821  625  624.475668527  30.1653671188  0.0166363946224
2.09015758942  820  647  647.745796913  27.8331013169  0.0445519780428
2.09015758942  820  670  670.961422583  25.1173200533  0.0491980107144
2.09015758942  820  693  693.951401024  23.2849338896  0.0516234856489
2.09015758942  819  717  716.891266909  18.7560645619  0.0138031979712
2.09015758942  819  740  740.524283886  17.458512204  0.0267427013914
2.09015758942  819  764  764.061744294  15.796999154  0.0133230869342
2.09015758942  818  788  787.99885132  14.6887554944  0.0116368671813
2.09015758942  817  812  812.219437761  13.9270039519  0.018035790094
2.09015758942  817  837  836.934076684  12.9649632413  0.0115273423338
2.09015758942  816  862  861.752591185  12.6437504952  0.00799596463188
2.09015758942  815  887  886.93248005  12.8197455652  0.028349898846
2.09015758942  814  913  912.697423487  13.0030490544  0.00435333705748
2.09015758942  813  939  938.690195468  13.2366868695  0.0175701714035
2.09015758942  812  965  965.256838417  13.172467501  0.0354441650126
2.09015758942  811  992  992.061693604  13.9333616596  0.0271926078007
2.09015758942  810  1020  1022.53756586  0.23753141254  18.1256609653
