# Band 2C   Etalon 1A   Slice 12
# Distortion map version 06.04.00 - date 2018-10-09
# Trace (isoalpha): Take pixel trace along specified slice, specified alpha position trace is built by taking the pixel in every detector row with alpha value closest to the one specified 
# xpos[i] = np.argmin(alpha_img[i,:])+funcs.find_nearest(alpha_img[i,:][(slice_img[i,:]!=0)],alpha_pos)
#    alpha       x  y      center         FWHM          skewness
0.0  677  9  9.0986008462  5.79182885893  0.0230441289831
0.0  678  25  25.1985695444  6.20418572637  0.00307740139672
0.0  679  41  41.5218275253  6.37653176319  0.00629925222961
0.0  680  58  57.8664897721  6.54872649491  -0.0347219266738
0.0  680  74  74.4520873098  6.65060018668  -0.0054268835141
0.0  681  91  91.0825181374  6.91506041937  -0.0261931690315
0.0  682  108  107.852934552  7.01665710508  -0.0201064453232
0.0  682  125  124.751002457  7.22918813908  -0.0130961236976
0.0  683  142  141.805319377  7.52051212729  -0.000449829652999
0.0  684  159  158.939091353  8.00918576532  0.00424157543444
0.0  684  176  176.271541745  9.00337263916  0.0229504366577
0.0  685  194  193.629916459  9.52791013487  0.010199506268
0.0  685  211  211.253391419  11.2505840126  0.0285793804776
0.0  686  229  228.919125948  12.8053146825  0.0108220653269
0.0  686  247  246.729458838  15.1145487915  0.00305319649978
0.0  687  265  264.982252477  18.0667086142  0.013397946589
0.0  687  284  283.529090906  22.8999902641  -0.0151036851699
0.0  688  303  302.407333503  27.0756927762  -0.0101594465613
0.0  688  322  322.197951277  30.7279399655  0.0127245942517
0.0  689  341  342.289309872  0.924565768545  0.0691511681068
0.0  689  361  361.571913609  29.1252150325  0.0383929186293
0.0  689  381  380.629609914  23.8901151873  0.00637268193537
0.0  690  400  399.68430414  20.3264757623  0.00555547114486
0.0  690  419  419.320593758  20.6320086071  0.0361462594832
0.0  690  439  438.724135503  17.9276767281  0.0229162385862
0.0  690  458  458.466486636  18.0482819369  0.0398161461403
0.0  690  478  478.230287505  17.2406655112  0.0345000856409
0.0  690  498  498.350255857  17.4298250904  0.0392081274929
0.0  690  518  518.559966863  17.2262143291  0.0405452102532
0.0  691  539  539.095843499  17.7796526014  0.0229509029225
0.0  691  560  560.099125866  18.6292937278  0.0245909251602
0.0  690  581  581.356658067  19.9899639127  0.0313095537965
0.0  690  602  603.146363699  23.3397214265  0.0465499759224
0.0  690  625  625.110492263  26.0825877376  0.0267154519709
0.0  690  648  648.073082496  30.279537733  0.0212870038856
0.0  690  672  671.478352685  31.2158370116  0.0104896943243
0.0  689  696  695.182839381  26.9543430958  0.00676280077685
0.0  689  719  719.570312272  24.9671884316  0.0360323403503
0.0  689  743  743.076203411  21.5746148126  0.0239180723688
0.0  688  767  767.030122346  19.0363598314  0.0164314205771
0.0  688  791  791.146760738  16.9097100849  0.0165719700622
0.0  687  815  815.592446197  15.4564762651  0.0207354213871
0.0  687  840  840.329565004  14.3553372371  0.0141785542894
0.0  686  865  865.318909169  13.888819456  0.0151689839968
0.0  685  891  890.556330905  12.9837617078  0.00487590537427
0.0  684  916  916.284433928  12.840353322  0.0310126282476
0.0  683  943  942.470214774  12.8805150266  0.00716778235253
0.0  682  969  968.877655266  12.933233794  0.0176230577271
0.0  681  996  995.893538582  12.9222751154  0.0268378394217
-1.73943347956  686  9  9.07855247361  5.7652282113  0.0250887130848
-1.73943347956  687  25  25.1763845656  6.04768264098  0.00161821399827
-1.73943347956  688  41  41.4511954581  6.33131389377  -0.000544897125588
-1.73943347956  689  58  57.7545277842  6.63003083966  -0.0299890486463
-1.73943347956  689  74  74.3245585683  6.62497242419  -0.0109353191958
-1.73943347956  690  91  90.9711879788  6.86543708776  -0.0273306474879
-1.73943347956  691  108  107.711854371  7.13167558029  -0.0320239581972
-1.73943347956  692  125  124.571839281  7.23432162246  -0.02554954081
-1.73943347956  692  142  141.654061071  7.60040366134  -0.00342920269401
-1.73943347956  693  159  158.758339585  8.19294794657  0.00417614226621
-1.73943347956  693  176  176.069874237  8.63645919468  0.0202339861548
-1.73943347956  694  193  193.532850087  9.91473317083  0.0387044201784
-1.73943347956  695  211  210.869980282  11.2369839283  0.0107430186024
-1.73943347956  695  229  228.650689507  12.9788911526  -0.00152522901069
-1.73943347956  696  247  246.605751621  15.5171878045  -0.0018752848373
-1.73943347956  696  265  264.700304783  18.1914977362  -0.00430718720511
-1.73943347956  696  283  283.133692222  23.3920045227  0.0161497559935
-1.73943347956  697  303  302.162183143  27.1751356863  -0.0250513313591
-1.73943347956  697  321  322.172947351  33.4116733339  0.0565495280715
-1.73943347956  698  341  341.438340628  28.0962784632  0.0220761843798
-1.73943347956  698  360  361.250331534  27.8884761173  0.0591095739377
-1.73943347956  698  379  380.671649257  0.810429964081  0.0970013582009
-1.73943347956  699  399  399.525850218  0.289352323666  0.0397392559928
-1.73943347956  699  419  418.782396084  19.2769222794  0.0204376990042
-1.73943347956  699  438  438.285905689  18.2253934957  0.0377590458996
-1.73943347956  699  457  458.062155159  18.4366911832  0.0611267576875
-1.73943347956  699  477  477.859198198  17.6871391884  0.0552620883427
-1.73943347956  700  498  497.683893359  18.3454606912  0.01690996692
-1.73943347956  700  518  518.033433647  18.7386319424  0.0247440096941
-1.73943347956  700  539  538.464526298  18.9017095498  0.00558143467251
-1.73943347956  700  559  559.514854882  19.9418671947  0.0349913883618
-1.73943347956  700  580  580.934795013  22.8379769767  0.0445022687362
-1.73943347956  699  603  602.137784123  23.4878909238  -0.011197891214
-1.73943347956  699  625  624.521695231  26.1722263339  0.00562073619429
-1.73943347956  699  647  647.680130252  30.5411494314  0.0361318105824
-1.73943347956  699  671  671.164012971  31.5752832594  0.0328768364672
-1.73943347956  699  695  694.771245439  27.2907389996  0.0163366828842
-1.73943347956  698  718  718.57725419  23.3410763073  0.0339614152863
-1.73943347956  698  741  742.497757355  21.2295432587  0.0580556134433
-1.73943347956  697  766  766.284419179  18.7359247292  0.0207789945331
-1.73943347956  697  790  790.235292426  16.976855115  0.0196122022833
-1.73943347956  696  815  814.653613092  15.1510700267  0.00328254136426
-1.73943347956  696  839  839.345517108  14.5594063125  0.0184126427928
-1.73943347956  695  864  864.365832213  13.7923997586  0.019491356447
-1.73943347956  694  890  889.706465893  12.9897984026  0.00826325725081
-1.73943347956  693  915  915.327066311  12.9099150377  0.0331353205129
-1.73943347956  692  942  941.485511839  12.551520336  0.0027030330467
-1.73943347956  691  968  967.931651807  12.9892219763  0.0202615671784
-1.73943347956  690  995  994.757520251  12.8268122966  0.0185937381327
-1.56156347956  685  9  9.08544696183  5.81947078317  0.0163293118137
-1.56156347956  686  25  25.183738006  6.11200716478  0.00291053466267
-1.56156347956  687  41  41.4781758376  6.40161399773  0.00194796033246
-1.56156347956  688  58  57.8004828862  6.62586728951  -0.0356905209681
-1.56156347956  688  74  74.3391061648  6.66623417307  -0.0103646108054
-1.56156347956  689  91  91.0073928461  6.82562754418  -0.0253170367806
-1.56156347956  690  108  107.765189792  7.09450603206  -0.0247872037746
-1.56156347956  691  125  124.607477252  7.15769412556  -0.0200188554564
-1.56156347956  691  142  141.667237915  7.59422784731  -0.00157185611954
-1.56156347956  692  159  158.767542663  8.11211600724  0.00184291396733
-1.56156347956  692  176  176.054582137  8.91276715079  0.0174144181157
-1.56156347956  693  194  193.486262689  9.44779849633  0.00803185132868
-1.56156347956  694  211  210.97685245  10.8973153675  0.0158932640688
-1.56156347956  694  229  228.646068503  12.8749602622  -0.000307817476521
-1.56156347956  695  247  246.554351813  15.344987501  -0.00406083830844
-1.56156347956  695  265  264.581304515  18.2880621611  -0.0077991527847
-1.56156347956  696  284  283.158336348  22.1332814791  -0.0312029979568
-1.56156347956  696  302  302.310260055  27.166389449  0.0215826385961
-1.56156347956  696  321  322.094927099  34.2619759406  0.0475956553809
-1.56156347956  697  341  341.69484184  31.5575532182  0.0379512330882
-1.56156347956  697  360  360.678576243  31.4068300112  0.0
-1.56156347956  697  380  380.323748264  23.2461065666  0.0267026516629
-1.56156347956  698  399  399.603764308  22.4897198301  0.0401224728073
-1.56156347956  698  419  418.759369086  19.194927  0.0228550850253
-1.56156347956  698  438  438.408435351  19.3274297151  0.041388106578
-1.56156347956  698  458  457.897767041  17.1664085267  0.0253510050141
-1.56156347956  698  477  477.81402136  17.422556564  0.0541227301604
-1.56156347956  699  497  497.939007258  17.4105944208  0.0563258974432
-1.56156347956  699  518  517.967424366  18.0000934572  0.0243240730243
-1.56156347956  699  539  538.486117935  18.1710627542  0.00435965959511
-1.56156347956  699  559  559.506264694  19.2388691549  0.0310260857601
-1.56156347956  699  580  580.778799306  21.8423286516  0.0396045817456
-1.56156347956  699  603  602.186892424  23.5420819198  -0.00416847700394
-1.56156347956  698  625  624.511290878  26.0590629296  0.00517815207279
-1.56156347956  698  648  647.196563014  28.7514069525  0.00632594782617
-1.56156347956  698  671  671.103853915  31.4763359253  0.0281014459878
-1.56156347956  698  695  694.952410802  27.1411458786  0.0299169841826
-1.56156347956  697  718  718.925137655  24.9077660342  0.0480332617739
-1.56156347956  697  742  742.448804539  20.6996699293  0.0295745741579
-1.56156347956  696  766  766.411601423  18.8009178494  0.0209583625111
-1.56156347956  696  790  790.368065865  16.6972292779  0.0190096915367
-1.56156347956  695  815  814.850014778  15.3275442027  0.0112895618184
-1.56156347956  695  839  839.477521679  14.6733939428  0.0178367938728
-1.56156347956  694  865  864.41135836  13.3795523531  0.00128126899253
-1.56156347956  693  890  889.865000472  13.2166230691  0.0107406243741
-1.56156347956  692  916  915.451198233  12.5112542055  0.0221749862647
-1.56156347956  691  941  941.56953329  12.5969764962  0.0207291553265
-1.56156347956  690  968  968.000239438  12.778576605  0.0190943111709
-1.56156347956  689  995  994.902836444  12.941282684  0.0269391146129
-1.38369347956  685  9  9.03191294372  5.81172494122  0.0127660350895
-1.38369347956  685  25  25.1532827695  6.08714581264  -0.0139202398428
-1.38369347956  686  41  41.4806531107  6.41971856629  0.000675394265594
-1.38369347956  687  58  57.804083511  6.61186475048  -0.0384753563254
-1.38369347956  688  74  74.4025187505  6.69596471336  -0.0151427792257
-1.38369347956  688  91  91.027263119  6.85435560465  -0.0175084241816
-1.38369347956  689  108  107.768492459  7.04370936666  -0.0240249962887
-1.38369347956  690  125  124.649460589  7.18513744541  -0.0257353409028
-1.38369347956  690  142  141.70327702  7.55778705174  0.00298806950271
-1.38369347956  691  159  158.789317884  7.98860984245  0.00231129984313
-1.38369347956  692  176  176.060280926  8.88167544586  0.014372504506
-1.38369347956  692  194  193.497093201  9.40220745716  0.00753315320516
-1.38369347956  693  211  210.970940972  11.090195496  0.0193791789492
-1.38369347956  693  229  228.652783623  12.7196567922  -0.00194809373358
-1.38369347956  694  247  246.477408017  15.2283310519  -0.00931228669379
-1.38369347956  694  265  264.657096207  17.9617546074  -0.00103277380256
-1.38369347956  695  283  283.158980862  22.4251128684  0.0170342937092
-1.38369347956  695  302  303.746999428  0.390216676942  10.7765443916
-1.38369347956  696  322  321.819712423  31.7865268126  0.00590000946288
-1.38369347956  696  341  341.750333269  31.9279669536  0.0362401939774
-1.38369347956  696  360  360.692114114  31.1248472585  0.0
-1.38369347956  697  380  380.285002071  23.3443582767  0.0248814119086
-1.38369347956  697  399  399.761140841  22.7932440554  0.0489515340864
-1.38369347956  697  419  418.811650189  19.3777874875  0.0222307189372
-1.38369347956  697  438  438.562357421  19.3548533253  0.0438825795424
-1.38369347956  697  458  458.109894323  16.6804716689  0.0354656524725
-1.38369347956  698  477  477.952499221  17.4287751946  0.0612851967361
-1.38369347956  698  498  497.688377212  17.1127591173  0.0183268641578
-1.38369347956  698  518  517.989861393  17.600817561  0.0233754730408
-1.38369347956  698  539  538.545720452  17.7013842908  0.0088180032753
-1.38369347956  698  559  559.557127605  18.947547007  0.0351452041344
-1.38369347956  698  580  580.772783978  21.2572363693  0.0383840115233
-1.38369347956  698  603  602.279753808  0.281946047744  -8.2793805165
-1.38369347956  697  625  624.47890627  26.4617609177  0.00769947424776
-1.38369347956  697  647  647.52456565  30.4762896948  0.0342080926088
-1.38369347956  697  671  671.14853912  31.7570997646  0.0250814083368
-1.38369347956  697  695  695.091059206  0.347307711883  0.0328731299862
-1.38369347956  696  718  719.049159841  24.7597405783  0.0491404526888
-1.38369347956  696  742  742.675849208  21.2368873317  0.0332364171481
-1.38369347956  696  766  766.417296135  19.0777323098  0.0238749133502
-1.38369347956  695  790  790.589662122  16.6483898456  0.0217005410795
-1.38369347956  694  815  814.936456645  15.1982470007  0.00807957891496
-1.38369347956  694  839  839.573405119  14.669017626  0.0203420219185
-1.38369347956  693  865  864.52100186  13.3537256205  0.0033720526342
-1.38369347956  692  890  889.906335503  13.1351067367  0.00864158172879
-1.38369347956  691  916  916.310211597  0.361089623307  -6.02185390799
-1.38369347956  690  942  941.610703871  12.3962727865  0.00214683390261
-1.38369347956  689  968  968.094541417  12.7848477078  0.0224793639938
-1.38369347956  688  995  995.070535543  12.6882792169  0.0258943590938
-1.20582347956  684  9  9.0484360938  5.67952265813  0.0100023351834
-1.20582347956  684  25  25.1432017129  6.07259477915  -3.11356863352e-05
-1.20582347956  685  41  41.4714596059  6.42962094426  0.00289672404287
-1.20582347956  686  58  57.808961025  6.65259992484  -0.0368414836476
-1.20582347956  687  74  74.3731120052  6.77483999558  -0.0109273283496
-1.20582347956  687  91  91.0288398747  6.92235951153  -0.0255998147765
-1.20582347956  688  108  107.769606283  7.06094215872  -0.0245214588965
-1.20582347956  689  125  124.640946686  7.20586437396  -0.0179125455203
-1.20582347956  689  142  141.716784181  7.63007782006  -0.00250604884185
-1.20582347956  690  159  158.820499066  8.04158748258  0.00619884943267
-1.20582347956  691  176  176.077644831  8.94114218385  0.0193095375748
-1.20582347956  691  194  193.474411811  9.45245681227  0.00396286549572
-1.20582347956  692  211  210.994212313  10.9170606176  0.0174893546327
-1.20582347956  692  229  228.707740514  12.7278642956  0.00106415220951
-1.20582347956  693  247  246.502876989  15.2221153099  -0.0067214709127
-1.20582347956  693  265  264.689118165  18.0556441812  -0.00331920231431
-1.20582347956  694  283  283.24295284  22.1862014489  0.0174157546436
-1.20582347956  694  302  302.31081997  27.5643279455  0.0189224835293
-1.20582347956  695  321  321.931278695  35.1430308115  0.0421384952222
-1.20582347956  695  341  341.712161351  31.195751296  0.0371801322286
-1.20582347956  695  360  361.538484465  0.903774685318  0.0893536747388
-1.20582347956  696  379  381.014487731  0.7876500855  0.0960952708737
-1.20582347956  696  399  399.955680184  23.3530744233  0.0576335049858
-1.20582347956  696  419  418.926118942  19.5490958698  0.0249053487355
-1.20582347956  696  438  438.627905771  0.241282779309  0.0478752457946
-1.20582347956  697  458  458.061472858  0.216989999822  0.0327456234503
-1.20582347956  697  479  477.663235047  16.3476673734  -0.00982271081115
-1.20582347956  697  498  497.763858318  17.0951699002  0.0169906224902
-1.20582347956  697  518  518.129157934  17.5851678908  0.0282916061802
-1.20582347956  697  539  538.557028398  17.5952915598  0.00994573239647
-1.20582347956  697  559  559.772297166  19.7914315032  0.0410355296405
-1.20582347956  697  581  580.740415172  21.0335716982  0.00952224430023
-1.20582347956  697  603  602.269904724  22.8341865682  -0.000219343482938
-1.20582347956  697  625  624.546393491  26.418218206  -0.000859577425716
-1.20582347956  696  647  647.544209404  31.0340844773  0.0323179125682
-1.20582347956  696  671  671.27556252  32.2664241392  0.0323351953551
-1.20582347956  696  695  695.069093688  27.9226274786  0.0310611110151
-1.20582347956  695  718  719.139577394  25.5194864776  0.0538319936591
-1.20582347956  695  742  742.754773923  21.3941357524  0.0366754714703
-1.20582347956  695  766  766.677349125  0.234523474216  0.0293458642593
-1.20582347956  694  791  790.521395906  16.617413356  0.00304949247181
-1.20582347956  693  815  815.031609369  15.2796450468  0.0105413310536
-1.20582347956  693  839  839.720229418  14.7359400484  0.0246865945161
-1.20582347956  692  865  864.643184487  13.4968088077  0.00366527541718
-1.20582347956  691  890  890.012388963  13.2034464502  0.0111673979553
-1.20582347956  690  916  915.586375704  12.6606534927  0.0177376779865
-1.20582347956  690  942  941.707000165  12.4675135964  0.00549960660649
-1.20582347956  689  968  968.283719136  12.8781276003  0.0213766273041
-1.20582347956  687  995  995.053923558  12.801718884  0.0275258834252
-1.02795347956  683  9  9.04517871345  5.70090512826  0.0166257545209
-1.02795347956  683  25  25.20723148  6.17669036702  0.00011613118454
-1.02795347956  684  41  41.4713935042  6.43492534954  0.00361264442193
-1.02795347956  685  58  57.835245125  6.6690742271  -0.0332636632505
-1.02795347956  686  74  74.4088630224  6.73346541905  -0.0128949092655
-1.02795347956  686  91  91.010859097  6.8066994005  -0.0208904454511
-1.02795347956  687  108  107.797965568  7.05829573973  -0.0267773281402
-1.02795347956  688  125  124.675121029  7.20978782854  -0.0168831178165
-1.02795347956  688  142  141.658717314  7.52574464998  -0.00229388177305
-1.02795347956  689  159  158.846513379  7.98927518931  0.0039715188918
-1.02795347956  690  176  176.112584399  8.90313988572  0.015591207018
-1.02795347956  690  194  193.50851131  9.54115534465  0.00629986070041
-1.02795347956  691  211  211.055670082  10.9776381906  0.0184591060105
-1.02795347956  691  229  228.747871325  12.8368605392  0.0016876804442
-1.02795347956  692  247  246.537617632  15.3813846565  -0.00658445747368
-1.02795347956  692  265  264.785322964  17.9829688549  0.0100640899371
-1.02795347956  693  283  283.39146032  24.2332466905  0.0143886330254
-1.02795347956  693  303  302.073097438  27.4674826552  -0.0238648274749
-1.02795347956  694  322  321.694788177  31.0946149943  -0.00629387824562
-1.02795347956  694  341  342.001051997  35.4684902805  0.0510381747922
-1.02795347956  694  361  361.108245984  29.0455523244  0.032315910336
-1.02795347956  695  381  380.329753683  23.2321619438  -0.0129010978517
-1.02795347956  695  399  400.092556334  22.9328828159  0.0630194377284
-1.02795347956  695  419  419.012584295  19.6008992824  0.0253938662133
-1.02795347956  695  438  438.676891045  19.0476920242  0.0477059501724
-1.02795347956  696  458  458.124442773  0.215998678129  0.0303370744981
-1.02795347956  696  478  477.850973391  16.809408472  0.0266093015343
-1.02795347956  696  497  498.018070208  18.1233880955  0.0565690409049
-1.02795347956  696  519  518.045048553  17.2114054387  -0.00637962675502
-1.02795347956  696  539  538.591028958  17.7663184238  0.0103247199026
-1.02795347956  696  560  559.621924282  18.4625629231  0.0104898226621
-1.02795347956  696  581  580.896240662  21.0074012023  0.0139312697888
-1.02795347956  696  603  602.399579176  22.9903506353  0.000853664854955
-1.02795347956  696  625  624.617197747  25.7744706448  0.00586179750538
-1.02795347956  695  647  647.848579205  32.0924675659  0.0432396805169
-1.02795347956  695  671  671.323851203  32.762824175  0.038664037829
-1.02795347956  695  695  695.024413923  27.2583422905  0.0277640138407
-1.02795347956  695  718  719.32457997  25.149333972  0.0522496196153
-1.02795347956  694  742  742.751519136  21.4778071675  0.0381975204429
-1.02795347956  694  766  766.756965741  18.6193969789  0.0345642828997
-1.02795347956  693  791  790.594785224  16.7345333966  0.00360784872398
-1.02795347956  693  815  815.250368859  15.4060511072  0.00855796803009
-1.02795347956  692  840  839.712157953  14.2783965192  0.00650860996209
-1.02795347956  691  865  864.792274987  13.5480310429  0.00618560113447
-1.02795347956  690  890  890.055258104  13.3008671604  0.00741906751667
-1.02795347956  690  916  915.609298679  12.8143650808  0.0211351618539
-1.02795347956  689  942  941.813955228  12.6396562711  0.0040061452873
-1.02795347956  688  968  968.297837875  12.7324171881  0.0253718300573
-1.02795347956  687  995  995.248472179  12.9208816405  0.0282926856316
-0.850083479561  682  9  9.04874905454  5.70180366414  0.0148473968934
-0.850083479561  683  25  25.1714526333  6.19634553141  0.0039344669705
-0.850083479561  683  41  41.4469102263  6.4733807041  -0.000850051313628
-0.850083479561  684  58  57.836416975  6.62819932095  -0.0333394740762
-0.850083479561  685  74  74.4018433695  6.71461214357  -0.0108312501708
-0.850083479561  686  91  91.0529709169  6.84593691369  -0.0268441627378
-0.850083479561  686  108  107.799487899  7.03984076894  -0.0236501692918
-0.850083479561  687  125  124.715773229  7.32503839772  -0.0144577971859
-0.850083479561  688  142  141.730602044  7.57191082878  -0.00739140501506
-0.850083479561  688  159  158.859144683  8.05347307633  0.00413974345329
-0.850083479561  689  176  176.154701927  8.97298852156  0.0230248597011
-0.850083479561  689  194  193.482122404  9.52287704917  -0.000120467285467
-0.850083479561  690  211  211.032144607  11.1243564117  0.0161629450455
-0.850083479561  690  229  228.755917051  12.6839145829  0.00991323887675
-0.850083479561  691  247  246.574759052  15.2966568338  -0.00435300832835
-0.850083479561  691  265  264.856869985  18.1326263009  0.00417313734534
-0.850083479561  692  283  283.387550956  24.4475543171  0.0156647482843
-0.850083479561  692  303  302.105405822  0.329351780412  -0.0200103222979
-0.850083479561  693  321  322.315905346  0.524250218831  0.0557373389134
-0.850083479561  693  341  342.124617426  0.554427312849  0.0563117152518
-0.850083479561  693  361  361.206864763  29.7444044184  0.0271173518392
-0.850083479561  694  381  380.230901265  23.1731504881  -0.0117635872003
-0.850083479561  694  400  399.758946429  21.1945901456  0.018241074281
-0.850083479561  694  419  419.075446632  0.236713402578  0.0283580880085
-0.850083479561  694  438  438.637857404  18.0499250843  0.047805059982
-0.850083479561  695  457  458.349892377  18.1026418265  0.0708567974646
-0.850083479561  695  478  477.884420434  17.5430824982  0.0233888885024
-0.850083479561  695  498  497.868196213  17.0179472586  0.0221844364389
-0.850083479561  695  519  518.119821371  17.1187528376  -0.0030657948245
-0.850083479561  695  539  538.762749853  17.5370806476  0.0152697453276
-0.850083479561  695  559  559.696089611  19.3032091898  0.0358376609585
-0.850083479561  695  581  580.944126944  19.8878022103  0.0147763558753
-0.850083479561  695  602  602.641541733  23.3445034473  0.0367121721022
-0.850083479561  695  625  624.762429772  25.6869322991  0.013302874203
-0.850083479561  694  647  647.310736288  30.8279479721  0.0
-0.850083479561  694  671  671.520130803  30.5173855509  0.0489552790307
-0.850083479561  694  694  695.627982559  1.06051301852  0.0822925477214
-0.850083479561  694  718  719.253059242  25.1705148769  0.0581673847225
-0.850083479561  693  743  742.629287788  20.9326711254  0.0104542340021
-0.850083479561  693  767  766.560408074  18.5597728596  0.00646231978987
-0.850083479561  692  791  790.771570892  16.8084032371  0.00428369200004
-0.850083479561  692  815  815.184462572  15.2162839012  0.0105956896882
-0.850083479561  691  840  839.767792514  14.1662528056  0.00771156729261
-0.850083479561  690  865  864.877397173  13.4581037666  0.0056573776611
-0.850083479561  689  890  890.086195741  13.3524640223  0.0104415281904
-0.850083479561  689  916  915.719039863  12.911434068  0.0185469219339
-0.850083479561  688  942  941.919684512  12.4490523744  0.0109005217831
-0.850083479561  687  968  968.419104541  13.2645873372  0.0226887866105
-0.850083479561  686  996  995.239777643  13.1736604687  0.0115027536109
-0.672213479561  681  9  9.05603825475  5.84315896745  0.0191342379785
-0.672213479561  682  25  25.1767563367  6.11287218791  -5.86717324123e-05
-0.672213479561  682  41  41.4615772792  6.37793161515  0.00819946149082
-0.672213479561  683  58  57.8752525006  6.63871591456  -0.0280387611265
-0.672213479561  684  74  74.4467474299  6.696201127  -0.00920230707624
-0.672213479561  685  91  91.027979809  6.8697438596  -0.0195572222779
-0.672213479561  685  108  107.825110874  7.07991508517  -0.0249680242531
-0.672213479561  686  125  124.722371126  7.26215195418  -0.0126541496461
-0.672213479561  687  142  141.710124614  7.60486438309  -0.00304881165183
-0.672213479561  687  159  158.887935003  8.08408479385  0.0061099314421
-0.672213479561  688  176  176.166854588  8.70875732739  0.024953376146
-0.672213479561  688  193  193.620172551  9.74738489485  0.0428706313076
-0.672213479561  689  211  211.056632228  11.0576652915  0.0160773447712
-0.672213479561  689  229  228.804710496  12.7231483914  0.0085396819729
-0.672213479561  690  247  246.609677713  15.1317039421  -0.000507177734179
-0.672213479561  690  265  264.820236935  18.0746402992  0.00718822972068
-0.672213479561  691  283  283.45230135  0.267971703108  0.0248061188846
-0.672213479561  691  302  302.404286823  29.6914325742  0.0165007750637
-0.672213479561  692  322  321.879052648  31.0824686311  0.00664709702291
-0.672213479561  692  341  342.315707802  1.15368243999  0.0699268836621
-0.672213479561  693  361  361.060302614  27.3086862315  0.0276840592256
-0.672213479561  693  379  381.009982041  0.67978234967  0.0924429177568
-0.672213479561  693  400  399.708886294  21.2592298116  0.0103782736659
-0.672213479561  693  419  419.171876836  19.5141165993  0.0345210155952
-0.672213479561  694  438  438.71419888  18.8613145639  0.0475157922973
-0.672213479561  694  458  458.217868821  18.0214738312  0.0347126757943
-0.672213479561  694  478  477.898728051  17.6063167319  0.022796141988
-0.672213479561  694  498  497.966101013  17.2587429292  0.0237053113257
-0.672213479561  694  519  519.305812886  0.406537508239  -6.92576671595
-0.672213479561  694  539  538.836745923  17.6050160003  0.0150080074122
-0.672213479561  694  559  559.807208882  19.6602452787  0.0375391698085
-0.672213479561  694  581  580.903219367  20.1673481055  0.0157908418175
-0.672213479561  694  602  602.645707705  23.5433909808  0.0381251021768
-0.672213479561  694  625  624.905905849  0.315798915525  0.0205609415357
-0.672213479561  694  647  647.883417981  31.070331183  0.0399914745827
-0.672213479561  693  671  671.459033971  32.8093566075  0.0426245652139
-0.672213479561  693  695  695.363806955  27.3459117932  0.0319169285758
-0.672213479561  693  718  719.268526279  0.345008042125  0.0550121763436
-0.672213479561  692  743  742.694170024  21.3577890189  0.0149668068277
-0.672213479561  692  767  766.676478438  18.5563295094  0.0134022467533
-0.672213479561  691  791  790.844535486  16.7431074099  0.00830815771921
-0.672213479561  691  815  815.309849271  15.189968509  0.00868914296464
-0.672213479561  690  840  839.849665111  14.2989545357  0.00836326279358
-0.672213479561  689  865  864.970974552  13.4995918746  0.00970959813473
-0.672213479561  689  890  890.332938761  13.3517533007  0.0126266749326
-0.672213479561  688  916  915.785398934  12.7510296546  0.0242491065793
-0.672213479561  687  942  942.034541484  12.5109071434  0.00741743528299
-0.672213479561  686  968  968.514461357  13.3284601614  0.0276496885355
-0.672213479561  685  996  995.33755096  13.2719714568  0.00705995595511
-0.494343479561  680  9  9.05461126338  5.87099167809  0.0197384981599
-0.494343479561  681  25  25.1829803778  6.15034227243  0.00401569894297
-0.494343479561  681  41  41.5202798362  6.43475503407  0.00899503817219
-0.494343479561  682  58  57.830994827  6.61725622244  -0.0305730071483
-0.494343479561  683  74  74.434763663  6.72534239399  -0.00993136112378
-0.494343479561  684  91  91.027858231  6.81269313952  -0.0289435819391
-0.494343479561  684  108  107.863141649  7.01654279842  -0.0173602358604
-0.494343479561  685  125  124.724314017  7.27651140033  -0.0136963436092
-0.494343479561  686  142  141.734194963  7.54968665868  -0.00719948195102
-0.494343479561  686  159  158.926696671  8.06268904171  0.00982033907613
-0.494343479561  687  176  176.159817797  8.96127356868  0.0196610716481
-0.494343479561  687  194  193.572496852  9.53982225397  0.0059727288051
-0.494343479561  688  211  211.12129459  11.0165866865  0.0203162637731
-0.494343479561  689  229  228.818548201  12.7465230495  0.012262264766
-0.494343479561  689  247  246.699442274  15.1947574584  0.00027156430534
-0.494343479561  690  265  264.950317043  18.0060073421  0.00385326859604
-0.494343479561  690  284  283.197374091  0.274197384097  -0.0234479551945
-0.494343479561  690  302  302.49314075  28.8932198544  0.022396549676
-0.494343479561  691  322  321.926804678  30.4990272635  0.0142729617066
-0.494343479561  691  341  342.161371609  0.54897119183  0.0573017285534
-0.494343479561  692  361  361.380097145  26.3874157421  0.0249777326866
-0.494343479561  692  380  380.560497283  23.9219470404  0.0392718040494
-0.494343479561  692  399  399.373628992  23.548138476  0.0
-0.494343479561  692  419  419.329237386  20.8037139717  0.0413965710525
-0.494343479561  693  439  438.530544288  17.6386682207  0.0105276423718
-0.494343479561  693  458  458.33095046  18.1932236209  0.0411152144829
-0.494343479561  693  478  478.007942292  17.730282708  0.0281575945719
-0.494343479561  693  498  498.120195199  0.210619488314  0.0309018106422
-0.494343479561  693  518  518.504785765  17.4860460386  0.0416463373198
-0.494343479561  693  539  538.935956387  17.8375413659  0.0182645522043
-0.494343479561  693  559  560.019455829  19.9280888965  0.0427552654794
-0.494343479561  693  581  581.033541344  20.177148976  0.0217402572844
-0.494343479561  693  602  602.892906082  0.292312362652  0.0394428731501
-0.494343479561  693  625  624.890214124  0.319129452042  0.0216682555818
-0.494343479561  693  648  647.673508916  28.7895551661  0.0125192164415
-0.494343479561  692  671  671.680929358  31.802695766  0.043020395678
-0.494343479561  692  695  695.630554231  29.1415396177  0.0388061333389
-0.494343479561  692  719  719.02835667  23.2757941871  0.021801669826
-0.494343479561  691  742  743.165807256  21.8072523997  0.047945524342
-0.494343479561  691  766  766.893349521  18.6195320697  0.0376810791178
-0.494343479561  690  791  790.862156608  16.8265913366  0.00534996100499
-0.494343479561  690  815  815.377221772  15.054085192  0.0164329722701
-0.494343479561  689  840  839.974855  14.3340085067  0.0110766010512
-0.494343479561  688  865  865.078544969  13.2921112002  0.00579149595571
-0.494343479561  688  890  890.348181851  13.2420544942  0.0181364067434
-0.494343479561  687  916  915.904696156  12.8162720925  0.0206285084779
-0.494343479561  686  942  942.151744778  12.4595971763  0.0117860953841
-0.494343479561  685  969  968.562222077  12.921544339  0.0111305525504
-0.494343479561  684  996  995.39582402  12.7104061124  0.0140723896459
-0.316473479561  679  9  9.07793280784  5.84850120955  0.0254037953744
-0.316473479561  680  25  25.1889952128  6.07942174694  0.000468178521465
-0.316473479561  681  41  41.4950727807  6.49425560649  0.0074556126723
-0.316473479561  681  58  57.8474126444  6.61861714837  -0.0299897610387
-0.316473479561  682  74  74.4468776277  6.69875508406  -0.00782588512325
-0.316473479561  683  91  91.0726515612  6.88990679709  -0.0222519154236
-0.316473479561  683  108  107.879624213  7.07734236887  -0.0224791215233
-0.316473479561  684  125  124.733619542  7.26158583334  -0.0144800954559
-0.316473479561  685  142  141.787035422  7.58559292315  0.00101922093515
-0.316473479561  685  159  158.918303494  8.13945123899  0.00468745666657
-0.316473479561  686  176  176.183713259  9.00282728896  0.0173508037144
-0.316473479561  687  194  193.510834629  9.54304130489  0.00563861889033
-0.316473479561  687  211  211.141220233  11.0345744641  0.0227023458796
-0.316473479561  688  229  228.830065892  12.5516934804  0.0042342283963
-0.316473479561  688  247  246.707643941  15.0674963267  0.00142238737673
-0.316473479561  689  265  264.950048868  18.2704109419  0.0114652320189
-0.316473479561  689  284  283.410817352  22.7564524232  -0.0133741522136
-0.316473479561  690  302  302.640784638  28.7269044931  0.0217904877971
-0.316473479561  690  322  321.981173068  30.2941918612  0.00495831228086
-0.316473479561  690  341  342.022604174  0.515025376444  0.0550116205124
-0.316473479561  691  361  361.47655336  27.5640481987  0.029195695453
-0.316473479561  691  380  380.696825546  24.3193240506  0.0444237120852
-0.316473479561  691  399  399.353799726  23.2757166739  0.0
-0.316473479561  691  419  419.296042065  20.6914917342  0.0363941660415
-0.316473479561  692  439  438.589073918  18.7677287069  0.0130604214818
-0.316473479561  692  459  458.175584636  17.011843999  0.00387095269617
-0.316473479561  692  478  478.159012107  17.4946060296  0.0360650588989
-0.316473479561  692  499  497.966377986  17.2087143064  -0.00390140787377
-0.316473479561  692  519  518.354839375  17.5110719044  0.00530311988737
-0.316473479561  692  539  539.024545419  17.8672497045  0.0247425375894
-0.316473479561  692  560  559.956119075  18.8256622937  0.018484718328
-0.316473479561  692  581  581.138784653  21.6412452677  0.0233145765501
-0.316473479561  692  603  602.822260585  23.4905615607  0.0114961398267
-0.316473479561  692  626  625.302388445  0.314106569863  -8.33525860596
-0.316473479561  692  648  647.912842364  30.3630672104  0.019622799597
-0.316473479561  691  672  671.477668437  29.7196918053  0.0219241721489
-0.316473479561  691  694  695.973403434  32.1293494236  0.0817859022972
-0.316473479561  691  718  719.577844965  25.5494126296  0.0656015661169
-0.316473479561  690  743  742.993287687  20.0788964263  0.0146087736338
-0.316473479561  690  766  766.950454204  18.9410290771  0.0355242334286
-0.316473479561  689  791  790.944045365  17.0878878452  0.0137293190438
-0.316473479561  689  815  815.462549942  15.2582277981  0.0171972402367
-0.316473479561  688  840  840.142481275  14.3216329379  0.015615617231
-0.316473479561  687  865  865.062375618  13.5311268007  0.0103360771739
-0.316473479561  687  890  890.522344892  13.4092412212  0.0154971935655
-0.316473479561  686  916  916.048495054  12.8680092429  0.0274075167603
-0.316473479561  685  942  942.273384243  12.5855363682  0.0121158445642
-0.316473479561  684  969  968.683163421  12.8769605089  0.0168275726153
-0.316473479561  683  996  995.544009706  12.7446394071  0.0146018362494
-0.138603479561  678  9  9.08928823457  5.7772186848  0.0256939873238
-0.138603479561  679  25  25.1918797399  6.14732904799  0.0052660041355
-0.138603479561  680  41  41.5315104352  6.3640868763  0.00117986065995
-0.138603479561  680  58  57.8673190924  6.54318431833  -0.0252120566112
-0.138603479561  681  74  74.4568883949  6.7733227934  -0.00692320959652
-0.138603479561  682  91  91.0832084723  6.91179821885  -0.0229651455204
-0.138603479561  683  108  107.84264359  7.03923021228  -0.0200780221392
-0.138603479561  683  125  124.747553524  7.24713099187  -0.0127273633408
-0.138603479561  684  142  141.786922443  7.56722271417  -0.00059386405183
-0.138603479561  684  159  158.895158408  7.94230897548  0.00780315829913
-0.138603479561  685  176  176.22990173  9.00802827485  0.0181383223364
-0.138603479561  686  194  193.567884877  9.49528238135  0.00265246195603
-0.138603479561  686  211  211.198994762  11.0786857458  0.0269972904666
-0.138603479561  687  229  228.885945009  12.7474363282  0.0119154214281
-0.138603479561  687  247  246.735177961  15.1255883638  0.00292635384998
-0.138603479561  688  265  264.940547945  17.8113954504  0.0105962630389
-0.138603479561  688  284  283.389110809  22.6569782159  -0.0121934638833
-0.138603479561  689  303  302.295178935  27.2809815397  -0.013670839447
-0.138603479561  689  322  322.066245914  30.4844748353  0.00936269063107
-0.138603479561  689  341  342.296943137  0.563697229977  0.0575011056506
-0.138603479561  690  361  361.503630203  29.8388814601  0.0365384393733
-0.138603479561  690  381  380.546171293  23.4521362096  0.00485934747377
-0.138603479561  690  400  399.757158703  20.8446031161  0.0161871060885
-0.138603479561  691  419  419.300372978  20.761353318  0.0389965934497
-0.138603479561  691  439  438.617559712  17.8282026997  0.0168400309386
-0.138603479561  691  458  458.389410634  18.2033169301  0.0386837471648
-0.138603479561  691  478  478.223348462  17.3140336695  0.0349379030988
-0.138603479561  691  498  498.271087796  17.0363930093  0.0361163111108
-0.138603479561  691  519  518.415985434  17.3661705351  0.004898044979
-0.138603479561  691  539  539.095843499  17.7796526014  0.0229509029225
-0.138603479561  691  560  560.074270317  19.5537066837  0.0201088338029
-0.138603479561  691  582  581.091181195  20.0786669483  -0.00821414503606
-0.138603479561  691  603  602.875764096  23.2934751948  0.0117847150089
-0.138603479561  691  625  625.060352128  26.2066713443  0.026728872213
-0.138603479561  691  647  648.22927775  0.429846746269  0.051643595041
-0.138603479561  691  672  671.50266579  31.4832123405  0.0108967641698
-0.138603479561  690  696  695.405106455  26.9290628668  0.0075340462124
-0.138603479561  690  719  719.415407462  24.7203616395  0.031880690268
-0.138603479561  689  743  743.001580196  21.7140832046  0.0217915204707
-0.138603479561  689  767  766.926301247  19.0426170306  0.0106998176345
-0.138603479561  688  791  791.130247682  16.8037077603  0.0141602965155
-0.138603479561  688  815  815.515427766  15.5617247617  0.0184951271498
-0.138603479561  687  840  840.282009064  14.3349519307  0.0190374985091
-0.138603479561  687  865  865.207765743  13.4960381284  0.00862276684852
-0.138603479561  686  890  890.606320744  13.2705089421  0.0230617709193
-0.138603479561  685  916  916.133365061  12.8053663721  0.0284078153796
-0.138603479561  684  943  942.304134168  12.5941637392  -0.000579397888653
-0.138603479561  683  969  968.778095116  12.8919044508  0.0168439315308
-0.138603479561  682  996  995.750212454  12.7286253531  0.0224844450659
0.0392665204392  677  9  9.09500484272  5.77536284093  0.0261816648301
0.0392665204392  678  25  25.1985695444  6.20418572637  0.00307740139672
0.0392665204392  679  41  41.5198212086  6.38579896055  0.007714767147
0.0392665204392  679  58  57.9225145277  6.60895666651  -0.0290882454083
0.0392665204392  680  74  74.4602083815  6.74854237718  -0.0107851502068
0.0392665204392  681  91  91.0825181374  6.91506041937  -0.0261931690315
0.0392665204392  682  108  107.865171735  6.98145513744  -0.0226749389068
0.0392665204392  682  125  124.774096613  7.26569942415  -0.0135448463523
0.0392665204392  683  142  141.805319377  7.52051212729  -0.000449829652999
0.0392665204392  684  159  158.964254422  8.01314884457  0.00685708343469
0.0392665204392  684  176  176.275255399  9.01516521452  0.0217964787422
0.0392665204392  685  194  193.628613357  9.53211176931  0.0105336554803
0.0392665204392  685  211  211.274393899  11.2321236747  0.0291917706258
0.0392665204392  686  229  228.919125948  12.8053146825  0.0108220653269
0.0392665204392  686  247  246.859802174  15.0642600311  0.00954982891921
0.0392665204392  687  265  264.982252477  18.0667086142  0.013397946589
0.0392665204392  687  284  283.401343488  22.5349803337  -0.0145378830588
0.0392665204392  688  303  302.433582602  26.9900695566  -0.0134075112914
0.0392665204392  688  322  322.197951277  30.7279399655  0.0127245942517
0.0392665204392  688  341  342.17216467  1.10362714335  0.0733311259838
0.0392665204392  689  361  361.571913609  29.1252150325  0.0383929186293
0.0392665204392  689  381  380.629609914  23.8901151873  0.00637268193537
0.0392665204392  689  399  400.238910728  22.7727539042  0.0724139933795
0.0392665204392  690  419  419.350503244  20.5363996805  0.0348323810367
0.0392665204392  690  439  438.724135503  17.9276767281  0.0229162385862
0.0392665204392  690  458  458.466486636  18.0482819369  0.0398161461403
0.0392665204392  690  478  478.230287505  17.2406655112  0.0345000856409
0.0392665204392  690  498  498.350255857  17.4298250904  0.0392081274929
0.0392665204392  690  518  518.651825787  17.2704077889  0.0438331572454
0.0392665204392  690  539  539.131518892  19.0117513952  0.0225662434482
0.0392665204392  690  561  559.919844631  18.5071969434  -0.0087897439935
0.0392665204392  690  581  581.356658067  19.9899639127  0.0313095537965
0.0392665204392  690  602  603.146363699  23.3397214265  0.0465499759224
0.0392665204392  690  625  625.110492263  26.0825877376  0.0267154519709
0.0392665204392  690  648  648.073082496  30.279537733  0.0212870038856
0.0392665204392  690  672  671.407924139  31.0574729387  0.0112556711568
0.0392665204392  689  696  695.572790156  27.0765222013  0.0143428871213
0.0392665204392  689  719  719.570312272  24.9671884316  0.0360323403503
0.0392665204392  689  743  743.335217055  21.1698273249  0.0277340970466
0.0392665204392  688  767  767.030122346  19.0363598314  0.0164314205771
0.0392665204392  688  791  791.131209682  16.8925635751  0.0153702082452
0.0392665204392  687  815  815.592446197  15.4564762651  0.0207354213871
0.0392665204392  686  840  840.32991856  14.2331532068  0.013519805192
0.0392665204392  686  865  865.306536013  13.8585624221  0.0156389563129
0.0392665204392  685  891  890.56623659  13.0145407674  0.00319466001195
0.0392665204392  684  916  916.273518746  12.8939152424  0.0327037181399
0.0392665204392  683  943  942.455051191  12.7482036979  0.00265660956461
0.0392665204392  682  969  968.871038678  12.9598605732  0.0184231465647
0.0392665204392  681  996  995.862447087  12.8482403388  0.0239714145508
0.217136520439  676  9  9.09927022924  5.7630853502  0.0292354654723
0.217136520439  677  25  25.2176769979  6.18540132396  0.00286176547591
0.217136520439  678  41  41.5383630863  6.36211678735  0.00197984082145
0.217136520439  679  58  57.901724595  6.54621130461  -0.0252860584739
0.217136520439  679  74  74.4728450588  6.76568301527  -0.0118143794028
0.217136520439  680  91  91.1025267256  6.86311958976  -0.0216122316728
0.217136520439  681  108  107.88340752  7.02846561526  -0.0132526426422
0.217136520439  681  125  124.796296618  7.33460415755  -0.0163502074267
0.217136520439  682  142  141.851215619  7.57188736803  0.000695765164185
0.217136520439  683  159  158.972470927  8.02505799982  0.011467845594
0.217136520439  683  176  176.325783682  8.91378706479  0.0234471645064
0.217136520439  684  194  193.655022984  9.54140822563  0.0115152892393
0.217136520439  684  211  211.295122174  11.1576523761  0.0312353252338
0.217136520439  685  229  228.952406152  12.9661177926  0.0122686220778
0.217136520439  685  247  246.907959517  15.0458297809  0.0105880361163
0.217136520439  686  265  265.066830432  18.013983437  0.015368889007
0.217136520439  686  284  283.41620782  22.4267211873  -0.0138664447689
0.217136520439  687  303  302.426452674  27.4853841688  -0.000404618877544
0.217136520439  687  322  322.186164819  31.3262959389  0.0133172934786
0.217136520439  688  341  342.257114739  36.6729374856  0.0722523569815
0.217136520439  688  361  361.39020501  26.8787178563  0.0310804807592
0.217136520439  688  380  381.255897686  27.5471589127  0.0726109467328
0.217136520439  688  400  399.888529537  20.7210150834  0.0226457577655
0.217136520439  689  419  419.386000313  20.5385817577  0.0349024935868
0.217136520439  689  439  438.731502835  17.7981367653  0.0206266045923
0.217136520439  689  458  458.480817417  18.0529792826  0.0422525914436
0.217136520439  689  478  478.27249259  17.2888448215  0.0347597772857
0.217136520439  689  499  498.272680814  16.6058159023  0.00817877526467
0.217136520439  689  518  518.757127495  17.4431390159  0.0463802597405
0.217136520439  689  539  539.362222727  19.0746872791  0.0273157951107
0.217136520439  689  561  560.042587725  18.4944873361  -0.00635142583577
0.217136520439  689  581  581.466699149  21.2298519136  0.0313015346423
0.217136520439  689  603  603.086755263  23.4680129064  0.0179366765953
0.217136520439  689  625  625.334798246  25.9406911552  0.0326773336662
0.217136520439  689  648  648.273344919  30.728672085  0.0260102945158
0.217136520439  689  672  671.640493164  32.1558902354  0.0154581908578
0.217136520439  688  696  695.857648496  27.1586404834  0.0261581529471
0.217136520439  688  719  719.663959988  0.314995278845  0.036358826885
0.217136520439  688  743  743.15342748  0.261245155432  0.0266933074696
0.217136520439  687  767  767.208053865  18.7281952217  0.0224839831157
0.217136520439  687  791  791.268966782  17.0024703403  0.00942681536184
0.217136520439  686  816  815.632687991  15.3620673717  0.00155690903165
0.217136520439  685  840  840.395527623  14.5884394844  0.0219285762077
0.217136520439  685  865  865.471934997  14.0320441889  0.014144184844
0.217136520439  684  891  890.711498869  13.0727164104  0.00801259356301
0.217136520439  683  916  916.389163075  12.806607216  0.0337863478673
0.217136520439  682  943  942.560782255  12.7196520934  0.00464341330865
0.217136520439  681  969  969.051101807  12.9834301049  0.0207115985131
0.217136520439  680  996  995.945211556  12.8456067994  0.0247375546022
0.395006520439  675  9  9.10249800948  5.79332433115  0.0261488975537
0.395006520439  676  25  25.2283362379  6.1232975201  0.00630441692556
0.395006520439  677  41  41.567024414  6.34918313005  0.0102673772651
0.395006520439  678  58  57.9144405768  6.55443094946  -0.0323493312414
0.395006520439  678  74  74.511032076  6.7515821413  -0.00648897413652
0.395006520439  679  91  91.1315863618  6.84589299788  -0.0186100341197
0.395006520439  680  108  107.899631117  7.04545515025  -0.0198999869304
0.395006520439  680  125  124.794718645  7.28229857632  -0.0130520886743
0.395006520439  681  142  141.846430412  7.64288010527  -0.000725678512015
0.395006520439  682  159  159.0160664  7.97832501849  0.0120102655882
0.395006520439  682  176  176.338054931  8.94816420567  0.0248501980401
0.395006520439  683  194  193.691287487  9.53237071052  0.00957716842156
0.395006520439  683  211  211.320816078  11.2763121761  0.0257197469301
0.395006520439  684  229  229.039794991  12.9015079469  0.0174309198555
0.395006520439  684  247  246.854599866  14.873551147  0.0103695981656
0.395006520439  685  265  265.112648048  18.0297353782  0.0186909236918
0.395006520439  685  284  283.471453224  22.8807750419  -0.0152245775926
0.395006520439  686  303  302.45335307  27.5942892442  -0.00511757589317
0.395006520439  686  322  322.127881418  31.7227781367  0.0161315342012
0.395006520439  687  341  342.316568643  0.887185775421  0.0707011719203
0.395006520439  687  361  361.592854073  29.4678962656  0.0425058171143
0.395006520439  687  381  380.722958139  23.5954555198  0.00613967173202
0.395006520439  688  400  400.094951727  0.252494635024  0.0268278534999
0.395006520439  688  419  419.359942046  20.4710066692  0.0376950215783
0.395006520439  688  439  438.73970547  19.1923231465  0.0199682027424
0.395006520439  688  459  458.422259087  17.1396287171  0.0084346970549
0.395006520439  688  478  478.425643543  17.6774956822  0.0422656599508
0.395006520439  688  498  498.491585049  17.6216216833  0.0458998988147
0.395006520439  688  519  518.695909108  17.4695968716  0.0167498333606
0.395006520439  688  540  540.29784067  0.4170697884  -6.98752884232
0.395006520439  688  561  561.315929682  0.11067079177  -7.04359205887
0.395006520439  688  582  581.407421195  20.0959869268  0.0037182536211
0.395006520439  688  603  603.247160363  23.1020106245  0.025793525084
0.395006520439  688  626  625.096791755  25.6773215086  0.00234614592529
0.395006520439  688  648  648.389251881  30.143587066  0.0239666883397
0.395006520439  688  672  671.833965075  31.6894270632  0.0189041690299
0.395006520439  687  696  695.901890097  27.8737358058  0.035902277967
0.395006520439  687  719  719.694057609  24.7674319874  0.0375499041285
0.395006520439  687  743  743.316410665  21.446503864  0.0228580837387
0.395006520439  686  767  767.268456449  18.8954240444  0.0210849254096
0.395006520439  686  791  791.369978239  16.9411865747  0.0153607258854
0.395006520439  685  815  815.896557864  15.6855323447  0.0271690974309
0.395006520439  684  840  840.605709196  14.431284402  0.0190481315589
0.395006520439  684  865  865.550174931  13.8062707023  0.0210617022343
0.395006520439  683  891  890.851066918  13.0417884486  0.00814341724758
0.395006520439  682  916  916.492520992  12.7592577643  0.0347741901171
0.395006520439  681  943  942.675859436  12.6820991295  0.00630299947263
0.395006520439  680  969  969.216661025  12.9517113899  0.0221368619942
0.395006520439  679  996  996.079114759  12.8629179591  0.0270166717159
0.572876520439  674  9  9.10187435113  5.7221187195  0.0298958810296
0.572876520439  675  25  25.2435117213  6.10912043202  0.00794401799992
0.572876520439  676  41  41.5595159919  6.4406359758  0.0092102937307
0.572876520439  677  58  57.9246165885  6.70764962171  -0.0246793871841
0.572876520439  677  74  74.5430651738  6.73382292392  -0.00747243721865
0.572876520439  678  91  91.1678750841  6.90100171775  -0.016542622091
0.572876520439  679  108  107.948894147  7.04391489567  -0.0139342865841
0.572876520439  679  125  124.856288948  7.34917794363  -0.0125233653785
0.572876520439  680  142  141.871504614  7.67413792185  -0.000616297369584
0.572876520439  681  159  159.087906725  8.06941534455  0.0166872942771
0.572876520439  681  176  176.374132246  9.00745944454  0.0267494924628
0.572876520439  682  194  193.700572706  9.62461003222  0.0110462369393
0.572876520439  682  211  211.315991594  11.2195921762  0.0312690948258
0.572876520439  683  229  229.072288927  12.7604942957  0.017020780248
0.572876520439  683  247  247.000449842  15.0615150248  0.00961159091936
0.572876520439  684  265  265.066293687  18.0766484388  0.017322293062
0.572876520439  684  284  283.453684451  22.162324606  -0.00843828009099
0.572876520439  685  303  302.585020849  26.7826961505  -0.00419456868726
0.572876520439  685  322  322.217590568  30.8655665819  0.0166462839564
0.572876520439  686  341  342.290305648  34.6615845908  0.0641501354246
0.572876520439  686  361  361.62840612  29.9752750442  0.0426728072386
0.572876520439  686  381  380.664429997  23.877748949  -0.00102325976068
0.572876520439  687  399  400.530386749  0.842357275623  0.106029359469
0.572876520439  687  419  419.490316102  20.5613488117  0.0383053307742
0.572876520439  687  439  438.835079185  19.2276541405  0.0205303760184
0.572876520439  687  459  458.410743937  17.928222591  0.00684246905675
0.572876520439  687  479  478.361960719  17.6281554946  0.00842330000895
0.572876520439  687  499  498.37954695  17.3278644909  0.00923822740797
0.572876520439  687  519  518.821314362  17.4991228853  0.0166838922346
0.572876520439  688  540  540.29784067  0.4170697884  -6.98752884232
0.572876520439  688  561  561.322037979  0.108070997898  -7.01936814348
0.572876520439  687  582  581.436160834  19.8799445697  0.00391503301712
0.572876520439  687  603  603.328785014  22.9806471328  0.0257707941462
0.572876520439  687  626  625.224714415  25.5696588457  0.00191162454429
0.572876520439  687  648  648.324146275  29.6575829347  0.0247458950102
0.572876520439  687  672  671.831016992  31.1792798329  0.0197639749151
0.572876520439  686  696  695.996132782  27.2038213823  0.0277409163917
0.572876520439  686  719  719.841165017  24.9830043841  0.0421074569768
0.572876520439  686  744  743.15880793  20.026041666  -0.00642550803273
0.572876520439  685  767  767.300805222  18.8259448496  0.0172851542973
0.572876520439  685  791  791.438585224  17.194866771  0.0165747069971
0.572876520439  684  816  815.907760291  15.5308548916  0.00941971735231
0.572876520439  684  840  840.568911355  14.5251472418  0.0197303513666
0.572876520439  683  865  865.634904555  13.8525752925  0.0191078865797
0.572876520439  682  891  891.030920652  13.437542643  0.0100639562286
0.572876520439  681  917  916.577605674  12.7588046792  0.0240245301506
0.572876520439  680  943  942.745707864  12.5710569671  0.00301932681153
0.572876520439  679  969  969.399195736  13.1334561159  0.0309719170867
0.572876520439  678  996  996.22576033  12.816845971  0.02668082531
0.750746520439  673  9  9.1464178367  5.82090054159  0.0284467806441
0.750746520439  674  25  25.2550757658  6.06801886502  0.00956216713458
0.750746520439  675  41  41.602132096  6.37859548263  0.0107571813617
0.750746520439  676  58  57.9662583016  6.59247998254  -0.0275160453433
0.750746520439  676  74  74.507448797  6.68066377331  -0.00421422833538
0.750746520439  677  91  91.2045534909  6.83123614412  -0.0149227094327
0.750746520439  678  108  107.907930523  7.10937106904  -0.0195351295641
0.750746520439  679  125  124.825912465  7.31656384795  -0.012035118773
0.750746520439  679  142  141.91116462  7.67044786092  -0.000145645286142
0.750746520439  680  159  159.104835864  8.0663272228  0.0176454392635
0.750746520439  680  176  176.411210528  8.96938477167  0.0297090904986
0.750746520439  681  194  193.775681425  9.64481421922  0.0150012314556
0.750746520439  682  211  211.364852233  11.1949388067  0.031106693918
0.750746520439  682  229  229.088044377  12.6932920108  0.0154909594841
0.750746520439  683  247  246.8790872  15.0741982297  0.0105472579188
0.750746520439  683  265  265.103344209  17.8166577902  0.0168024104016
0.750746520439  684  284  283.593208496  22.5741626317  -0.00626151279861
0.750746520439  684  303  302.559630945  26.7764891877  -0.00502297130513
0.750746520439  684  322  322.322328895  0.392385527504  0.016932435048
0.750746520439  685  342  341.934079571  30.72935288  0.0163891373086
0.750746520439  685  361  361.61001111  0.338676150564  0.0339553227029
0.750746520439  685  380  380.925837494  24.4508996087  0.046053231319
0.750746520439  686  399  400.687436504  0.848824013888  0.104670510408
0.750746520439  686  419  419.551594191  0.258262735236  0.0448899653822
0.750746520439  686  439  438.966162573  19.6045974756  0.0236130486818
0.750746520439  686  459  458.5308056  18.1148273387  0.011617936916
0.750746520439  686  479  478.444767533  16.7717816093  0.0123451412659
0.750746520439  686  498  498.562973979  17.4827526589  0.0477756575504
0.750746520439  687  519  518.833931014  17.3979541607  0.0197258604558
0.750746520439  687  539  539.465895839  18.5252046582  0.0335147813319
0.750746520439  687  561  561.308114917  0.33014651752  -7.19857564246
0.750746520439  687  582  581.436651194  20.1841419616  -0.00291434718186
0.750746520439  686  603  603.493098584  23.4489661022  0.0304265100209
0.750746520439  686  626  625.393756407  26.4164382599  0.00689007466874
0.750746520439  686  648  648.464496249  29.4799052321  0.0333389688812
0.750746520439  686  673  671.757759757  29.4780177555  -0.00810246602855
0.750746520439  686  696  695.810768123  27.068987528  0.0243906437931
0.750746520439  685  719  719.841579417  24.77261502  0.0438757771039
0.750746520439  685  743  743.548203382  21.5386948016  0.031372349069
0.750746520439  684  767  767.3889621  18.8434887386  0.0186742806191
0.750746520439  684  791  791.537855382  17.273518185  0.0217736533233
0.750746520439  683  816  816.00091066  15.4031780037  0.0117244312977
0.750746520439  683  841  840.634183151  14.5407346983  0.00130164681722
0.750746520439  682  865  865.774830086  14.0683867902  0.0229987917529
0.750746520439  681  891  891.106244568  13.4080959822  0.0143260432075
0.750746520439  680  917  916.707308123  12.7884540142  0.0222879261493
0.750746520439  679  943  942.844721723  12.6424427513  0.00900599180455
0.750746520439  678  970  969.371218509  12.9059190602  0.00958681080347
0.750746520439  677  996  996.35347027  12.9415696899  0.0343343701577
0.928616520439  672  9  9.13066012468  5.77587087553  0.027206204669
0.928616520439  673  25  25.277395418  6.09532549919  0.00635521262728
0.928616520439  674  42  41.5175392366  6.40534371115  -0.0340202538956
0.928616520439  675  58  57.9757653599  6.59573292869  -0.0231680744527
0.928616520439  676  74  74.6015454899  6.68469786288  -0.00686372699127
0.928616520439  676  91  91.2121064854  6.81870438161  -0.0162343739502
0.928616520439  677  108  107.976305816  7.12509879105  -0.015955344209
0.928616520439  678  125  124.856400303  7.19068646671  -0.0180681479199
0.928616520439  678  142  141.954608368  7.7002095785  0.00155720880527
0.928616520439  679  159  159.122329073  8.09034131505  0.0169780728341
0.928616520439  679  176  176.445438872  9.07189436364  0.0264214467914
0.928616520439  680  194  193.80152446  9.55425306775  0.0172728580695
0.928616520439  681  211  211.338887278  11.2970154949  0.0335386678714
0.928616520439  681  229  229.096277675  12.5907247863  0.0185892962228
0.928616520439  682  247  246.970510956  14.7666269265  0.0114560763755
0.928616520439  682  265  265.178963816  17.9582242604  0.0183752075822
0.928616520439  683  284  283.536158189  22.4509668513  -0.00664057493933
0.928616520439  683  303  302.673075171  26.8687843418  -0.0052455312324
0.928616520439  683  322  322.248630336  30.7974555371  0.00955280201758
0.928616520439  684  341  342.531652  0.847128368962  0.0700272702814
0.928616520439  684  361  361.617054876  26.9817437208  0.0367785557141
0.928616520439  684  380  381.114380444  27.3909646454  0.0629744744918
0.928616520439  685  401  401.201696096  0.356236144775  -6.43511295033
0.928616520439  685  419  419.669744591  20.5615304371  0.0516238895533
0.928616520439  685  439  439.061276205  0.236504615314  0.029165847572
0.928616520439  685  459  458.591113595  18.1163876892  0.0118482507457
0.928616520439  685  479  478.515744556  16.8924092744  0.0123806298437
0.928616520439  686  498  498.715203836  17.4052130273  0.0512605681762
0.928616520439  686  519  518.871408183  17.3707274489  0.0203443149621
0.928616520439  686  539  539.537550067  18.5729449038  0.0343488441706
0.928616520439  686  561  560.158554731  18.8168627517  -0.00378197603036
0.928616520439  686  581  581.727823849  21.4959386254  0.0362450800898
0.928616520439  685  603  603.351493588  23.448102059  0.0325363665532
0.928616520439  685  626  625.475158966  26.1800955249  0.00463382897927
0.928616520439  685  649  648.191626734  29.7740613579  0.00281952678367
0.928616520439  685  673  671.837601413  29.3750953715  -0.0056706262851
0.928616520439  685  696  695.941096984  27.4341888744  0.0223501354834
0.928616520439  684  719  719.970066004  24.9927639406  0.0444547927723
0.928616520439  684  743  743.598132921  21.639683026  0.0319816278906
0.928616520439  683  767  767.681824664  18.9919223006  0.0344546253353
0.928616520439  683  791  791.733708473  17.2098764671  0.0236302688481
0.928616520439  682  816  816.165387819  15.3575647968  0.0141701130654
0.928616520439  682  841  840.646049167  14.4139970925  0.000559354438928
0.928616520439  681  866  865.795755599  13.661843078  0.00477079300296
0.928616520439  680  891  891.202161515  13.3902980473  0.0143067214865
0.928616520439  679  917  916.81653793  12.8749257484  0.0278944344762
0.928616520439  678  943  943.021651581  12.5076129669  0.00925361259963
0.928616520439  677  969  969.571591719  13.2326653222  0.0322301004702
0.928616520439  676  996  996.504847108  12.7702357033  0.0321352077049
1.10648652044  672  9  9.15909403928  5.68983731976  0.0211183472599
1.10648652044  672  25  25.3122850829  6.10963994219  0.0133133380909
1.10648652044  673  41  41.6212397477  6.37572055928  0.0139672830374
1.10648652044  674  58  57.9694842157  6.64625170275  -0.0272374726862
1.10648652044  675  74  74.5810119576  6.71636743414  -0.00222935983535
1.10648652044  675  91  91.2028094232  6.85387054274  -0.023993625074
1.10648652044  676  108  108.019733804  7.06256449433  -0.0125359436375
1.10648652044  677  125  124.899751512  7.30223836712  -0.00855091046323
1.10648652044  677  142  142.005890431  7.654905825  0.00321996278282
1.10648652044  678  159  159.157467283  8.10597308791  0.0170564198057
1.10648652044  679  176  176.457140704  9.05906838213  0.0344906491532
1.10648652044  679  194  193.849453525  9.56967667055  0.0176374859884
1.10648652044  680  211  211.385579872  11.0841338057  0.0272883078396
1.10648652044  680  229  229.14244224  12.654856502  0.02077701949
1.10648652044  681  247  247.0164738  15.1217707548  0.0166147474396
1.10648652044  681  265  265.309337424  18.1443047172  0.0272394809236
1.10648652044  682  284  283.665438101  22.1913552098  -0.00555105549766
1.10648652044  682  303  302.844950792  26.8330877607  0.00274850080215
1.10648652044  682  321  322.458406303  0.911057887752  0.0747763833626
1.10648652044  683  341  342.540145307  36.4148464  0.0709429898228
1.10648652044  683  361  361.871095428  0.40449449891  0.0470042650569
1.10648652044  684  381  381.02847881  24.3666694988  0.00592503640695
1.10648652044  684  400  400.274283102  21.2968073452  0.0332292093999
1.10648652044  684  419  419.730304874  20.4616686432  0.0529828323203
1.10648652044  684  439  439.131212543  19.1685910407  0.0329763369763
1.10648652044  684  459  458.653196275  18.2763682797  0.0166499020394
1.10648652044  685  479  478.461544453  17.6959911761  0.0128575952667
1.10648652044  685  499  498.647666634  17.4325310992  0.0173172930254
1.10648652044  685  519  518.971015928  17.2330874837  0.0227597859748
1.10648652044  685  539  539.579486925  18.6884699904  0.036444912612
1.10648652044  685  561  560.374995809  18.5701898001  0.00488406785391
1.10648652044  685  582  581.628679389  20.3625638577  0.00579460622211
1.10648652044  685  603  603.459294144  23.4085323586  0.0328066285262
1.10648652044  684  625  625.96127225  27.503528647  0.0408654622887
1.10648652044  684  649  648.408943961  28.2963872129  0.0093642911839
1.10648652044  684  672  672.155222826  32.1254998843  0.0304475216676
1.10648652044  684  696  696.085448304  26.9794866394  0.026198398845
1.10648652044  683  719  720.055715724  25.6566955733  0.052554814076
1.10648652044  683  743  743.772115414  21.4988753562  0.033950564697
1.10648652044  682  767  767.749495003  0.230244228701  0.0297613497241
1.10648652044  682  792  791.750288606  17.1638894941  0.00455869494526
1.10648652044  681  816  816.258807777  15.5177844232  0.0203485678431
1.10648652044  681  841  840.766381938  14.4810473052  -0.00281031228083
1.10648652044  680  866  865.897624405  13.5420690743  0.00665526053407
1.10648652044  679  891  891.33720916  13.5124768969  0.0185103105599
1.10648652044  678  917  916.926010068  12.7413970677  0.024456169857
1.10648652044  677  943  943.115247761  12.603434933  0.0145914637111
1.10648652044  676  970  969.64895859  12.8710413551  0.0136518429825
1.10648652044  675  996  996.614554873  0.157251956642  0.0406775042684
1.28435652044  671  9  9.17318680194  5.80067852037  0.027036479033
1.28435652044  671  25  25.3602528499  6.20556653267  0.0105324218181
1.28435652044  672  42  41.5557198173  6.37250997449  -0.0315346900783
1.28435652044  673  58  58.0018750098  6.66142333034  -0.0256875038934
1.28435652044  674  75  74.5418663398  6.7524588763  -0.045591100684
1.28435652044  674  91  91.256087017  6.8667805294  -0.0133599090776
1.28435652044  675  108  108.051592724  6.99276828535  -0.0122995397305
1.28435652044  676  125  124.901074039  7.25465581904  -0.0103272666589
1.28435652044  676  142  142.041475248  7.49568633481  0.0119522197179
1.28435652044  677  159  159.185991172  8.05667219394  0.0181194815876
1.28435652044  678  176  176.48804803  8.92013665895  0.0283636317057
1.28435652044  678  194  193.908353672  9.48929652795  0.0212038615123
1.28435652044  679  211  211.469638446  11.1930211588  0.0374188001584
1.28435652044  679  229  229.137409326  12.6928622075  0.0249093252461
1.28435652044  680  247  247.04284403  14.9956396665  0.0145823093623
1.28435652044  680  265  265.411431409  0.217720449413  0.0314987321755
1.28435652044  681  284  283.685761576  22.7222952598  0.00532681790736
1.28435652044  681  303  302.824698887  26.8389965213  0.00744510052781
1.28435652044  682  321  322.80059907  34.3349005642  0.0771496302763
1.28435652044  682  341  342.636390117  36.3116591866  0.0718064176521
1.28435652044  682  361  362.105048436  0.45232536424  0.0568408477443
1.28435652044  683  381  380.944464826  24.0581649604  0.0117448321957
1.28435652044  683  400  400.343870634  21.3092759887  0.0381501189359
1.28435652044  683  419  419.889641539  20.7112022091  0.0543347371298
1.28435652044  683  439  439.291698129  19.4077268497  0.0388836885154
1.28435652044  683  459  458.744430595  18.4988864455  0.0170068265948
1.28435652044  684  479  478.531522159  17.7281893848  0.0105968277124
1.28435652044  684  499  498.763265621  17.3722907  0.0200571245235
1.28435652044  684  519  519.047332603  17.5461646499  0.0263476958515
1.28435652044  684  540  539.503711086  17.8663510229  0.00576452568227
1.28435652044  684  561  560.457225443  18.6330873626  0.00421304368836
1.28435652044  684  582  581.705433221  20.1655860421  0.00911051245096
1.28435652044  684  603  603.525616675  25.24302527  0.0318093218907
1.28435652044  683  627  625.381355544  26.2197896852  -0.0141607985903
1.28435652044  683  649  648.539380513  28.3526501832  0.00843272542827
1.28435652044  683  672  672.204906603  32.3289279302  0.0353566318906
1.28435652044  683  696  696.11937487  27.3068283029  0.0290372074311
1.28435652044  682  719  720.251533096  0.340350519804  0.0557246348405
1.28435652044  682  743  743.891409171  21.5947761558  0.0388620825234
1.28435652044  682  767  767.785964853  18.8384440838  0.0307135948406
1.28435652044  681  792  791.886748807  17.0908642849  0.00802989881483
1.28435652044  680  816  816.323263662  15.5006880281  0.0163362576916
1.28435652044  680  841  840.983856621  14.3462466326  0.00964586999676
1.28435652044  679  866  866.062281751  13.4330334358  0.00971297236615
1.28435652044  678  891  891.512022564  13.4225409916  0.0184687189093
1.28435652044  677  917  916.977895097  12.9427849052  0.0294124606007
1.28435652044  676  943  943.301437294  12.5849910106  0.0134870597166
1.28435652044  676  969  969.764468278  13.2353415817  0.0303960706132
1.28435652044  674  997  996.640233346  13.0638345819  0.0187973042718
1.46222652044  670  9  9.17005574043  5.77461662291  0.0206377375399
1.46222652044  670  25  25.3281546765  6.14253118649  0.0106333085049
1.46222652044  671  42  41.5818780228  6.40323245741  -0.032661785554
1.46222652044  672  58  58.047442129  6.65251459599  -0.0236222612999
1.46222652044  673  75  74.5639153281  6.75427196409  -0.0398338188904
1.46222652044  673  91  91.3161493042  6.96929717527  -0.0150953641805
1.46222652044  674  108  108.072378231  7.03192088375  -0.0139890088338
1.46222652044  675  125  124.969117427  7.27227201469  -0.00734495163613
1.46222652044  675  142  142.098487974  7.63162730023  0.0046957953795
1.46222652044  676  159  159.223004087  8.07753076238  0.0165689352948
1.46222652044  677  176  176.491234521  9.04277882777  0.0321048025651
1.46222652044  677  194  193.931176342  9.48718858014  0.0241677805711
1.46222652044  678  211  211.469405973  11.2382261836  0.0367415082124
1.46222652044  678  229  229.21642216  12.7406612526  0.029479922255
1.46222652044  679  247  247.085962618  15.0255813802  0.0192437285038
1.46222652044  679  265  265.399827336  17.9579293177  0.0260072594849
1.46222652044  680  284  283.783295545  22.1886489512  0.000489800879629
1.46222652044  680  303  302.844676785  26.8372074945  0.00815634671178
1.46222652044  681  322  322.31159255  32.7594539121  0.0179355520414
1.46222652044  681  342  342.255549015  30.3751968744  0.0234369330985
1.46222652044  681  361  362.211695105  32.3277953326  0.0686015776654
1.46222652044  682  381  381.064239052  0.291758700495  0.0230189133559
1.46222652044  682  400  400.443596003  22.892324824  0.0432102914836
1.46222652044  682  420  419.57776241  19.2605283474  0.00994496469812
1.46222652044  682  439  439.391561171  19.3513557937  0.0383108842471
1.46222652044  683  459  458.83513455  18.3045056806  0.0228663652867
1.46222652044  683  479  478.553970489  17.6429976762  0.00991906769165
1.46222652044  683  499  498.877453521  17.1527625257  0.0237378481432
1.46222652044  683  519  519.101748239  17.5392080723  0.0284781897905
1.46222652044  683  540  539.621377963  17.6488351973  0.00757711348717
1.46222652044  683  561  560.55022092  18.6232163662  0.00433961950616
1.46222652044  683  582  581.812430944  21.0458196164  0.0102808834106
1.46222652044  683  604  603.395589044  23.339001803  0.00207899349701
1.46222652044  683  627  625.579003521  25.6648921523  -0.0173364346622
1.46222652044  682  649  648.656965999  30.2264049803  0.00692431067526
1.46222652044  682  673  672.043007223  29.7973261127  0.000129293414601
1.46222652044  682  696  696.324135958  29.4507288936  0.0350884613253
1.46222652044  681  720  720.005381131  0.290475313459  0.0243709619606
1.46222652044  681  743  744.118749611  0.271350210684  0.0423870441206
1.46222652044  681  767  768.005609249  19.2080559401  0.0341816280922
1.46222652044  680  792  791.934307184  16.9959831175  0.0107471330287
1.46222652044  679  816  816.315244842  15.7934998966  0.0190459080118
1.46222652044  679  841  841.152626714  14.3690406228  0.0114625146999
1.46222652044  678  866  866.173918349  13.5869030066  0.0112476391559
1.46222652044  677  891  891.67062845  13.4939005782  0.0261573544424
1.46222652044  676  917  917.191212741  12.7526954233  0.0291441708913
1.46222652044  676  943  943.368399645  12.5403464949  0.01576387964
1.46222652044  675  970  969.926562154  12.8673147168  0.0170953985095
1.46222652044  673  997  996.744274089  12.7433744507  0.0222580592324
1.64009652044  669  9  9.21791848991  5.7886415034  0.0231952892071
1.64009652044  670  25  25.3655433033  6.05747199622  0.0108261760629
1.64009652044  670  42  41.6220025149  6.42818779716  -0.0285149065313
1.64009652044  671  58  58.0706221835  6.61748598881  -0.0234676730974
1.64009652044  672  75  74.5779546428  6.73937887105  -0.0440731844068
1.64009652044  673  91  91.2868927844  6.9545779818  -0.0126176039648
1.64009652044  673  108  108.101034418  7.05724254592  -0.0146712310931
1.64009652044  674  125  125.022671497  7.2533441121  -0.00795106749413
1.64009652044  675  142  142.069617638  7.57630769158  0.00582857009895
1.64009652044  675  159  159.226862891  8.04931138606  0.0156385956642
1.64009652044  676  176  176.544122655  8.97611379563  0.0294494586582
1.64009652044  676  194  193.98683644  9.745319811  0.0205448008582
1.64009652044  677  212  211.441937993  10.7565455489  0.00303351715523
1.64009652044  677  229  229.312008096  12.6988153234  0.0260123285643
1.64009652044  678  247  247.100079231  15.0864267949  0.0208440213276
1.64009652044  678  265  265.383828537  19.1470984511  0.0225574936889
1.64009652044  679  285  283.505774333  22.6336363025  -0.0507731947478
1.64009652044  679  303  302.777573838  27.1496201699  0.00851954969315
1.64009652044  680  322  322.349836454  32.7541280306  0.0132640016336
1.64009652044  680  342  342.402185488  0.382551780345  0.0303314994253
1.64009652044  680  361  362.360712942  0.999767161497  0.0807597366023
1.64009652044  681  381  379.186772133  0.335060310288  -15.8827890273
1.64009652044  681  399  400.88610535  25.2688411913  0.105262989563
1.64009652044  681  420  419.628588622  19.2936933284  0.0129405384086
1.64009652044  681  439  439.516362219  19.2244062506  0.0452061317378
1.64009652044  682  459  458.904501544  18.4317378258  0.0241968866292
1.64009652044  682  479  478.679359065  17.7450662065  0.0161833584554
1.64009652044  682  499  498.943806511  17.0804228955  0.0257671254147
1.64009652044  682  519  519.241967321  17.4293027385  0.0286855562126
1.64009652044  682  540  539.751812381  17.82027425  0.0115260676873
1.64009652044  682  561  560.70190674  18.5539253505  0.00820137576308
1.64009652044  682  582  581.943462381  21.2229401605  0.0170604857807
1.64009652044  682  604  603.540671691  23.0797483151  0.00746161324186
1.64009652044  682  627  625.524826932  25.8039058977  -0.0194021268724
1.64009652044  681  649  648.752996076  31.145483577  0.012561141285
1.64009652044  681  673  672.024459157  29.7707324394  0.00192680700852
1.64009652044  681  696  696.421613232  29.3080447141  0.0411287563026
1.64009652044  680  720  720.131175233  23.7257136078  0.0206383676085
1.64009652044  680  743  744.203371062  21.8626174664  0.0466492428659
1.64009652044  680  767  767.969819401  19.1761002468  0.0396526510399
1.64009652044  679  792  792.059285719  16.8162924472  0.0141156794187
1.64009652044  679  816  816.516352693  15.6543089717  0.0161942585105
1.64009652044  678  841  841.311342684  14.3565665875  0.0136117448445
1.64009652044  677  866  866.346899445  14.0460160787  0.0183818324751
1.64009652044  676  892  891.636264236  12.9027014891  0.00252553197563
1.64009652044  676  917  917.276701499  12.8269279099  0.0342828084316
1.64009652044  675  944  943.438756987  12.6611484677  -0.00181308488914
1.64009652044  674  970  970.047952229  12.9674226117  0.0216294383808
1.64009652044  673  997  996.888846389  12.7697494303  0.0244140524115
1.81796652044  668  9  9.23538308276  5.75991929172  0.0229233417617
1.81796652044  669  25  25.364219755  6.11979135424  0.0201552569989
1.81796652044  669  42  41.6422311543  6.43459025415  -0.0326265573112
1.81796652044  670  58  58.0880757763  6.59570192036  -0.0212256558043
1.81796652044  671  75  74.5968854538  6.80928425585  -0.0449525742674
1.81796652044  672  91  91.3486158464  6.80677665538  -0.0168545405272
1.81796652044  672  108  108.131348239  7.01841208952  -0.0129544660578
1.81796652044  673  125  125.051498287  7.26946892081  -0.0053177550368
1.81796652044  674  142  142.093417832  7.56067646675  -0.00191272941582
1.81796652044  674  159  159.28976991  8.32109549602  0.0200040167198
1.81796652044  675  177  176.512517748  8.64414557812  0.00294491670823
1.81796652044  675  194  194.026084058  9.76453914907  0.0158385338369
1.81796652044  676  212  211.474742865  10.6589523489  0.00457698094827
1.81796652044  676  229  229.285275278  12.6121453167  0.0284382562429
1.81796652044  677  247  247.251073138  15.0256606402  0.0232271834571
1.81796652044  677  265  265.57419123  17.907596574  0.0357436776307
1.81796652044  678  284  283.779241969  22.0085213303  -0.000823012414677
1.81796652044  678  303  302.835308427  28.6866235646  0.00150440816365
1.81796652044  679  323  321.990748554  31.6669437943  -0.0318223855032
1.81796652044  679  342  342.395475371  33.6661029886  0.0257145083755
1.81796652044  679  362  362.055720116  28.0913935401  0.0120933218422
1.81796652044  680  381  381.325881032  24.5645537277  0.03576588439
1.81796652044  680  400  400.488811057  21.8916048048  0.0403710550463
1.81796652044  680  419  420.123744758  0.280154961125  0.0660119012587
1.81796652044  680  440  440.29333014  0.400854146756  -7.2127019047
1.81796652044  681  459  458.949254567  18.2862070581  0.0239960023444
1.81796652044  681  479  478.868038108  17.784806241  0.0250421626403
1.81796652044  681  499  498.974710033  17.1789537005  0.0255310077531
1.81796652044  681  519  519.377197806  0.209041270314  0.0312625910574
1.81796652044  681  540  539.883934936  17.7358616902  0.0155285990569
1.81796652044  681  560  561.034250249  18.322658481  0.0507132034503
1.81796652044  681  581  582.349333171  21.3175690721  0.0592260373428
1.81796652044  681  604  603.787309148  22.494988359  0.0205605232175
1.81796652044  681  625  626.047558058  27.1434504719  0.0449573044242
1.81796652044  680  649  648.811704774  30.5677180568  0.0121317831125
1.81796652044  680  673  672.219421209  30.0552102055  0.0106250166084
1.81796652044  680  696  696.487780253  29.7725733199  0.0404636478883
1.81796652044  680  720  720.119207423  0.288618006214  0.0234682209645
1.81796652044  679  743  744.389628901  22.1582892623  0.0542432696376
1.81796652044  679  768  767.998368351  18.8698509037  0.0103674246739
1.81796652044  678  792  792.216070992  16.9433449989  0.0187996433642
1.81796652044  678  816  816.587030487  15.6968455726  0.0178352233369
1.81796652044  677  841  841.387995635  14.3826533838  0.0142580183803
1.81796652044  676  866  866.448618564  13.9159101597  0.01896833346
1.81796652044  675  892  891.677401734  13.0545343116  0.00965716927877
1.81796652044  675  917  917.48354144  12.9373180147  0.032091306529
1.81796652044  674  944  943.577766294  12.6297116893  0.00417588714551
1.81796652044  673  970  970.204960081  13.1934111321  0.0197449104753
1.81796652044  672  997  997.042180587  12.7930615554  0.0265302992536
1.99583652044  667  9  9.24158696753  5.80718289698  0.0175434111445
1.99583652044  668  25  25.4086910984  6.16408889191  0.0155218749073
1.99583652044  668  42  41.5929951109  6.31158614098  -0.0310502623636
1.99583652044  669  58  58.1399279331  6.63406698998  -0.0203854060384
1.99583652044  670  75  74.6536946744  6.74661161442  -0.0450457333153
1.99583652044  671  91  91.3762251573  6.95167771121  -0.00845067791028
1.99583652044  671  108  108.164697537  6.9826959972  -0.01207830929
1.99583652044  672  125  125.095021498  7.20567518694  -0.00429378879311
1.99583652044  673  142  142.146735773  7.65653267009  0.0129393845234
1.99583652044  673  159  159.378224436  8.29201549504  0.0240519336265
1.99583652044  674  177  176.570101703  8.64847061648  0.00116678479675
1.99583652044  674  194  194.002851801  9.63512523346  0.0215047245881
1.99583652044  675  212  211.53237994  10.6277177828  0.00520085093554
1.99583652044  676  229  229.32046646  12.7202237583  0.0294349559525
1.99583652044  676  247  247.30762072  14.9847367565  0.0246926558994
1.99583652044  676  265  265.27499112  18.178472297  0.0255033568919
1.99583652044  677  284  283.941497761  22.4874623497  0.00123047967032
1.99583652044  677  303  302.885611019  28.4737476581  0.0025755193556
1.99583652044  678  323  322.130876362  32.1318426527  -0.0268196176763
1.99583652044  678  342  342.533008337  34.1112702152  0.0259434466106
1.99583652044  679  362  361.544503297  28.3743438821  0.00670277859542
1.99583652044  679  381  381.700330199  26.0824073978  0.0496405498675
1.99583652044  679  401  400.573642934  21.0673508847  0.00741693084785
1.99583652044  679  419  420.298012603  20.6416066311  0.0702962175088
1.99583652044  680  440  439.400047258  18.0858275439  0.012512871016
1.99583652044  680  459  459.05195856  18.5258866488  0.0274113125384
1.99583652044  680  479  478.940532942  17.6300282483  0.0234959114558
1.99583652044  680  499  499.068876761  17.343633843  0.0293932115258
1.99583652044  680  519  519.424435957  17.1135140801  0.0364040402054
1.99583652044  680  540  539.923028657  17.6264474376  0.0147659754122
1.99583652044  680  561  560.797927638  18.3775458521  0.0131087921493
1.99583652044  680  582  582.193406374  21.2760545466  0.0227044471733
1.99583652044  680  604  603.717083873  23.6637248096  0.0115265896285
1.99583652044  680  627  625.673111496  26.0031303446  -0.0130573652299
1.99583652044  680  649  648.925454774  31.7434195797  0.01339677528
1.99583652044  679  673  672.375565576  30.2152572923  0.0227362740966
1.99583652044  679  696  696.630226613  29.5572945335  0.0446238083246
1.99583652044  679  720  720.468311455  26.0362077847  0.0274713806762
1.99583652044  678  744  744.234667333  21.381352606  0.027641423045
1.99583652044  678  768  768.095002298  18.9528128497  0.0185561988361
1.99583652044  677  792  792.457313281  17.201343836  0.0257076160106
1.99583652044  677  817  816.609172886  16.0103251019  -0.00618273903745
1.99583652044  676  841  841.536643274  14.4125651602  0.0186640639366
1.99583652044  675  866  866.600528628  13.8734901248  0.0256569475521
1.99583652044  674  892  891.965687092  13.2620009882  0.0125025076104
1.99583652044  674  918  917.479973616  12.8024984667  0.0177322828302
1.99583652044  673  944  943.662893587  12.7797638855  -0.00168905886512
1.99583652044  672  970  970.272086579  13.2417624043  0.0242034009117
1.99583652044  671  997  997.159145143  13.0644424521  0.0220467644682
2.17370652044  666  9  9.29128887744  5.72082748037  0.0215226390026
2.17370652044  667  25  25.44025892  6.14968283514  0.0181737138667
2.17370652044  668  42  41.6608827324  6.48097377224  -0.0314054438343
2.17370652044  668  58  58.1761629154  6.49719511277  -0.0138968270267
2.17370652044  669  75  74.6774826229  6.75270762524  -0.0439856436101
2.17370652044  670  91  91.4027897962  6.93919321444  -0.0114189862494
2.17370652044  670  108  108.174329107  6.91000706021  -0.00357912867742
2.17370652044  671  125  125.132311114  7.25499580624  -0.0064863578766
2.17370652044  672  142  142.194061081  7.63388819282  0.00950996031551
2.17370652044  672  159  159.414369698  8.21995286515  0.0364995382564
2.17370652044  673  177  176.608973155  8.67873417631  0.000751853668114
2.17370652044  674  194  194.059819241  9.88757464092  0.0245054113306
2.17370652044  674  212  211.636408139  10.6881817277  0.00883744110159
2.17370652044  675  229  229.348630586  13.2278904997  0.0349386566139
2.17370652044  675  247  242.524700408  9831.41492146  -0.143506367875
2.17370652044  676  265  265.530919511  18.1232752644  0.0348808303698
2.17370652044  676  284  284.04134119  22.7932543049  0.00798077452694
2.17370652044  676  303  302.672673875  28.2447265671  0.00540254833552
2.17370652044  677  323  322.378292871  31.2206381872  -0.015873277793
2.17370652044  677  342  342.740069044  33.6905543825  0.0333255724386
2.17370652044  678  362  361.912535592  0.341768113706  0.0193997672769
2.17370652044  678  381  381.682202212  25.614453395  0.0436048312287
2.17370652044  678  401  400.556493825  20.7923093318  0.00384210092706
2.17370652044  678  420  419.986310899  19.435404445  0.0172008507537
2.17370652044  679  439  439.651328332  19.3634082344  0.0470202764282
2.17370652044  679  459  459.184502256  18.1859035254  0.0343964383766
2.17370652044  679  479  478.963204718  17.7837034033  0.0235244640655
2.17370652044  679  499  499.234024381  16.9649195925  0.0352377013909
2.17370652044  679  519  519.49526598  16.956906631  0.03565987272
2.17370652044  679  540  539.983056458  17.7767260836  0.01952133935
2.17370652044  679  561  560.947130749  18.539915809  0.0179318211282
2.17370652044  679  582  582.255026078  21.038534525  0.0245181153223
2.17370652044  679  604  603.781869724  23.4417226364  0.0127023541897
2.17370652044  679  627  626.29569615  0.307807285233  -8.53572057886
2.17370652044  679  649  648.85662428  31.8040199455  0.00834023377641
2.17370652044  678  673  672.719080792  30.2948757238  0.0286038703856
2.17370652044  678  696  696.769960727  29.8642138207  0.0493703706659
2.17370652044  678  720  720.659387392  25.5646097692  0.04143401284
2.17370652044  677  744  744.293680277  21.4264914222  0.0284253148568
2.17370652044  677  768  768.195568854  19.1675477405  0.0192392523106
2.17370652044  676  792  792.540886019  16.8613601425  0.0196514032862
2.17370652044  676  817  816.783136202  15.6714165071  0.00699497103359
2.17370652044  675  842  841.516852919  14.2338912599  0.00367275748995
2.17370652044  674  867  866.61986752  13.3742840287  0.00307060348944
2.17370652044  674  892  891.921656063  13.5001639886  0.00939486900465
2.17370652044  673  918  917.558052136  12.8681773028  0.0157911204878
2.17370652044  672  944  943.768254523  12.6965744956  0.00399827590003
2.17370652044  671  971  971.312479132  0.394180164473  -5.73688025681
2.17370652044  670  997  997.279008761  12.8870984632  0.026498979251
