# Band 2C   Etalon 1B   Slice 11
# Distortion map version 06.04.00 - date 2018-10-09
# Trace (isoalpha): Take pixel trace along specified slice, specified alpha position trace is built by taking the pixel in every detector row with alpha value closest to the one specified 
# xpos[i] = np.argmin(alpha_img[i,:])+funcs.find_nearest(alpha_img[i,:][(slice_img[i,:]!=0)],alpha_pos)
#    alpha       x  y      center         FWHM          skewness
0.0  619  11  10.5066113911  1.59790568987  0.0112244071992
0.0  620  25  24.632558305  1.61501178508  0.019999162776
0.0  621  39  38.8962062983  1.66102769371  0.0399270861366
0.0  621  53  53.3605039881  1.64871211928  0.0803496374926
0.0  622  68  67.8578790992  1.71111165923  0.0791724329956
0.0  623  82  82.4994805876  1.65528216389  0.0317028070879
0.0  623  97  97.3293037723  1.74141410273  0.0390543097124
0.0  624  112  112.236872465  1.75305675387  0.0433362985539
0.0  624  127  127.316454934  1.76645190163  0.0106177276042
0.0  625  142  142.485395354  1.75016594266  0.00420659182234
0.0  625  158  157.8853164  1.7844097411  0.0367314868531
0.0  626  173  173.311301657  1.76199724106  0.00391496954395
0.0  627  189  188.922669017  1.70942524415  0.0120202539665
0.0  627  205  204.656293322  1.71985103809  -0.0108976784099
0.0  627  221  220.599923599  1.63840746059  0.027842928957
0.0  628  237  236.614403342  1.69439003475  0.00906116102705
0.0  628  253  252.840288708  1.76185102011  0.0194497383326
0.0  629  269  269.174587791  1.73825361797  0.0829416928876
0.0  629  286  285.685534901  1.76948032485  0.0549940326529
0.0  630  302  302.318787294  1.74326108375  0.0918831673941
0.0  630  319  319.163571404  1.81113216621  0.0790457543529
0.0  630  336  336.163657553  1.82381935398  0.0740690968341
0.0  631  353  353.220052766  1.83954494662  0.0348158777618
0.0  631  371  370.534266404  1.84116260139  0.0121857159228
0.0  631  388  388.047719798  1.88382526493  0.0412462692408
0.0  631  406  405.685775972  1.8806088461  0.0143078390524
0.0  632  423  423.420331783  1.88655427953  0.000857813527876
0.0  632  441  441.416532907  1.88584542437  0.00734911726235
0.0  632  460  459.567618622  1.87479752942  -0.00736909811468
0.0  632  478  477.939545229  1.90164796307  0.00614940478199
0.0  632  496  496.454298224  1.84128403431  0.00414450813755
0.0  632  515  515.161670076  1.89561662622  0.0146269625098
0.0  632  534  534.050937594  1.85293572819  0.0225874784085
0.0  632  553  553.117399481  1.88617779151  0.0338395180795
0.0  632  572  572.375481129  1.82533352788  0.0376635293108
0.0  632  592  591.803244538  1.91957340208  0.0190550383352
0.0  632  611  611.464656438  1.86618826376  0.0391296339709
0.0  632  631  631.32085188  1.89525655456  0.0443547021133
0.0  632  651  651.386637505  1.92143630099  0.0475781987727
0.0  631  672  671.717056121  1.99404499496  0.0179924976495
0.0  631  692  692.233703937  1.98779747905  0.0598422356659
0.0  631  713  712.881208961  2.03207983226  0.0258875016541
0.0  631  734  733.741288681  2.03449869744  -0.0135932969472
0.0  630  755  755.00913311  2.09574363305  0.0169973566671
0.0  630  776  776.322374458  2.0778741987  0.000789149317503
0.0  629  798  798.015847811  2.11634860888  -0.00104714981228
0.0  629  820  819.782183014  2.10620182668  -0.0111862757065
0.0  628  842  841.903237247  2.11189565539  -0.0150000593153
0.0  628  864  864.118669215  2.11342664754  -0.0453963067264
0.0  627  887  886.731141794  2.09202138573  0.000286872734108
0.0  626  910  909.578767912  2.0752507875  0.0183614445583
0.0  625  933  932.648932726  2.11798318729  0.00516413614963
0.0  624  956  955.997833186  2.34961205591  0.0227217339009
0.0  624  980  979.522762764  2.18449437511  0.00207490570413
0.0  623  1003  1003.42026466  2.19484095484  0.02310954394
-1.79054844135  629  10  10.0903973149  1.69868363755  0.0178946609127
-1.79054844135  629  24  24.2482790887  1.60681519248  0.052880318951
-1.79054844135  630  38  38.483827876  1.71004547994  -0.0191594579331
-1.79054844135  631  53  52.8606882978  1.70837830692  0.045119137786
-1.79054844135  631  67  67.4108676442  1.66925877716  0.0846685912787
-1.79054844135  632  82  82.0579558821  1.75468733119  0.0800162523907
-1.79054844135  633  97  96.7871923642  1.75976775701  0.0320279908038
-1.79054844135  633  112  111.732602608  1.77852710018  0.0288771709863
-1.79054844135  634  127  126.743956066  1.78318526812  0.00529638602583
-1.79054844135  634  142  141.99477852  1.79702742147  0.04943173765
-1.79054844135  635  157  157.266118521  1.7644654479  -0.00238970885914
-1.79054844135  636  173  172.685629108  1.73726030003  -0.0243153620653
-1.79054844135  636  188  188.319529354  1.72795297458  -0.00193679417232
-1.79054844135  637  204  204.052820888  1.78385234145  0.0105837303827
-1.79054844135  637  220  219.957105428  1.76720125715  0.00469709323953
-1.79054844135  637  236  235.99534605  1.71297567089  0.0396347253659
-1.79054844135  638  252  252.172726948  1.75417210527  0.0518625582931
-1.79054844135  638  269  268.505547882  1.71828203603  0.0459544251607
-1.79054844135  639  285  284.943689109  1.79442157203  0.0507377390732
-1.79054844135  639  302  301.596672517  1.78722904901  0.0342411702534
-1.79054844135  639  318  318.431100498  1.74715538265  0.0762943397821
-1.79054844135  640  335  335.346714253  1.82027772956  0.0393280918974
-1.79054844135  640  352  352.470234368  1.82649023473  0.015142483062
-1.79054844135  640  370  369.773089117  1.86582658884  0.015784705112
-1.79054844135  641  387  387.191499502  1.86256655949  0.0212858934633
-1.79054844135  641  405  404.807627947  1.86698861705  0.0052110792982
-1.79054844135  641  423  422.592849572  1.84543450153  -0.00469828236773
-1.79054844135  641  441  440.573912177  1.83970135423  -0.00746827964257
-1.79054844135  641  459  458.706653379  1.87337789245  -0.0196038377834
-1.79054844135  642  477  476.970246195  1.89497324043  -0.0101492539858
-1.79054844135  642  495  495.480987212  1.85592129406  0.000176337877644
-1.79054844135  642  514  514.174245469  1.86676673125  0.0192291563655
-1.79054844135  642  533  533.016008694  1.89307529201  0.0045780262525
-1.79054844135  642  552  552.085360464  1.8954384364  0.0288547748473
-1.79054844135  642  571  571.321174838  1.86606509501  0.0451412496828
-1.79054844135  642  591  590.719156924  1.90121264406  0.0193979465106
-1.79054844135  642  610  610.387597475  1.88452360448  0.0506888191798
-1.79054844135  641  630  630.306612392  1.91380125206  0.0548506600236
-1.79054844135  641  650  650.343487846  1.91148853716  0.0557902474052
-1.79054844135  641  671  670.544582511  1.93192628493  0.0281762669866
-1.79054844135  641  691  691.006165086  2.00061629279  0.0433805507573
-1.79054844135  640  712  711.717885411  2.05742319531  0.00346714531801
-1.79054844135  640  733  732.625078625  2.01965270505  0.0229043110377
-1.79054844135  640  754  753.682196394  2.12467584547  -0.0290921424907
-1.79054844135  639  775  775.163271874  2.08095528249  0.00245158123908
-1.79054844135  639  797  796.663126285  2.06351874017  -0.0237589154489
-1.79054844135  638  819  818.54547621  2.07391189485  -0.017097348804
-1.79054844135  638  841  840.514799655  2.07478854442  -0.0212546013566
-1.79054844135  637  863  862.842764848  2.10699915161  -0.0240236747442
-1.79054844135  636  885  885.412178681  2.15400360245  0.0395245234591
-1.79054844135  636  908  908.130163218  2.11850085533  0.0354379362681
-1.79054844135  635  931  931.175237508  2.11620082329  0.0246266962187
-1.79054844135  634  955  954.511022469  2.12720103297  0.00521238040366
-1.79054844135  633  978  978.131737082  2.21995157376  0.0310493638618
-1.79054844135  632  1002  1001.96978336  2.26357544776  0.0183641016857
-1.61267844135  628  10  10.1357547029  1.66781701762  0.0262639800965
-1.61267844135  629  24  24.2771895349  1.58438021892  0.0574141601893
-1.61267844135  629  39  38.5257558773  1.71958318104  -0.0240378921752
-1.61267844135  630  53  52.9058719069  1.69950036514  0.0591376060922
-1.61267844135  630  67  67.4162757212  1.65429115162  0.0550063311026
-1.61267844135  631  82  82.1129005003  1.75256094439  0.0926696740584
-1.61267844135  632  97  96.8358805562  1.7771124625  0.0383476566662
-1.61267844135  632  112  111.793463319  1.79233959489  0.0377102196854
-1.61267844135  633  127  126.800600737  1.79195753666  0.00667111973295
-1.61267844135  634  142  142.009157091  1.74250930357  0.0151066271193
-1.61267844135  634  157  157.317995383  1.77138652048  -0.0017728446732
-1.61267844135  635  173  172.740981192  1.76275153135  -0.00233056491673
-1.61267844135  635  188  188.389131705  1.74056878442  0.00647605262841
-1.61267844135  636  204  204.104044017  1.78023258429  0.00268121424396
-1.61267844135  636  220  220.016149523  1.75156262598  0.00574743218944
-1.61267844135  637  236  236.006017305  1.7685479708  -0.00421292846175
-1.61267844135  637  252  252.24521218  1.72223962389  0.0734116563255
-1.61267844135  637  269  268.559660399  1.70890455721  0.0370627747822
-1.61267844135  638  285  285.023615844  1.80255295585  0.0656025573876
-1.61267844135  638  302  301.657580336  1.81199504029  0.044947201694
-1.61267844135  639  318  318.425752029  1.78705745561  0.0410039170407
-1.61267844135  639  335  335.416068149  1.81611498274  0.0404166152923
-1.61267844135  639  353  352.561895463  1.83191104462  0.0280796053088
-1.61267844135  639  370  369.868273871  1.8652629988  0.0330568684974
-1.61267844135  640  387  387.260134624  1.87922299586  0.0231497708574
-1.61267844135  640  405  404.885533744  1.86668531447  0.00897304721226
-1.61267844135  640  423  422.665395695  1.88588045786  -0.0175231515201
-1.61267844135  640  441  440.656670522  1.85536255724  -0.000522374861311
-1.61267844135  640  459  458.773647887  1.79031652175  0.00693549064529
-1.61267844135  641  477  477.067280193  1.90186458762  0.00131187230345
-1.61267844135  641  496  495.547576137  1.86647562144  -0.0100071113647
-1.61267844135  641  514  514.254501508  1.86844571108  0.00559740417721
-1.61267844135  641  533  533.112747526  1.88892667878  0.00988839784922
-1.61267844135  641  552  552.178085707  1.88625096777  0.0362580899935
-1.61267844135  641  571  571.401566945  1.85724292135  0.0295043049465
-1.61267844135  641  591  590.815790377  1.91442979601  0.0225055484688
-1.61267844135  641  610  610.468692828  1.86972356865  0.0311271737888
-1.61267844135  640  630  630.390344786  1.88703760187  0.0402090022736
-1.61267844135  640  650  650.428907795  1.89622558542  0.0377388573491
-1.61267844135  640  671  670.634335108  1.96330580544  0.00914727071953
-1.61267844135  640  691  691.107945027  2.0067031964  0.0432452272425
-1.61267844135  640  712  711.748003642  2.02293535705  0.00973639770223
-1.61267844135  639  733  732.733659885  2.04130571492  0.0178148197798
-1.61267844135  639  754  753.824603574  2.09208863139  0.000190415838199
-1.61267844135  638  775  775.287505392  2.07873731155  0.00368709345074
-1.61267844135  638  797  796.782599617  2.08908287088  -0.019381816538
-1.61267844135  637  819  818.667006501  2.06709083056  -0.0265142431747
-1.61267844135  637  841  840.625218381  2.09118215402  -0.0282724621319
-1.61267844135  636  863  862.988354292  2.10429349228  -0.0018589171966
-1.61267844135  636  885  885.411906264  2.16697167722  -0.0558161478152
-1.61267844135  635  908  908.270209593  2.07466565312  0.0291445598528
-1.61267844135  634  931  931.32453001  2.10403346107  0.0278821345269
-1.61267844135  633  955  954.633192841  2.16333241908  -0.017032770139
-1.61267844135  632  978  978.282498184  2.20703509081  0.0337400843441
-1.61267844135  631  1002  1002.14319572  2.23912432454  0.0298847377573
-1.43480844135  627  10  10.1670887479  1.65739689319  0.0322222656285
-1.43480844135  628  24  24.2952053032  1.62988836512  0.0396277151914
-1.43480844135  628  39  38.5493909151  1.73759298737  -0.041393984222
-1.43480844135  629  53  52.9567158756  1.69645795618  0.0650934931129
-1.43480844135  630  67  67.4438523467  1.69352228708  0.0464330394353
-1.43480844135  630  82  82.1428260113  1.73008839831  0.0788999371407
-1.43480844135  631  97  96.8878172693  1.77930785816  0.0479534017015
-1.43480844135  631  112  111.842137269  1.77988066932  0.0384029642719
-1.43480844135  632  127  126.846053215  1.78514264099  0.00783949444508
-1.43480844135  633  142  142.031136302  1.7986699334  0.00129631021879
-1.43480844135  633  157  157.373888667  1.77557535799  -0.00337548685046
-1.43480844135  634  173  172.795536224  1.77360448277  -0.00864406766879
-1.43480844135  634  188  188.449358242  1.73747696804  0.00659181146506
-1.43480844135  635  204  204.167308464  1.75358698438  0.0092082523174
-1.43480844135  635  220  220.086168917  1.74229353667  0.016036080707
-1.43480844135  636  236  236.079316999  1.74240479907  0.0272418197354
-1.43480844135  636  252  252.301237886  1.6908158687  0.0678816525854
-1.43480844135  636  269  268.628103008  1.73264769489  0.0433533357805
-1.43480844135  637  285  285.112453312  1.79658792515  0.0880557728797
-1.43480844135  637  302  301.73049669  1.8319476776  0.0449668670102
-1.43480844135  638  318  318.494389235  1.79225699522  0.0429319995418
-1.43480844135  638  335  335.480671478  1.81628551328  0.0307166830814
-1.43480844135  638  353  352.625879984  1.84420059149  0.0245958211196
-1.43480844135  639  370  369.902902971  1.81622848964  0.0426186371399
-1.43480844135  639  387  387.338969093  1.87529537621  0.0162948008205
-1.43480844135  639  405  404.969840773  1.87529022792  0.0145864824757
-1.43480844135  639  423  422.762799444  1.87378482442  0.000592286946718
-1.43480844135  639  441  440.74724272  1.87762606002  -0.0078472355893
-1.43480844135  640  459  458.788354978  1.88181765589  -0.0284869793023
-1.43480844135  640  477  477.149920042  1.89095597044  -0.00938315162567
-1.43480844135  640  496  495.635654727  1.85500308083  -0.0206854513644
-1.43480844135  640  514  514.338706064  1.86056370651  -0.000760066541158
-1.43480844135  640  533  533.205949122  1.88682342144  0.0161404598266
-1.43480844135  640  552  552.2817882  1.86656834749  0.0385292226089
-1.43480844135  640  571  571.494595414  1.84561321373  0.0204687680611
-1.43480844135  640  591  590.939201676  1.92856811982  0.0479223478915
-1.43480844135  640  611  610.55961568  1.86617866491  0.0286992015975
-1.43480844135  640  630  630.390338775  1.88720113168  0.0398916820269
-1.43480844135  639  651  650.536975334  1.9164423662  0.0347837677806
-1.43480844135  639  671  670.752938012  1.98545474286  0.0101700499038
-1.43480844135  639  691  691.23888276  2.00316195853  0.0545765671744
-1.43480844135  639  712  711.868644185  2.03525012379  0.0228485419564
-1.43480844135  638  733  732.859451695  2.05999231745  0.00850969616974
-1.43480844135  638  754  753.955453624  2.09791240585  0.011900745821
-1.43480844135  637  775  775.399832629  2.07113247097  -0.00737660915875
-1.43480844135  637  797  796.929133917  2.10006709307  -0.0230358100064
-1.43480844135  636  819  818.800792954  2.11783640718  -0.0258711792046
-1.43480844135  636  841  840.759029286  2.10071578077  -0.0379364953994
-1.43480844135  635  863  863.130492843  2.09388108134  -0.00069451641101
-1.43480844135  635  886  885.555888637  2.04316386412  -0.00133110769351
-1.43480844135  634  908  908.387507969  2.05353617275  0.0253973286207
-1.43480844135  633  931  931.456983459  2.09285951262  0.0287737709541
-1.43480844135  632  955  954.813243673  2.1896262825  0.0129883662728
-1.43480844135  631  978  978.444070849  2.19408587303  0.0324064784746
-1.43480844135  630  1002  1002.28805784  2.22736200248  0.0240895409477
-1.25693844135  626  10  10.2139557412  1.6578193778  0.0336458440821
-1.25693844135  627  24  24.3421879712  1.60209902413  0.0517789606386
-1.25693844135  627  39  38.6058973291  1.72314806933  -0.0132162105316
-1.25693844135  628  53  52.9992244054  1.7027948099  0.0645587027347
-1.25693844135  629  67  67.4941160446  1.70269736139  0.0516976451182
-1.25693844135  629  82  82.1977486208  1.72223726326  0.0844940418472
-1.25693844135  630  97  96.9328281172  1.77271512963  0.0416548688633
-1.25693844135  630  112  111.865738386  1.74187086526  0.0395353228849
-1.25693844135  631  127  126.90777733  1.78209863274  0.00950744171813
-1.25693844135  632  142  142.085581247  1.78187291118  0.0130535694443
-1.25693844135  632  157  157.42149352  1.76836159718  -0.00861504356227
-1.25693844135  633  173  172.858721725  1.77330624605  -0.0103877314187
-1.25693844135  633  188  188.499254463  1.72261900733  0.0036129061861
-1.25693844135  634  204  204.22975052  1.75755208944  0.00702966448532
-1.25693844135  634  220  220.141929289  1.75100462895  0.0221690122878
-1.25693844135  635  236  236.148211165  1.74165577838  0.0325376561216
-1.25693844135  635  252  252.373547419  1.69403851436  0.0643072848799
-1.25693844135  636  269  268.671537549  1.68776306396  0.0477146945252
-1.25693844135  636  285  285.177533158  1.76921676455  0.0896644944128
-1.25693844135  636  302  301.806891179  1.8264943751  0.0557444546667
-1.25693844135  637  319  318.57762454  1.80071941226  0.0477560816254
-1.25693844135  637  336  335.563936948  1.82698400546  0.0291743272374
-1.25693844135  637  353  352.697591139  1.85397100544  0.0196476164806
-1.25693844135  638  370  369.945320029  1.86668892124  0.0312397051146
-1.25693844135  638  387  387.408373744  1.8619941466  0.00434084902772
-1.25693844135  638  405  405.050709975  1.86827656672  0.016977131684
-1.25693844135  638  423  422.851372253  1.88678912344  0.00310067347505
-1.25693844135  638  441  440.834751613  1.89452956346  -0.000125688412224
-1.25693844135  639  459  458.86287466  1.86338879307  -0.0787027819398
-1.25693844135  639  477  477.248223501  1.88553218064  -0.00304052103155
-1.25693844135  639  496  495.73862671  1.85944775784  -0.0131641603193
-1.25693844135  639  514  514.434505942  1.84896558336  -0.00266366918393
-1.25693844135  639  533  533.30988711  1.85000688243  0.0150633487892
-1.25693844135  639  552  552.378775831  1.83667643232  0.0397882677273
-1.25693844135  639  572  571.585601612  1.84400356299  0.00885869368343
-1.25693844135  639  591  591.04498252  1.91459639152  0.0445040609397
-1.25693844135  639  611  610.659091035  1.88934271569  0.0280295448211
-1.25693844135  639  630  630.501590346  1.91660923187  0.039569421457
-1.25693844135  638  651  650.628653737  1.94305429023  0.0135428255505
-1.25693844135  638  671  670.884393614  1.99212102198  0.0319576633668
-1.25693844135  638  691  691.351682573  1.95866715821  0.0420571011731
-1.25693844135  638  712  712.001504527  2.03043192117  0.0321090906798
-1.25693844135  637  733  733.005384387  2.06131407299  0.0272037811173
-1.25693844135  637  754  754.092925707  2.06411700688  0.0144160640284
-1.25693844135  636  776  775.523976039  2.19249407769  0.0384013890103
-1.25693844135  636  797  797.054511358  2.11153489452  -0.0136067716633
-1.25693844135  635  819  818.888560228  2.23979919672  -0.0157179416834
-1.25693844135  635  841  840.916003715  2.10569787694  -0.021219150808
-1.25693844135  634  863  863.277112834  2.08599776226  0.00266459816479
-1.25693844135  634  886  885.696537619  2.06485365636  0.00154476861093
-1.25693844135  633  909  908.538605945  2.07579408529  0.0176448173779
-1.25693844135  632  932  931.58256128  2.07468637698  0.00763211529004
-1.25693844135  631  955  954.954486453  2.1901809627  0.01674294729
-1.25693844135  630  979  978.575175181  2.19949450244  0.0158285357371
-1.25693844135  629  1002  1002.43035574  2.21116205675  0.0137606763086
-1.07906844135  625  10  10.2583033941  1.66351461341  0.036520959556
-1.07906844135  626  24  24.377728174  1.6139361299  0.0439258610299
-1.07906844135  626  39  38.671966592  1.84139976162  -0.0293232978153
-1.07906844135  627  53  53.053508669  1.69218679755  0.0734468320078
-1.07906844135  628  68  67.5353267982  1.68712137007  0.0491736904673
-1.07906844135  628  82  82.2439873191  1.72310078012  0.0777585676937
-1.07906844135  629  97  96.9865262616  1.75795492073  0.0473412666218
-1.07906844135  630  112  111.921748568  1.73744934625  0.0484519986064
-1.07906844135  630  127  126.962208184  1.77701126878  0.0206140137118
-1.07906844135  631  142  142.147969803  1.79324229201  0.022991069115
-1.07906844135  631  157  157.489222186  1.76240753324  0.00670711086468
-1.07906844135  632  173  172.921642278  1.76483788132  -0.00388287272037
-1.07906844135  632  189  188.562960352  1.72411783222  0.00245881387629
-1.07906844135  633  204  204.29186665  1.74300759915  0.004052880733
-1.07906844135  633  220  220.217275472  1.73620684986  0.0273489131711
-1.07906844135  634  236  236.219262136  1.72680026169  0.0393401953698
-1.07906844135  634  252  252.431743931  1.68757930792  0.0567620676152
-1.07906844135  635  269  268.696645735  1.72801982602  0.0420205283354
-1.07906844135  635  285  285.254797389  1.76015027907  0.0928277314901
-1.07906844135  635  302  301.896349427  1.81527817325  0.0682952928616
-1.07906844135  636  319  318.649227326  1.82390404155  0.0494407157089
-1.07906844135  636  336  335.644057354  1.83307938788  0.0419311347661
-1.07906844135  636  353  352.790438435  1.86226160677  0.0400348289405
-1.07906844135  637  370  370.034590139  1.85157493885  0.0412390191657
-1.07906844135  637  387  387.500664806  1.85228527463  0.0143657672427
-1.07906844135  637  405  405.142692601  1.86387309125  0.0203757240062
-1.07906844135  637  423  422.947896089  1.8975977407  0.0158557189731
-1.07906844135  637  441  440.931322068  1.89003579483  0.0255828509184
-1.07906844135  638  459  458.986830866  1.89971145099  -0.0176146791713
-1.07906844135  638  477  477.334603353  1.87737746766  -0.00162777212892
-1.07906844135  638  496  495.838964221  1.88955932739  -0.0131445557105
-1.07906844135  638  515  514.526570737  1.84622692934  -0.00948319218502
-1.07906844135  638  533  533.40639826  1.82147519495  0.0123524735471
-1.07906844135  638  552  552.46570428  1.83186370342  0.0197436834359
-1.07906844135  638  572  571.681487858  1.87368605166  0.0018083380807
-1.07906844135  638  591  591.149811348  1.9116413847  0.053149275511
-1.07906844135  638  611  610.754674341  1.91153745779  0.0188672641787
-1.07906844135  638  631  630.591494674  1.90925826482  0.0203625500903
-1.07906844135  637  651  650.751236483  1.94371463154  0.0227055603779
-1.07906844135  637  671  671.017761692  1.97145152263  0.0430325426283
-1.07906844135  637  691  691.453676523  1.96084029065  0.0267399697991
-1.07906844135  637  712  712.127831731  2.00344741276  0.0429872143957
-1.07906844135  636  733  733.126342482  2.05726070037  0.0350210544313
-1.07906844135  636  754  754.227816061  2.05797798856  0.0223596430499
-1.07906844135  636  776  775.529157891  2.22071219413  -0.0619848638984
-1.07906844135  635  797  797.204802188  2.12824960598  0.00567834538956
-1.07906844135  635  819  818.987656735  2.12099407244  0.0491067727675
-1.07906844135  634  841  841.055881835  2.10678986379  -0.00287570171327
-1.07906844135  633  863  863.420195983  2.07334737199  0.0136390389516
-1.07906844135  633  886  885.838567102  2.09260577359  0.00681324599242
-1.07906844135  632  909  908.670491092  2.09883447733  0.00460744514782
-1.07906844135  631  932  931.717918108  2.10171801787  -0.00608922728958
-1.07906844135  630  955  955.11961597  2.20590459402  0.0253392562081
-1.07906844135  629  979  978.714908333  2.21508310424  0.0112979681691
-1.07906844135  628  1003  1002.57361278  2.20547343796  0.00177141761986
-0.901198441348  624  10  10.2950035398  1.64282487659  0.0347332731072
-0.901198441348  625  24  24.4124896339  1.60898819214  0.0362369939651
-0.901198441348  625  39  38.7159704169  1.79943950915  -0.0138103803668
-0.901198441348  626  53  53.0966441818  1.69130622022  0.0830315659019
-0.901198441348  627  68  67.5841463444  1.69435549825  0.0615341311274
-0.901198441348  627  82  82.3031612926  1.69921400886  0.0893563645749
-0.901198441348  628  97  97.0375779351  1.75877625025  0.0485882638818
-0.901198441348  629  112  111.934238499  1.79347555588  0.0260337593932
-0.901198441348  629  127  127.025555293  1.76443756056  0.0279191412631
-0.901198441348  630  142  142.197010034  1.7605508874  0.00499680066029
-0.901198441348  630  158  157.545706602  1.76849415962  0.00638665035194
-0.901198441348  631  173  172.972936427  1.77091796426  -0.0056945494368
-0.901198441348  631  189  188.618887097  1.71356054273  -0.00740706868861
-0.901198441348  632  204  204.349023288  1.71815600969  0.00542168193873
-0.901198441348  632  220  220.294379265  1.72343542537  0.0366680712609
-0.901198441348  633  236  236.284551105  1.70501468204  0.0427480092716
-0.901198441348  633  252  252.495874238  1.69182871341  0.0456013876257
-0.901198441348  634  269  268.765643527  1.74766135381  0.0372275054486
-0.901198441348  634  285  285.323524979  1.75670239417  0.0902036670459
-0.901198441348  634  302  301.97627893  1.81620513809  0.0800887051085
-0.901198441348  635  319  318.724653341  1.83249961329  0.055788489649
-0.901198441348  635  336  335.713979053  1.83757684006  0.0408242859759
-0.901198441348  635  353  352.876942472  1.86045318532  0.0464990016801
-0.901198441348  636  370  370.121478701  1.83833991204  0.0424261082816
-0.901198441348  636  388  387.583000086  1.88567722938  0.0118576815433
-0.901198441348  636  405  405.235961532  1.86537687256  0.016370228994
-0.901198441348  636  423  423.043750729  1.9061561588  0.0223764898183
-0.901198441348  637  441  440.919740402  1.88533548755  -0.000312222205737
-0.901198441348  637  459  459.090865188  1.8924403405  0.00029709942606
-0.901198441348  637  477  477.429563481  1.87400106834  -0.00532170494034
-0.901198441348  637  496  495.93043941  1.88774378773  -0.0117498630565
-0.901198441348  637  515  514.619817935  1.8499994633  -0.0034685949283
-0.901198441348  637  533  533.49272477  1.81785060289  -0.00312274841717
-0.901198441348  637  553  552.554890015  1.84647642565  0.006628474272
-0.901198441348  637  572  571.782259436  1.89396173594  0.00104084210429
-0.901198441348  637  591  591.26265361  1.8897911241  0.0577721001243
-0.901198441348  637  611  610.875718231  1.9305238591  0.0241726429263
-0.901198441348  637  631  630.709201067  1.91777844215  0.0246037687782
-0.901198441348  636  651  650.908518516  1.98974379605  0.0838989053583
-0.901198441348  636  671  671.142541707  1.9668953899  0.0523972561826
-0.901198441348  636  692  691.565943525  1.98115248938  0.0196014733666
-0.901198441348  636  712  712.245712426  2.00146810378  0.0428807428391
-0.901198441348  635  733  733.245924185  2.03042583299  0.0311733319289
-0.901198441348  635  754  754.361715072  2.0559699988  0.0256538859039
-0.901198441348  635  776  775.642849393  2.1124451123  -0.0220931556535
-0.901198441348  634  797  797.333969439  2.11126637845  0.00353972860691
-0.901198441348  634  819  819.129692036  0.0249156922848  0.10367387729
-0.901198441348  633  841  841.195988731  2.10053913786  -0.001588890543
-0.901198441348  632  864  863.540191494  2.05848401374  -0.00562943262239
-0.901198441348  632  886  885.983749795  2.09703655911  0.0107825822667
-0.901198441348  631  909  908.80884036  2.10082890912  0.00806966633588
-0.901198441348  630  932  931.875279773  2.13102094065  0.0112234617554
-0.901198441348  629  955  955.276148536  2.19162909848  0.0367681293911
-0.901198441348  628  979  978.887888496  2.27156311442  0.0744664316922
-0.901198441348  627  1003  1002.75672386  2.31001439311  0.0755873035136
-0.723328441348  623  10  10.3293516521  1.62215189873  0.0308145710318
-0.723328441348  624  24  24.4428737354  1.59548668714  0.0319303580113
-0.723328441348  625  39  38.7345570511  1.78017171528  -0.0100179334711
-0.723328441348  625  53  53.1503986208  1.68168660396  0.0847358387993
-0.723328441348  626  68  67.6279393494  1.69322587672  0.0579572625434
-0.723328441348  626  82  82.3451084995  1.69294159391  0.0815555439729
-0.723328441348  627  97  97.0941357633  1.75972027698  0.0511930693367
-0.723328441348  628  112  112.002689185  1.77825787462  0.0452585994543
-0.723328441348  628  127  127.0741756  1.77336110769  0.0150271809953
-0.723328441348  629  142  142.257105289  1.75891989293  0.0117872262766
-0.723328441348  629  158  157.604677891  1.76030005298  0.0074951565505
-0.723328441348  630  173  173.03740952  1.7651002443  -0.00405780807372
-0.723328441348  630  189  188.673147392  1.72379943202  -0.00679770302197
-0.723328441348  631  204  204.398111262  1.7334196259  -0.00692883842179
-0.723328441348  631  220  220.355765984  1.71871962189  0.0320378814644
-0.723328441348  632  236  236.342037335  1.69358152977  0.0304064028721
-0.723328441348  632  253  252.549448015  1.68811927983  0.0306132254441
-0.723328441348  633  269  268.84234544  1.77017494128  0.0453368113622
-0.723328441348  633  285  285.390527409  1.72837917416  0.077328363694
-0.723328441348  633  302  302.078378742  1.81601084344  0.1000063771
-0.723328441348  634  319  318.795474896  1.8283285532  0.041180385337
-0.723328441348  634  336  335.797625201  1.84121147391  0.0458539937853
-0.723328441348  634  353  352.958351906  1.87299064372  0.0470946918882
-0.723328441348  635  370  370.202254662  1.81801318218  0.03960523853
-0.723328441348  635  388  387.670204844  1.88004868433  0.0146811277119
-0.723328441348  635  405  405.320275899  1.84208176387  0.0116427180975
-0.723328441348  635  423  423.131908774  1.88186838382  0.0178059545818
-0.723328441348  636  441  441.011022686  1.89150296159  -0.00212282803664
-0.723328441348  636  459  459.189516496  1.89375474081  0.00301453304916
-0.723328441348  636  478  477.526572493  1.87249418418  -0.00869149896363
-0.723328441348  636  496  496.036426506  1.88779090618  -0.00564173559918
-0.723328441348  636  515  514.725831027  1.87398544259  -0.00682558126278
-0.723328441348  636  534  533.594121735  1.84164646721  -0.00818527945562
-0.723328441348  636  553  552.642415068  1.85684651742  -0.00537863788952
-0.723328441348  636  572  571.897379706  1.9021405868  0.0174606895114
-0.723328441348  636  591  591.399990811  1.89303376704  0.06201142957
-0.723328441348  636  611  611.014358408  1.94113616141  0.0512525516864
-0.723328441348  636  631  630.83001454  1.95898232742  0.022567442383
-0.723328441348  636  651  650.890239693  1.97076180971  0.040842325295
-0.723328441348  635  671  671.252925425  1.9443391229  0.0475497857668
-0.723328441348  635  692  691.701017908  2.0059868475  0.0273498543172
-0.723328441348  635  712  712.361159947  1.98591012162  0.0366871390452
-0.723328441348  634  733  733.365059041  2.02862507818  0.0132871763835
-0.723328441348  634  754  754.469236134  2.04801866233  0.0114001296201
-0.723328441348  634  776  775.783026083  2.12087079278  -0.0103686325073
-0.723328441348  633  797  797.447430439  2.09109218648  -0.0194204228702
-0.723328441348  633  819  819.24624139  2.0987440054  0.00509346117316
-0.723328441348  632  841  841.34582806  2.07643329832  0.00473505062598
-0.723328441348  631  864  863.669640246  2.05193210641  -0.0136396545575
-0.723328441348  631  886  886.146523178  2.08060036647  0.0263774783197
-0.723328441348  630  909  908.965211393  2.11901983859  0.0182542012024
-0.723328441348  629  932  932.052813428  2.11908313178  0.0405726691037
-0.723328441348  628  955  955.428838438  2.15529891157  0.0364117648595
-0.723328441348  627  979  978.94390829  2.37267960681  0.0186137735478
-0.723328441348  626  1003  1002.81532436  2.35429129304  -0.00122336744035
-0.545458441348  622  10  10.370951485  1.59522713969  0.0326648164616
-0.545458441348  623  24  24.4989049372  1.61289371829  0.0385643905849
-0.545458441348  624  39  38.7248958565  1.65496887501  -0.0265192270605
-0.545458441348  624  53  53.2066470663  1.67814435734  0.0829244166124
-0.545458441348  625  68  67.6823214617  1.70620143984  0.0583770160562
-0.545458441348  625  82  82.3912660804  1.65355708681  0.0957231902859
-0.545458441348  626  97  97.1505946573  1.7502709385  0.0518989943094
-0.545458441348  627  112  112.061168388  1.77507680422  0.046640826282
-0.545458441348  627  127  127.137102609  1.76761680818  0.0132924168176
-0.545458441348  628  142  142.308009298  1.75454795029  0.0114338908598
-0.545458441348  628  158  157.674148747  1.75990597824  0.0125793072666
-0.545458441348  629  173  173.115941186  1.76031662825  0.00473428940641
-0.545458441348  629  189  188.740890131  1.73912260221  -0.0136658157789
-0.545458441348  630  204  204.469464855  1.7188386007  0.00434240677294
-0.545458441348  630  220  220.406789544  1.69980023902  0.0149590897522
-0.545458441348  631  236  236.418646018  1.67803996289  0.0395525469909
-0.545458441348  631  253  252.612292653  1.69555157989  0.0183140812006
-0.545458441348  632  269  268.926401434  1.77898010558  0.0549078851868
-0.545458441348  632  285  285.450060938  1.72140639503  0.0583945922604
-0.545458441348  632  302  302.176514412  1.75764873429  0.146693383034
-0.545458441348  633  319  318.880948272  1.83472991482  0.051404775008
-0.545458441348  633  336  335.885272269  1.85622378834  0.0508008910259
-0.545458441348  633  353  353.049169689  1.84827602581  0.051567307579
-0.545458441348  634  370  370.280096135  1.81925615576  0.028554891243
-0.545458441348  634  388  387.762493657  1.87688400749  0.0183651178309
-0.545458441348  634  405  405.414689959  1.85088368861  0.0160373128994
-0.545458441348  634  423  423.227265537  1.87842796311  0.0136352967353
-0.545458441348  635  441  441.117558767  1.87233850716  0.0037224269701
-0.545458441348  635  459  459.287509625  1.88556184982  0.00739686176021
-0.545458441348  635  478  477.615511081  1.87724086153  -0.00816792719638
-0.545458441348  635  496  496.142377962  1.87984572412  0.00155757033487
-0.545458441348  635  515  514.819710848  1.89256109802  -0.0117257601779
-0.545458441348  635  534  533.694652394  1.86196983975  -0.00032699592126
-0.545458441348  635  553  552.760551402  1.8906459253  0.0118937675843
-0.545458441348  635  572  572.030590756  1.89490247321  0.0339560634491
-0.545458441348  635  591  591.468885149  1.75895452074  -0.0232287844656
-0.545458441348  635  611  611.137526187  1.92081791448  0.0680061747069
-0.545458441348  635  631  630.957911496  1.95230203341  0.0489687250225
-0.545458441348  635  651  651.028534201  1.98508918973  0.0551214966452
-0.545458441348  634  671  671.376570056  1.95163319172  0.0449093279177
-0.545458441348  634  692  691.817581731  2.02378354617  0.0239128832659
-0.545458441348  634  712  712.490071947  1.97059277747  0.0271673412016
-0.545458441348  633  733  733.507830728  2.02918328576  0.0260639693309
-0.545458441348  633  755  754.599619087  2.03677548966  0.000985739220432
-0.545458441348  633  776  775.94249455  2.1225955465  0.0141746207958
-0.545458441348  632  798  797.57911131  2.09643939304  -0.0179939336231
-0.545458441348  632  819  819.378664817  2.07914415661  0.00320093436242
-0.545458441348  631  841  841.472493991  2.06442067202  -0.00580799032174
-0.545458441348  630  864  863.835052525  2.12566799174  0.0505709106246
-0.545458441348  630  886  886.309623417  2.08555008041  0.0371469585235
-0.545458441348  629  909  909.143920194  2.1198024583  0.0437640496676
-0.545458441348  628  932  932.210990799  2.08384802501  0.0368551832904
-0.545458441348  627  956  955.583607149  2.1454969114  0.036667091154
-0.545458441348  627  979  979.12932486  2.3679690118  0.0289747675516
-0.545458441348  626  1003  1002.88785195  2.25399624038  -0.0321757465281
-0.367588441348  621  10  10.4125495692  1.5996770136  0.0303725081566
-0.367588441348  622  25  24.5346909659  1.62065653834  0.020903414123
-0.367588441348  623  39  38.776110453  1.65640943265  0.0147423382911
-0.367588441348  623  53  53.2529948099  1.66511622327  0.0804991211818
-0.367588441348  624  68  67.7263351141  1.6928325291  0.0477199209794
-0.367588441348  624  82  82.4154635562  1.63829830683  0.0753231460149
-0.367588441348  625  97  97.2112083054  1.73832231756  0.0405057569948
-0.367588441348  626  112  112.122081115  1.76370264461  0.0451468043169
-0.367588441348  626  127  127.187094843  1.76134799938  0.00242877575467
-0.367588441348  627  142  142.372361834  1.75806324613  0.0198050358141
-0.367588441348  627  158  157.731446957  1.78192185374  0.0106571600748
-0.367588441348  628  173  173.179227179  1.76530718833  0.00331069271439
-0.367588441348  628  189  188.79077526  1.6663364991  0.0138857787481
-0.367588441348  629  205  204.528541251  1.71728552524  -0.00414227342003
-0.367588441348  629  220  220.479949041  1.67848857992  0.0216671747991
-0.367588441348  630  236  236.475858238  1.67192254873  0.0287240561611
-0.367588441348  630  253  252.694331254  1.71156722324  0.0174428553903
-0.367588441348  631  269  269.009976223  1.76690432713  0.064724940395
-0.367588441348  631  286  285.531266559  1.72487674519  0.0527771551974
-0.367588441348  632  302  302.19660716  1.67836781012  0.0961755994639
-0.367588441348  632  319  318.980194885  1.81871904929  0.0728430105219
-0.367588441348  632  336  335.974209481  1.85041182291  0.0605410907327
-0.367588441348  633  353  353.085426746  1.76865449639  0.0512558402615
-0.367588441348  633  370  370.367231566  1.82269015844  0.0227089479617
-0.367588441348  633  388  387.853503064  1.88608420919  0.0293771356989
-0.367588441348  633  406  405.503921898  1.84938741013  0.0126175577054
-0.367588441348  633  423  423.275576866  1.8204622817  0.00736698143622
-0.367588441348  634  441  441.228158091  1.87582662903  0.015619727713
-0.367588441348  634  459  459.37758379  1.85563076551  -0.00500383272001
-0.367588441348  634  478  477.720290783  1.88168375837  -0.00403379170751
-0.367588441348  634  496  496.245320481  1.85836855039  0.00854027862584
-0.367588441348  634  515  514.92441369  1.90354302922  -0.00819805525215
-0.367588441348  634  534  533.80935138  1.87601696998  0.00657287664211
-0.367588441348  634  553  552.876387204  1.87546738775  0.0154563217548
-0.367588441348  634  572  572.155547307  1.88516856263  0.0469339536756
-0.367588441348  634  592  591.570810242  1.87645563157  0.0075331286814
-0.367588441348  634  611  611.254992418  1.91155222524  0.0625507129079
-0.367588441348  634  631  631.077731027  1.95238329818  0.0496432744801
-0.367588441348  634  651  651.151879557  1.97592356985  0.0627715040704
-0.367588441348  633  671  671.487106426  1.95039776525  0.0246389526321
-0.367588441348  633  692  691.969751964  2.01713806852  0.0468262640071
-0.367588441348  633  713  712.616225183  1.99732534665  0.0252061475199
-0.367588441348  633  733  733.504815193  2.17441377346  -0.0446709844759
-0.367588441348  632  755  754.73076982  2.06375502346  0.00634772185444
-0.367588441348  632  776  776.064456235  2.10250042335  0.00846552291345
-0.367588441348  631  798  797.724128769  2.09274113646  -0.0152525307661
-0.367588441348  631  819  819.495099323  2.08187318057  -0.0157104382192
-0.367588441348  630  842  841.612357336  2.06266385479  -0.0138399069256
-0.367588441348  630  864  863.881821368  2.26144312138  -0.0168186775947
-0.367588441348  629  886  886.435689238  2.06548483415  0.0189462076085
-0.367588441348  628  909  909.295809906  2.08061998484  0.0322710463948
-0.367588441348  627  932  932.365291001  2.08942659005  0.0387878028473
-0.367588441348  626  956  955.738771555  2.27367972688  0.0734431446706
-0.367588441348  626  979  979.184812746  2.29311563078  -0.0336355227128
-0.367588441348  625  1003  1003.07309784  2.25741204847  0.0188616609563
-0.189718441348  620  10  10.4575088928  1.60644900027  0.0268658300881
-0.189718441348  621  25  24.5785646223  1.61195575772  0.012847436867
-0.189718441348  622  39  38.8352966437  1.65109977577  0.0312571869096
-0.189718441348  622  53  53.3019920254  1.6366889187  0.0797874754238
-0.189718441348  623  68  67.7921172698  1.71187001151  0.0599823292632
-0.189718441348  624  82  82.436306524  1.69924560742  0.053723611452
-0.189718441348  624  97  97.2684225408  1.74505703548  0.0425450661787
-0.189718441348  625  112  112.177663761  1.75173150083  0.0374083671793
-0.189718441348  625  127  127.256057752  1.75863930273  0.0106059638566
-0.189718441348  626  142  142.433336585  1.74141993587  0.0125700299201
-0.189718441348  626  158  157.787552799  1.71782225498  0.0420540380698
-0.189718441348  627  173  173.251671014  1.76320032562  0.00323706047151
-0.189718441348  628  189  188.864627067  1.68990141621  0.00821199644338
-0.189718441348  628  205  204.591135355  1.72058253368  -0.00910761088236
-0.189718441348  628  221  220.541904619  1.62352681759  0.0444155262801
-0.189718441348  629  237  236.548266574  1.67270898361  0.014177143295
-0.189718441348  629  253  252.768032276  1.7344812051  0.0241475482644
-0.189718441348  630  269  269.090339063  1.75314942659  0.0730066102407
-0.189718441348  630  286  285.61191302  1.75310269518  0.0536902249192
-0.189718441348  631  302  302.239511048  1.76427771806  0.0963910714808
-0.189718441348  631  319  319.070295871  1.82266664937  0.0807818775851
-0.189718441348  631  336  336.070322923  1.8276030618  0.0702271416997
-0.189718441348  632  353  353.13768489  1.87202743934  0.041904501024
-0.189718441348  632  370  370.444791716  1.82083820341  0.0198780366662
-0.189718441348  632  388  387.930839943  1.90221650092  0.0259948589338
-0.189718441348  632  406  405.60189821  1.86440240984  0.0183168789678
-0.189718441348  633  423  423.324459957  1.87408941786  0.0105490285493
-0.189718441348  633  441  441.321120183  1.86440100353  0.0141945605032
-0.189718441348  633  459  459.478473319  1.85783469563  -0.00516482944984
-0.189718441348  633  478  477.822137919  1.89637416245  -0.00243318457013
-0.189718441348  633  496  496.349933422  1.84311586876  0.0116070925193
-0.189718441348  633  515  515.047133508  1.88799616907  0.00205091746632
-0.189718441348  633  534  533.940376842  1.89917105163  0.0158016039896
-0.189718441348  633  553  552.993889241  1.89136685599  0.0272113558196
-0.189718441348  633  572  572.274186649  1.83079321223  0.0572913377848
-0.189718441348  633  592  591.687145361  1.89955790953  0.0201741604699
-0.189718441348  633  611  611.357367084  1.88702379607  0.0502588493064
-0.189718441348  633  631  631.216846769  1.93802873802  0.060439351803
-0.189718441348  633  651  651.278398334  1.92905032892  0.0613121921262
-0.189718441348  632  672  671.59831696  1.96190206654  0.0064218840643
-0.189718441348  632  692  692.117708134  2.03113376427  0.0603015211502
-0.189718441348  632  713  712.734314465  2.02000390013  0.0183772406199
-0.189718441348  632  734  733.617286918  2.04935900645  0.00392642865215
-0.189718441348  631  755  754.873478458  2.07773301085  0.0127653841212
-0.189718441348  631  776  776.187310706  2.09216969253  0.0119839612444
-0.189718441348  630  798  797.874238849  2.09177835118  -0.00930827835847
-0.189718441348  630  820  819.628863809  2.08683330166  -0.0199241832625
-0.189718441348  629  842  841.752038198  2.09923310097  -0.0239558893852
-0.189718441348  629  864  863.954722305  2.12504163409  -0.059990396021
-0.189718441348  628  887  886.563695809  2.06010113508  -0.000451350186956
-0.189718441348  627  909  909.429056606  2.09034531652  0.0205644333354
-0.189718441348  626  932  932.498968554  2.09183796141  0.0136624615233
-0.189718441348  625  956  955.804766257  2.32526753309  0.00655839851374
-0.189718441348  625  979  979.381496807  2.18043840867  0.0265547693466
-0.189718441348  624  1003  1003.25077286  2.24900839583  0.0268763584315
-0.0118484413485  619  11  10.5065996197  1.60099539317  0.0118152470361
-0.0118484413485  620  25  24.632558305  1.61501178508  0.019999162776
-0.0118484413485  621  39  38.8962594978  1.66099908534  0.0403767017245
-0.0118484413485  621  53  53.3604752829  1.64892900112  0.0802310350869
-0.0118484413485  622  68  67.8578790992  1.71111165923  0.0791724329956
-0.0118484413485  623  82  82.4957902745  1.69132363592  0.0572212857889
-0.0118484413485  623  97  97.3293037723  1.74141410273  0.0390543097124
-0.0118484413485  624  112  112.236782969  1.75340552237  0.0429063661733
-0.0118484413485  624  127  127.316055558  1.76887073912  0.0105400256779
-0.0118484413485  625  142  142.485395354  1.75016594266  0.00420659182234
-0.0118484413485  626  158  157.841829643  1.7218497304  0.0270199648266
-0.0118484413485  626  173  173.311301657  1.76199724106  0.00391496954395
-0.0118484413485  627  189  188.894096099  1.75217040753  0.00999574929434
-0.0118484413485  627  205  204.656293322  1.71985103809  -0.0108976784099
-0.0118484413485  628  221  220.533050871  1.64794628807  -0.0394793360937
-0.0118484413485  628  237  236.614403342  1.69439003475  0.00906116102705
-0.0118484413485  628  253  252.841106208  1.76408762738  0.0228423590952
-0.0118484413485  629  269  269.174587791  1.73825361797  0.0829416928876
-0.0118484413485  629  286  285.685534901  1.76948032485  0.0549940326529
-0.0118484413485  630  302  302.319237411  1.74024636317  0.0943787565707
-0.0118484413485  630  319  319.163571404  1.81113216621  0.0790457543529
-0.0118484413485  630  336  336.163657553  1.82381935398  0.0740690968341
-0.0118484413485  631  353  353.220096838  1.83933805767  0.0350188684379
-0.0118484413485  631  371  370.534266404  1.84116260139  0.0121857159228
-0.0118484413485  631  388  388.047719798  1.88382526493  0.0412462692408
-0.0118484413485  631  406  405.685775972  1.8806088461  0.0143078390524
-0.0118484413485  632  423  423.420968473  1.87185458954  0.00856848960788
-0.0118484413485  632  441  441.416532907  1.88584542437  0.00734911726235
-0.0118484413485  632  460  459.567618622  1.87479752942  -0.00736909811468
-0.0118484413485  632  478  477.939545229  1.90164796307  0.00614940478199
-0.0118484413485  632  496  496.454298224  1.84128403431  0.00414450813755
-0.0118484413485  632  515  515.161670076  1.89561662622  0.0146269625098
-0.0118484413485  632  534  534.050937594  1.85293572819  0.0225874784085
-0.0118484413485  632  553  553.117399481  1.88617779151  0.0338395180795
-0.0118484413485  632  572  572.375481129  1.82533352788  0.0376635293108
-0.0118484413485  632  592  591.803244538  1.91957340208  0.0190550383352
-0.0118484413485  632  611  611.464656438  1.86618826376  0.0391296339709
-0.0118484413485  632  631  631.32085188  1.89525655456  0.0443547021133
-0.0118484413485  632  651  651.386637505  1.92143630099  0.0475781987727
-0.0118484413485  631  672  671.739478941  2.05596666502  0.0806856384811
-0.0118484413485  631  692  692.233703937  1.98779747905  0.0598422356659
-0.0118484413485  631  713  712.881208961  2.03207983226  0.0258875016541
-0.0118484413485  631  734  733.752552966  2.05110249967  0.0143661389111
-0.0118484413485  630  755  755.00913311  2.09574363305  0.0169973566671
-0.0118484413485  630  776  776.322374458  2.0778741987  0.000789149317503
-0.0118484413485  629  798  798.015863488  2.11631703009  -0.000961195793432
-0.0118484413485  629  820  819.782212296  2.10632176906  -0.0110402796412
-0.0118484413485  628  842  841.90319956  2.11191496612  -0.0152431928404
-0.0118484413485  628  864  864.135102662  2.07802411492  0.0102962711046
-0.0118484413485  627  887  886.731141794  2.09202138573  0.000286872734108
-0.0118484413485  626  910  909.578767897  2.07524315351  0.0183680814425
-0.0118484413485  625  933  932.648672891  2.11495800499  0.00583698221346
-0.0118484413485  625  956  955.880064334  2.19415885691  -0.0285326945384
-0.0118484413485  624  980  979.522412412  2.19553345898  0.0141435474204
-0.0118484413485  623  1003  1003.42802698  2.20963779862  0.0344805192134
0.166021558652  618  11  10.5491227721  1.62656568578  0.00634889437665
0.166021558652  619  25  24.6854223894  1.64260340049  0.0193337567831
0.166021558652  620  39  38.9490509488  1.64943152467  0.0430461575878
0.166021558652  620  53  53.4038307492  1.64234126781  0.0721122066359
0.166021558652  621  68  67.925787207  1.70359976822  0.0878697514747
0.166021558652  622  83  82.5556126034  1.70557453714  0.0569400419646
0.166021558652  622  97  97.392809127  1.73124092032  0.0406266375541
0.166021558652  623  112  112.290024195  1.7369712755  0.0339149325335
0.166021558652  623  127  127.38584138  1.73450125964  0.0373460810792
0.166021558652  624  143  142.552545447  1.75581614528  0.0110616140557
0.166021558652  625  158  157.875282378  1.77876618929  0.0210366105033
0.166021558652  625  173  173.382973608  1.74602510982  0.00269548578689
0.166021558652  626  189  188.952601514  1.75939886618  0.00161707403564
0.166021558652  626  205  204.726375586  1.72771872909  -0.0118235991696
0.166021558652  627  221  220.605371752  1.71371872718  -0.00341630650212
0.166021558652  627  237  236.690183461  1.72239514723  0.0136888121121
0.166021558652  627  253  252.908017492  1.69321834347  0.0466360508363
0.166021558652  628  269  269.265602249  1.72836150474  0.0963055002507
0.166021558652  628  286  285.77794442  1.7749796206  0.061224348485
0.166021558652  629  302  302.390307071  1.72427435471  0.0839942879244
0.166021558652  629  319  319.24545432  1.78433057541  0.072537092296
0.166021558652  629  336  336.258862188  1.81297573038  0.0758841875516
0.166021558652  630  353  353.308572866  1.83647176665  0.0364487014139
0.166021558652  630  371  370.637203467  1.83244727632  0.0287987741122
0.166021558652  630  388  388.145279454  1.87675038452  0.0516300378445
0.166021558652  630  406  405.788985842  1.88850753683  0.0238991568364
0.166021558652  631  424  423.516056559  1.87991590012  0.0121193802665
0.166021558652  631  442  441.521660599  1.87583327294  0.00742938980061
0.166021558652  631  460  459.683338163  1.86237241866  0.000860205846526
0.166021558652  631  478  478.037805817  1.90157734153  0.0161136189275
0.166021558652  631  497  496.561950254  1.86062504254  0.0122339636912
0.166021558652  631  515  515.263798606  1.86859236141  0.0110841474468
0.166021558652  631  534  534.160598479  1.84691100585  0.0241216422274
0.166021558652  631  553  553.235598289  1.86881243532  0.0448338949272
0.166021558652  631  572  572.48722179  1.82444101911  0.0301283367959
0.166021558652  631  592  591.935080202  1.93881890258  0.0374542073621
0.166021558652  631  612  611.586337768  1.88586116906  0.0318540604157
0.166021558652  631  631  631.438324256  1.87269482743  0.0275339738003
0.166021558652  631  651  651.498046044  1.91900599717  0.036553891706
0.166021558652  631  672  671.716528917  1.9908966545  0.0155393069447
0.166021558652  630  692  692.342937572  1.99351368518  0.0425497142609
0.166021558652  630  713  713.012384573  2.02770178328  0.0342975254946
0.166021558652  630  734  733.900750213  2.07997285395  0.0265502266644
0.166021558652  629  755  755.153746281  2.06927764256  0.0220577865967
0.166021558652  629  776  776.469704504  2.07684880447  0.000197977931041
0.166021558652  628  798  798.172275555  2.09527986601  0.00123824495888
0.166021558652  628  820  819.921129382  2.11164865348  -0.0174238445915
0.166021558652  627  842  842.072101348  2.09592193103  0.00520761988624
0.166021558652  627  864  864.290414699  2.06014037327  0.0247983791454
0.166021558652  626  887  886.894179317  2.10752310061  0.0141753847205
0.166021558652  625  910  909.73543006  2.11811681889  0.0132560970437
0.166021558652  624  933  932.808956818  2.12676634187  0.0154243714182
0.166021558652  624  956  956.085119917  2.17306728022  0.0397665790251
0.166021558652  623  980  979.676039395  2.23764851952  0.00594234682859
0.166021558652  622  1004  1003.57162459  2.20754531772  0.0165659912299
0.343891558652  617  11  10.5906760684  1.57387774629  0.0209160133934
0.343891558652  618  25  24.7372644071  1.64341805102  0.0200666502375
0.343891558652  619  39  39.0116536587  1.66654159663  0.0498839305503
0.343891558652  619  53  53.4568118005  1.58995397711  0.0953134738945
0.343891558652  620  68  67.9798419818  1.71108011831  0.0864935562211
0.343891558652  621  83  82.6093322872  1.69887008266  0.0557139329383
0.343891558652  621  97  97.4418011459  1.74702144519  0.0269136266176
0.343891558652  622  112  112.347149511  1.73407204915  0.0272547182739
0.343891558652  622  127  127.408597931  1.7281469103  0.00491208590907
0.343891558652  623  143  142.618257626  1.74702108742  0.0148624988909
0.343891558652  624  158  157.94420358  1.76910732746  0.0262834249284
0.343891558652  624  173  173.444898858  1.74704594342  0.000486076966964
0.343891558652  625  189  189.026637878  1.75131018169  0.00669701103066
0.343891558652  625  205  204.804579485  1.72777197693  -0.00303206042222
0.343891558652  626  221  220.667093926  1.71865161752  -0.00687910521057
0.343891558652  626  237  236.758607562  1.72997197633  0.00723905965372
0.343891558652  627  253  252.979054956  1.69809525875  0.0575848191703
0.343891558652  627  269  269.338108536  1.70328033383  0.071917760972
0.343891558652  627  286  285.859722849  1.77813865478  0.0657175616744
0.343891558652  628  302  302.466674406  1.73344556872  0.0647388811005
0.343891558652  628  319  319.332810007  1.77046335516  0.0670908553899
0.343891558652  628  336  336.330575298  1.78778546535  0.0577747260905
0.343891558652  629  353  353.404411264  1.83366373872  0.0291051464953
0.343891558652  629  371  370.730911727  1.8473413302  0.0340124980697
0.343891558652  629  388  388.236451289  1.84977466185  0.0330640722074
0.343891558652  629  406  405.89839502  1.90179728997  0.0305982506205
0.343891558652  630  424  423.605833397  1.8834544173  0.0132116122824
0.343891558652  630  442  441.615180314  1.88930172334  0.00599484220419
0.343891558652  630  460  459.789092625  1.87514761387  0.0153824431278
0.343891558652  630  478  478.144988037  1.90480796087  0.0132224165595
0.343891558652  630  497  496.659266767  1.86274569561  -0.00312867881897
0.343891558652  630  515  515.368417584  1.85999490659  0.00764304317892
0.343891558652  630  534  534.269404292  1.84782966436  0.0266511908773
0.343891558652  630  553  553.348360592  1.84577170924  0.0405621571699
0.343891558652  630  573  572.587474377  1.84218331893  0.0163525824493
0.343891558652  630  592  592.081590415  1.91171992239  0.055773023436
0.343891558652  630  612  611.695321129  1.9254045972  0.0259476941594
0.343891558652  630  632  631.542474459  1.8429961425  -0.0139953251943
0.343891558652  630  652  651.60411445  1.95814493061  0.0205194195389
0.343891558652  630  672  671.870800763  2.01269584975  0.0284486236621
0.343891558652  629  692  692.478776306  1.97885890662  0.0384360372568
0.343891558652  629  713  713.155174541  2.02518471366  0.0488133423866
0.343891558652  629  734  734.046447157  2.07660645226  0.0385137920319
0.343891558652  628  755  755.294093031  2.04303188501  0.0217944578406
0.343891558652  628  777  776.607299999  2.0981037901  -0.000530782584801
0.343891558652  627  798  798.326382467  2.09451287207  0.0148302897668
0.343891558652  627  820  820.083270529  2.10854746302  0.00201506163514
0.343891558652  626  842  842.230500154  2.0649608131  0.0181091301395
0.343891558652  626  864  864.380713854  2.12131239983  0.0073754291402
0.343891558652  625  887  887.04518336  2.13394641335  0.0171840343191
0.343891558652  624  910  909.901246308  2.12136331906  0.0235586311499
0.343891558652  623  933  932.858934676  2.31947418683  -0.00426721202211
0.343891558652  623  956  956.237564863  2.14002230222  0.0443436133536
0.343891558652  622  980  979.848207039  2.24615389823  0.0137503207611
0.343891558652  621  1004  1003.74497607  2.23303408589  0.0139089049775
0.521761558652  617  11  10.6337416241  1.59825304462  0.00523617101039
0.521761558652  617  25  24.7902059614  1.6572372574  0.019471828019
0.521761558652  618  39  39.0713737545  1.65803231487  0.0586197870752
0.521761558652  618  53  53.4681206014  1.59599725915  0.06135840543
0.521761558652  619  68  68.0552783682  1.71380353644  0.101543298347
0.521761558652  620  83  82.6590141404  1.72181527252  0.0413164516432
0.521761558652  620  98  97.5082889982  1.75222571316  0.0374837600333
0.521761558652  621  112  112.401315951  1.73909201619  0.0188277388894
0.521761558652  622  127  127.451521918  1.70282570497  -0.0242246566146
0.521761558652  622  143  142.685559708  1.7475686643  0.00986478525942
0.521761558652  623  158  158.01387495  1.78350986308  0.0239010092638
0.521761558652  623  174  173.513818497  1.75629532137  0.00589020280871
0.521761558652  624  189  189.108813875  1.78096250363  0.00989070817832
0.521761558652  624  205  204.876665015  1.7621131512  -0.00287257993305
0.521761558652  625  221  220.753770316  1.72627871418  0.0013251252533
0.521761558652  625  237  236.839243023  1.73646760394  0.00757604763306
0.521761558652  626  253  253.018819463  1.76613472142  0.0424148866772
0.521761558652  626  269  269.411003484  1.680361183  0.0551107679883
0.521761558652  626  286  285.947225196  1.80437409216  0.0626933309251
0.521761558652  627  303  302.537164858  1.75017272684  0.0426699911962
0.521761558652  627  319  319.406242347  1.78194557058  0.05733520708
0.521761558652  627  336  336.417798368  1.78190374412  0.0532664636631
0.521761558652  628  353  353.483669643  1.83528551669  0.0246124198019
0.521761558652  628  371  370.814552755  1.86587063313  0.0242001090708
0.521761558652  628  388  388.346911217  1.89954100509  0.00885234492091
0.521761558652  629  406  405.879376949  1.88859618803  -0.00794958088065
0.521761558652  629  424  423.702051069  1.87778467525  0.00924360591211
0.521761558652  629  442  441.714873026  1.88858502715  0.00500195599811
0.521761558652  629  460  459.897108779  1.89458424986  0.0156173398141
0.521761558652  629  478  478.258084194  1.87268263782  0.0135860603907
0.521761558652  629  497  496.755120939  1.89617176101  -0.0127396642072
0.521761558652  629  515  515.488957392  1.8625375696  0.0113326027058
0.521761558652  629  534  534.394149878  1.8309333059  0.0296691759947
0.521761558652  629  553  553.456951346  1.82969699816  0.0292949190681
0.521761558652  629  573  572.69547523  1.87086955247  0.00705056935501
0.521761558652  629  592  592.208638444  1.89875949184  0.0688844471929
0.521761558652  629  612  611.834860477  1.97310873552  0.0323916903873
0.521761558652  629  632  631.649628445  1.88441885988  -0.030252093265
0.521761558652  629  652  651.735762417  1.99194996379  0.0198643211334
0.521761558652  629  672  672.020753994  2.01423749188  0.050959193152
0.521761558652  628  693  692.588096794  1.98476542543  0.015604361306
0.521761558652  628  713  713.288305133  1.98972043315  0.0416113364525
0.521761558652  628  734  734.190046562  2.05898243833  0.0471898151017
0.521761558652  627  755  755.423384287  2.06891916902  0.0174844035849
0.521761558652  627  777  776.746731307  2.10593254337  -0.000959132056556
0.521761558652  626  798  798.462548092  2.07877793013  0.0117073016493
0.521761558652  626  820  820.232246973  2.10423811577  0.00555692569326
0.521761558652  625  842  842.38277206  2.08424299905  0.0049258923217
0.521761558652  625  865  864.58630669  1.97739162712  0.0055685024406
0.521761558652  624  887  887.218817094  2.11600528717  0.0384500826202
0.521761558652  623  910  910.092512197  2.13245028111  0.0456909325342
0.521761558652  623  933  933.080014957  2.32290708626  0.0269210217958
0.521761558652  622  956  956.391925912  2.1426567227  0.0324734966214
0.521761558652  621  980  980.035009099  2.23755184824  0.031558188476
0.521761558652  620  1004  1003.91098367  2.25518343703  0.0167231016744
0.699631558652  616  11  10.6460673393  1.60726769706  -0.0317865157201
0.699631558652  616  25  24.8426947256  1.66343819092  0.0187737231554
0.699631558652  617  39  39.1337301179  1.65261855765  0.0640198838493
0.699631558652  618  53  53.5012565139  1.58120266684  0.0176531647787
0.699631558652  618  68  68.1167975846  1.67688455102  0.0967541998012
0.699631558652  619  83  82.7274926094  1.72554547984  0.0520157236852
0.699631558652  619  98  97.5626195671  1.74238363962  0.0268569476796
0.699631558652  620  112  112.459496794  1.7284204328  0.0214292778551
0.699631558652  621  128  127.515659703  1.76449213049  0.014324900808
0.699631558652  621  143  142.750049747  1.76158810422  0.0139320006747
0.699631558652  622  158  158.092748707  1.75347061647  0.0335857065312
0.699631558652  622  174  173.582195875  1.75693369826  0.0109621536744
0.699631558652  623  189  189.190271887  1.74164418319  0.0137062451075
0.699631558652  623  205  204.963639309  1.7627546042  -0.00201025672812
0.699631558652  624  221  220.83782268  1.74823078845  0.00810236695513
0.699631558652  624  237  236.921926898  1.75236742019  0.0172438505205
0.699631558652  625  253  253.106675098  1.7420621584  0.0554473387827
0.699631558652  625  269  269.489601564  1.68380780962  0.0558440314176
0.699631558652  625  286  286.051292697  1.78525415732  0.0899040525629
0.699631558652  626  303  302.619680009  1.7640386561  0.0439751462671
0.699631558652  626  319  319.488271268  1.78960718282  0.0400246494809
0.699631558652  626  336  336.507728746  1.72129147411  0.0982157705937
0.699631558652  627  354  353.566997011  1.83934368256  0.0226565337722
0.699631558652  627  371  370.930591096  1.85264944103  0.0440519744918
0.699631558652  627  388  388.405094497  1.9218752946  -0.0484047202995
0.699631558652  628  406  406.00312419  1.88823406304  0.0405585834948
0.699631558652  628  424  423.804190887  1.89019302166  0.0147899225278
0.699631558652  628  442  441.817295192  1.92564855587  0.00923623257168
0.699631558652  628  460  460.002732122  1.90949636563  0.019499615356
0.699631558652  628  478  478.364982535  1.87364141939  0.00934462263774
0.699631558652  628  497  496.877307743  1.88747306392  0.000717182370338
0.699631558652  628  516  515.579797828  1.8800249047  -0.0214079124698
0.699631558652  628  534  534.487339614  1.82539519086  0.00901571013475
0.699631558652  628  554  553.555089418  1.8566300662  0.0104436536068
0.699631558652  628  573  572.824071765  1.88576572617  0.0267075344555
0.699631558652  628  592  592.324054072  1.87568050441  0.0743020064059
0.699631558652  628  612  611.960964476  1.9549326586  0.0483804982339
0.699631558652  628  632  631.774884741  1.93544317464  -0.0327229123667
0.699631558652  628  652  651.875519938  2.00828023561  0.0266960695475
0.699631558652  628  672  672.142181453  2.00011970936  0.0496272257865
0.699631558652  627  693  692.704641903  2.01081602271  0.0173449889227
0.699631558652  627  713  713.41986489  2.00808311081  0.0295035264246
0.699631558652  627  734  734.329079301  2.04640100902  0.0423694634845
0.699631558652  626  756  755.559563749  2.07859193938  0.00544774580307
0.699631558652  626  777  776.900907216  2.11783936611  0.0145348075937
0.699631558652  625  799  798.617222177  2.21564671266  0.0710678688291
0.699631558652  625  820  820.383841922  2.07257724889  0.00384759657278
0.699631558652  624  843  842.513093676  2.0678549106  -0.00363514552336
0.699631558652  624  865  864.721573553  2.05682681604  -0.00235274107911
0.699631558652  623  887  887.363398689  2.07348993609  0.028841628127
0.699631558652  622  910  910.251903658  2.07285388439  0.0486364822799
0.699631558652  622  933  933.141076859  2.19282340585  -0.0329243466619
0.699631558652  621  957  956.552095227  2.14871244184  0.023241108499
0.699631558652  620  980  980.196355725  2.19235568882  0.0322004510866
0.699631558652  619  1004  1004.09703499  2.23555682049  0.036477149341
0.877501558652  615  11  10.6998290803  1.64117936195  0.00144642391354
0.877501558652  615  25  24.905307072  1.67881470062  0.0309250743768
0.877501558652  616  39  39.1908543638  1.6448607604  0.0590719385693
0.877501558652  617  54  53.5699645633  1.65133179077  0.050667849184
0.877501558652  617  68  68.1799105963  1.67500336565  0.100258319471
0.877501558652  618  83  82.7871364776  1.73591218922  0.052164400277
0.877501558652  618  98  97.6361706311  1.69050099405  0.0748393880245
0.877501558652  619  113  112.527908364  1.7440450992  0.0217779271584
0.877501558652  620  128  127.579572601  1.77121669213  0.0206075041386
0.877501558652  620  143  142.819298009  1.77685372726  0.0108107233179
0.877501558652  621  158  158.1649313  1.74341395941  0.0362770902285
0.877501558652  621  174  173.65220853  1.76729723718  0.0106155561868
0.877501558652  622  189  189.258162755  1.75405118158  0.0127636742529
0.877501558652  622  205  205.057063651  1.75462297348  0.0106037769407
0.877501558652  623  221  220.921877878  1.76070878519  0.012558394018
0.877501558652  623  237  237.011114095  1.73863651798  0.0256534549156
0.877501558652  624  253  253.19482147  1.73400030015  0.0571681450491
0.877501558652  624  270  269.559659792  1.71366074227  0.036122674949
0.877501558652  624  286  286.147726611  1.77612943881  0.128622438519
0.877501558652  625  303  302.711220151  1.79050783856  0.0521731137762
0.877501558652  625  320  319.576481868  1.81283669336  0.0372390671383
0.877501558652  626  336  336.501555828  1.80630150231  0.0371647900418
0.877501558652  626  354  353.660726056  1.86106323291  0.0268143413998
0.877501558652  626  371  371.038049378  1.86447799344  0.0514021445845
0.877501558652  626  389  388.509503663  1.85466013504  0.00603131259386
0.877501558652  627  406  406.100844404  1.87471844825  0.0453738552648
0.877501558652  627  424  423.921087603  1.90964915492  0.0296570392068
0.877501558652  627  442  441.929019397  1.9001299022  0.0258748779869
0.877501558652  627  460  460.127035367  1.89922161658  0.0284954644447
0.877501558652  627  478  478.467888839  1.85391630355  0.0064281108053
0.877501558652  627  497  496.994950104  1.89597026602  0.00599372075904
0.877501558652  627  516  515.697542833  1.88552010667  -0.000617773654253
0.877501558652  627  535  534.583609544  1.83223714551  -0.00257828423596
0.877501558652  627  554  553.673126213  1.87992471765  0.00715841491802
0.877501558652  627  573  572.962521164  1.89310203622  0.0418156982453
0.877501558652  627  592  592.432587285  1.83295860349  0.0532447654444
0.877501558652  627  612  612.092696402  1.95582554345  0.0598768004873
0.877501558652  627  632  631.937852063  1.98282562549  0.0180981151707
0.877501558652  627  652  652.020685967  1.99256090861  0.0523361989158
0.877501558652  627  672  672.281759055  1.96394287919  0.0557327414467
0.877501558652  626  693  692.865489849  2.02485686832  0.0319936416567
0.877501558652  626  714  713.541893809  2.03509190812  0.0226711309312
0.877501558652  626  734  734.451168596  2.03700663361  0.0160402435895
0.877501558652  625  756  755.704837154  2.10217175589  0.00696106326605
0.877501558652  625  777  777.068790744  2.12958928624  0.0274931709824
0.877501558652  625  799  798.618785133  2.25817903058  -0.052957674443
0.877501558652  624  821  820.515754445  2.07059813031  -0.0128260048275
0.877501558652  623  843  842.664631744  2.07404206566  -0.00389531666852
0.877501558652  623  865  864.892062993  2.09794097537  0.00768033436048
0.877501558652  622  887  887.504617629  2.0636302329  0.00975735864486
0.877501558652  621  910  910.404973172  2.05616130401  0.0414647639658
0.877501558652  621  933  933.333974756  2.07837161863  0.0345193136458
0.877501558652  620  957  956.714867974  2.17836339965  0.0193639937605
0.877501558652  619  980  980.367191471  2.18782601154  0.0291485135665
0.877501558652  618  1004  1004.25876604  2.22590969743  0.0294131662096
1.05537155865  614  11  10.746057983  1.64341901434  -0.00242330255513
1.05537155865  614  25  24.955587094  1.67939171199  0.0238652604851
1.05537155865  615  39  39.2540334239  1.63530391414  0.0573195924514
1.05537155865  616  54  53.6224805536  1.64202523619  0.0434790741738
1.05537155865  616  68  68.245353056  1.653261948  0.105833315883
1.05537155865  617  83  82.852488071  1.73111237776  0.0553625528391
1.05537155865  618  98  97.6338793816  1.71509336898  0.00975197420635
1.05537155865  618  113  112.599625626  1.75000022671  0.0237741559458
1.05537155865  619  128  127.661558684  1.77200029766  0.0380820936582
1.05537155865  619  143  142.895156629  1.76742293936  0.0223589201754
1.05537155865  620  158  158.231309092  1.74963222257  0.035302104566
1.05537155865  620  174  173.731836583  1.75309923538  0.0175890527496
1.05537155865  621  189  189.335799813  1.75209446776  0.0127612301196
1.05537155865  621  205  205.138213363  1.75233871868  0.00765481348048
1.05537155865  622  221  221.004901442  1.7652385206  0.0176127085074
1.05537155865  622  237  237.11017732  1.74952872522  0.0377133451369
1.05537155865  623  253  253.28996072  1.72919000345  0.0659273452285
1.05537155865  623  270  269.633538353  1.72447485109  0.0292553206766
1.05537155865  624  286  286.187108412  1.64729456252  0.10421382359
1.05537155865  624  303  302.794520912  1.79341283849  0.0513021277749
1.05537155865  624  320  319.663144834  1.8116011778  0.0378241250269
1.05537155865  625  337  336.590856561  1.80218172199  0.0404595125704
1.05537155865  625  354  353.773915075  1.87141484977  0.0411804248193
1.05537155865  625  371  371.136685089  1.84962565993  0.0492480822902
1.05537155865  625  389  388.609875524  1.86254778779  0.0212835841371
1.05537155865  626  406  406.195348952  1.8721370872  0.0294928131347
1.05537155865  626  424  424.026023759  1.89822260897  0.0301963339914
1.05537155865  626  442  442.056853196  1.90322752288  0.0395119086827
1.05537155865  626  460  460.232368046  1.86937448404  0.0273350810279
1.05537155865  626  479  478.561239411  1.88166908967  -0.00466159640969
1.05537155865  626  497  497.111035702  1.89289247438  0.0104317756664
1.05537155865  626  516  515.830037028  1.90257669053  0.0152546125304
1.05537155865  626  535  534.705923152  1.87512873409  0.00203357338186
1.05537155865  626  554  553.799779094  1.89955639187  0.0183736339687
1.05537155865  626  573  573.106098993  1.89776391168  0.0566812928016
1.05537155865  626  593  592.54265812  1.84411628375  0.0326011381529
1.05537155865  626  612  612.223664835  1.90706419568  0.059721378415
1.05537155865  626  632  632.092303599  1.95118335896  0.0608539885376
1.05537155865  626  652  652.164714787  1.97647361642  0.0721152066455
1.05537155865  626  672  672.409071338  1.9363265675  0.0516465798511
1.05537155865  625  693  693.042461753  2.04655419713  0.105147522599
1.05537155865  625  714  713.674780259  2.04744136212  0.0148161192408
1.05537155865  625  735  734.598203218  2.04046154753  0.0243271867447
1.05537155865  624  756  755.873975525  2.10037609417  0.033088261456
1.05537155865  624  777  777.223587984  2.12923266438  0.0277613995147
1.05537155865  624  799  798.741530588  2.11093249416  -0.00665837478305
1.05537155865  623  821  820.675958385  2.09842846987  -0.0137326754013
1.05537155865  622  843  842.842372779  2.18600078722  0.0608095738942
1.05537155865  622  865  865.056152673  2.09780675553  0.0212284839493
1.05537155865  621  888  887.670851005  2.09803893233  0.00763945131805
1.05537155865  620  911  910.541151495  2.0497307998  0.020074381728
1.05537155865  620  933  933.477409574  2.08021648627  0.0221947868535
1.05537155865  619  957  956.903754717  2.17771964229  0.0274308419994
1.05537155865  618  981  980.524399539  2.18246843871  0.00664767448828
1.05537155865  617  1004  1004.44117312  2.23416851799  0.0266085551233
1.23324155865  613  11  10.8212541164  1.65146189584  0.00756549313974
1.23324155865  613  25  25.0295963765  1.667999295  0.0423118435731
1.23324155865  614  39  39.3168422875  1.62030981311  0.0611325781349
1.23324155865  615  54  53.6818062205  1.66724610054  0.0482439896157
1.23324155865  615  68  68.2966832479  1.62956349299  0.0946829491176
1.23324155865  616  83  82.9165345454  1.73331352358  0.0584136780118
1.23324155865  617  98  97.7059475705  1.75545737156  0.0505594898986
1.23324155865  617  113  112.66315217  1.74906005919  0.0189342077356
1.23324155865  618  128  127.731813836  1.77064742057  0.0444129270085
1.23324155865  618  143  142.965219016  1.77138900871  0.0151074952196
1.23324155865  619  158  158.301833508  1.73302701457  0.0257547638251
1.23324155865  619  174  173.816101493  1.75629172909  0.0135042674611
1.23324155865  620  189  189.410172555  1.757336713  0.0169117630818
1.23324155865  620  205  205.219288146  1.73827407763  0.0103326912674
1.23324155865  621  221  221.091843249  1.7513535114  0.0270801859638
1.23324155865  621  237  237.194348648  1.73658030897  0.0381491545039
1.23324155865  622  253  253.355185778  1.68876510789  0.0542212996243
1.23324155865  622  270  269.735529137  1.75103541825  0.0452126447326
1.23324155865  623  286  286.231439689  1.73923139918  0.0995295891296
1.23324155865  623  303  302.901736901  1.81808546439  0.0638670720623
1.23324155865  623  320  319.758697221  1.8520868144  0.0398105193573
1.23324155865  624  337  336.686286901  1.83516533542  0.0319663565395
1.23324155865  624  354  353.873342858  1.86026236158  0.0361072488824
1.23324155865  624  371  371.234275555  1.85463942363  0.0469916207244
1.23324155865  624  389  388.706755499  1.88458891006  0.0147574540262
1.23324155865  625  406  406.30547478  1.86539542021  0.0287214613911
1.23324155865  625  424  424.144020319  1.89507601485  0.0355656247635
1.23324155865  625  442  442.167036908  1.87774398228  0.0347981282175
1.23324155865  625  460  460.330855793  1.84621757729  0.0232355825897
1.23324155865  625  479  478.686770411  1.89577786885  0.00454345664269
1.23324155865  625  497  497.238270838  1.87119515584  0.0142928367709
1.23324155865  625  516  515.901710522  1.81201325182  0.0268346890565
1.23324155865  626  535  534.705923152  1.87512873409  0.00203357338186
1.23324155865  626  554  553.799779094  1.89955639187  0.0183736339687
1.23324155865  625  573  573.220635639  1.88112934041  0.0544081217418
1.23324155865  625  593  592.647942972  1.8729312406  0.0121002108597
1.23324155865  625  612  612.351116343  1.8735660482  0.0506706623426
1.23324155865  625  632  632.225006577  1.92944250085  0.067614982219
1.23324155865  625  652  652.299655203  1.93103267747  0.0643435555496
1.23324155865  625  673  672.532516204  1.94605959419  0.0277553719693
1.23324155865  625  693  692.993780186  2.04400144534  -0.0089394072833
1.23324155865  624  714  713.828849794  2.06116383512  0.0285034691109
1.23324155865  624  735  734.736277533  2.06792795193  0.0235092588519
1.23324155865  623  756  755.933002978  2.2702054097  0.0177431906512
1.23324155865  623  777  777.359314455  2.09190077794  0.0169308571971
1.23324155865  623  799  798.91092251  2.14558429246  0.00852266042203
1.23324155865  622  821  820.840824689  2.13305228224  0.00155821932463
1.23324155865  621  843  842.883286455  2.29446603886  -0.0155527653879
1.23324155865  621  865  865.21304529  2.07453488799  0.0168953986757
1.23324155865  620  888  887.841812641  2.12298083712  0.0154131539729
1.23324155865  619  911  910.738452743  0.0267036626011  0.104540071597
1.23324155865  619  934  933.634722251  2.11110288468  0.0066482275544
1.23324155865  618  957  957.088126728  2.19523453279  0.0391961393652
1.23324155865  617  981  980.693728832  2.19083097333  0.0162209985961
1.23324155865  616  1005  1004.60783217  2.26274607149  0.010347159
1.41111155865  612  11  10.8767525201  1.6607061863  0.0163400972178
1.41111155865  612  25  25.1107568957  1.66609918881  0.075809602403
1.41111155865  613  39  39.3683887545  1.60020792989  0.0615582819221
1.41111155865  614  54  53.7434838791  1.6723650375  0.0561681562743
1.41111155865  614  68  68.348841681  1.63357061404  0.0786022481441
1.41111155865  615  83  82.9887092577  1.71920026358  0.0625189729127
1.41111155865  616  98  97.7784496531  1.75606622856  0.0610675910416
1.41111155865  616  113  112.742874241  1.75353124562  0.0328228521036
1.41111155865  617  128  127.80909942  1.76796324995  0.0425702599522
1.41111155865  617  143  143.045505778  1.75847207369  0.0129694737805
1.41111155865  618  158  158.367032445  1.73612194574  0.0187072148425
1.41111155865  618  174  173.902552506  1.76688973718  0.0465339930255
1.41111155865  619  189  189.481283352  1.75120381076  0.0129146958508
1.41111155865  619  205  205.297005669  1.73509743801  0.00531750454812
1.41111155865  620  221  221.177784468  1.74828292828  0.0247365591759
1.41111155865  620  237  237.279504482  1.72419709062  0.0401099879613
1.41111155865  621  253  253.434169606  1.68018380674  0.0427515811892
1.41111155865  621  270  269.819693596  1.75233423051  0.0374897138431
1.41111155865  622  286  286.317137837  1.70224448774  0.09588303525
1.41111155865  622  303  303.011165291  1.8196941308  0.0821622161428
1.41111155865  622  320  319.856305469  1.84319266285  0.0516717314268
1.41111155865  623  337  336.785331841  1.85424859947  0.0415659661594
1.41111155865  623  354  353.98360895  1.8464365643  0.0624030442297
1.41111155865  623  371  371.332299397  1.83523139384  0.0288282334964
1.41111155865  624  389  388.779714399  1.82493630557  0.0406270748834
1.41111155865  624  406  406.397458306  1.85279181224  0.0200286286953
1.41111155865  624  424  424.24218213  1.87475132634  0.0278294765757
1.41111155865  624  442  442.268882853  1.86870545714  0.0303802996214
1.41111155865  624  460  460.444282939  1.87469511875  0.0166171668471
1.41111155865  624  479  478.782128607  1.90555834152  -0.00270001853554
1.41111155865  624  497  497.357153606  1.86652751274  0.0211830526434
1.41111155865  625  516  515.945635878  1.91021530709  0.0142390135451
1.41111155865  625  535  534.832808634  1.88840735048  0.00470153528646
1.41111155865  625  554  553.944189473  1.92049569841  0.0291929477543
1.41111155865  625  573  573.220248883  1.88279037708  0.052538888183
1.41111155865  624  593  592.789322319  1.91075895445  0.0276970135267
1.41111155865  624  612  612.471398502  1.87799422502  0.0359310030724
1.41111155865  624  632  632.344286081  1.88963763657  0.0512525574328
1.41111155865  624  652  652.404813941  1.9250613392  0.044640751077
1.41111155865  624  673  672.669103661  1.9636050069  0.0274915709242
1.41111155865  624  693  693.16750396  2.01071835902  0.0557387865169
1.41111155865  623  714  713.989656541  2.06755815747  0.0491582706964
1.41111155865  623  735  734.88913322  2.07424200833  0.041177289406
1.41111155865  623  756  756.023188188  2.11865689375  0.0282313235047
1.41111155865  622  777  777.488903535  2.11387521192  0.00354166956337
1.41111155865  622  799  799.057781957  2.13666229586  0.0160407150741
1.41111155865  621  821  820.983375855  2.12090718697  -0.0026564337769
1.41111155865  621  843  842.964524446  2.15389040109  -0.0608615783221
1.41111155865  620  865  865.368532996  2.04622251898  0.0134311104314
1.41111155865  619  888  888.029825338  2.11927823414  0.0377078846284
1.41111155865  618  911  910.800800024  2.27392015139  0.00564844703164
1.41111155865  618  934  933.817515337  2.13429210194  0.0216763258808
1.41111155865  617  957  957.275635103  2.17816337763  0.0484002565393
1.41111155865  616  981  980.884449369  2.23411517273  0.0244703866147
1.41111155865  615  1005  1004.81351321  2.266834804  0.0239793710686
1.58898155865  611  11  10.9375585608  1.66431510726  0.0196615509313
1.58898155865  611  25  25.1360274698  1.59299958381  0.0474277369469
1.58898155865  612  39  39.4240635637  1.58708967716  0.0473966328999
1.58898155865  613  54  53.8212317722  1.67935357471  0.0655223468337
1.58898155865  613  68  68.4228585799  1.58136273366  0.101700134224
1.58898155865  614  83  83.0614389237  1.7167207794  0.0679337488425
1.58898155865  615  98  97.8567113858  1.75900034019  0.0757102408526
1.58898155865  615  113  112.80812517  1.74669768555  0.0358772442521
1.58898155865  616  128  127.884626616  1.77400003677  0.0490368843722
1.58898155865  616  143  143.12429524  1.7628201661  0.022230019673
1.58898155865  617  158  158.437158585  1.73413785644  0.0245129884477
1.58898155865  617  174  173.933310346  1.70146064088  0.0311651021114
1.58898155865  618  190  189.560869123  1.75561362884  0.0148228395086
1.58898155865  618  205  205.330037229  1.68235770187  0.00589448570369
1.58898155865  619  221  221.26801928  1.73778951086  0.0309303517777
1.58898155865  619  237  237.371759676  1.71049508156  0.0351615778922
1.58898155865  620  254  253.512663798  1.69282246192  0.0305968185004
1.58898155865  620  270  269.923987594  1.77127711718  0.0675148550461
1.58898155865  621  286  286.390846258  1.68367075827  0.0739660188657
1.58898155865  621  303  303.121347316  1.78608709501  0.0924483470057
1.58898155865  621  320  319.968293004  1.83588719808  0.0693357304671
1.58898155865  622  337  336.893046113  1.86710574157  0.0566467837224
1.58898155865  622  354  354.095677331  1.84332116408  0.081321523472
1.58898155865  622  371  371.432151131  1.83844415686  0.0282428409191
1.58898155865  623  389  388.824019409  1.87952826195  0.0333510476446
1.58898155865  623  407  406.50199262  1.85149507003  0.0262375267408
1.58898155865  623  424  424.348715355  1.84424724094  0.0265872229396
1.58898155865  623  442  442.371908392  1.86920387883  0.0230096014247
1.58898155865  623  461  460.552161387  1.87092852819  0.0125025773502
1.58898155865  623  479  478.909916247  1.92124513938  0.00507071355163
1.58898155865  624  497  497.357038716  1.86761139129  0.0206538566338
1.58898155865  624  516  516.072393739  1.90810177092  0.0209500677638
1.58898155865  624  535  534.96028973  1.9081765235  0.023456842017
1.58898155865  624  554  554.064011155  1.88921307454  0.0427265186558
1.58898155865  624  573  573.34191804  1.87759011905  0.0518664651594
1.58898155865  624  593  592.83276964  2.05812913299  0.00361730382445
1.58898155865  623  613  612.597882398  1.91243754841  0.0336495413931
1.58898155865  623  632  632.471572282  1.88408444595  0.0449830039156
1.58898155865  623  653  652.536098476  1.95027049459  0.0371690000542
1.58898155865  623  673  672.81197883  1.98852374082  0.031220195648
1.58898155865  623  693  693.301943961  1.99075267266  0.053599528989
1.58898155865  622  714  714.147984997  2.04567746055  0.059344654245
1.58898155865  622  735  735.045119498  2.07819656359  0.0473396046928
1.58898155865  622  756  756.177982875  2.1108405292  0.0391048246022
1.58898155865  621  778  777.651639706  2.11133953514  0.00952093426353
1.58898155865  621  799  799.221168353  2.10270277499  0.0205402245066
1.58898155865  620  821  821.160068729  2.11781827968  0.0159039269742
1.58898155865  620  843  843.157072839  2.1071904769  0.0086146467234
1.58898155865  619  866  865.543659581  2.06733114743  0.0169772940477
1.58898155865  618  888  888.186660478  2.0896149812  0.0454116710582
1.58898155865  618  911  910.961277755  2.33502558068  0.0168145694829
1.58898155865  617  934  934.011021049  2.13054018135  0.0301084835777
1.58898155865  616  957  957.447461339  2.15684583827  0.0516016463437
1.58898155865  615  981  981.09437949  2.24664343055  0.0455163654193
1.58898155865  614  1005  1004.98731681  2.29543937736  0.024383741487
1.76685155865  610  11  10.9972132471  1.66761377661  0.0195574932056
1.76685155865  611  25  25.1934833731  1.57840275541  0.0521965190552
1.76685155865  611  39  39.488443593  1.6162639543  0.0335966214287
1.76685155865  612  54  53.8756330752  1.70571880868  0.054588264484
1.76685155865  612  68  68.432832211  1.60479006368  0.0618202767016
1.76685155865  613  83  83.1355557091  1.6955516395  0.0621487774479
1.76685155865  614  98  97.9174818339  1.76587804204  0.0627786669704
1.76685155865  614  113  112.888552172  1.75230402418  0.0423636211696
1.76685155865  615  128  127.964561814  1.7667827002  0.055306204332
1.76685155865  615  143  143.2163396  1.74527131022  0.0548834218051
1.76685155865  616  159  158.514132199  1.73952812997  0.0140339112361
1.76685155865  617  174  174.010326355  1.68806151785  0.0219096871844
1.76685155865  617  190  189.63227831  1.75626425075  0.0127163984765
1.76685155865  618  205  205.384604228  1.66184776512  -0.0296518550719
1.76685155865  618  221  221.351508814  1.72821773242  0.0327531551422
1.76685155865  618  237  237.452121572  1.71531869213  0.034938693808
1.76685155865  619  254  253.595788557  1.70982706971  0.0197953036299
1.76685155865  619  270  270.036493762  1.77111112832  0.08392318568
1.76685155865  620  286  286.467353567  1.68398852323  0.0388909314807
1.76685155865  620  303  303.217357183  1.75669115247  0.097506542012
1.76685155865  620  320  320.079276905  1.82070575712  0.0857082355566
1.76685155865  621  337  337.000872461  1.85146467447  0.0616471873287
1.76685155865  621  354  354.201020481  1.81088074858  0.0703414783902
1.76685155865  621  372  371.525170967  1.85673485574  0.0275715597525
1.76685155865  622  389  388.933516319  1.89402899842  0.0299295235044
1.76685155865  622  407  406.602383225  1.88140646496  0.00951771579553
1.76685155865  622  424  424.456994516  1.8548172149  0.0159271827346
1.76685155865  622  442  442.476436234  1.87060945246  0.0123608917966
1.76685155865  622  461  460.664470273  1.87690196536  0.0188661835118
1.76685155865  622  479  479.036832303  1.92766864425  0.0173502412721
1.76685155865  623  497  497.469096665  1.85355337351  0.0110425000271
1.76685155865  623  516  516.211176848  1.87365784666  0.040915754143
1.76685155865  623  535  535.107452329  1.88764740777  0.0392561181208
1.76685155865  623  554  554.192327005  1.86319404437  0.0509361485494
1.76685155865  623  573  573.46200711  1.85862429176  0.0278012663584
1.76685155865  623  593  592.934969279  1.93236451277  0.043417041306
1.76685155865  622  613  612.730665173  1.96613107367  0.0344526599496
1.76685155865  622  633  632.592924462  1.90368805631  0.0255004376601
1.76685155865  622  653  652.650466203  1.97894256953  0.0133415673228
1.76685155865  622  673  672.964460148  2.00872408563  0.0454931926339
1.76685155865  622  693  693.444246366  1.98753503135  0.04524927088
1.76685155865  621  714  714.289103851  1.99885293232  0.0506504606466
1.76685155865  621  735  735.226148728  2.07084897198  0.0525701128016
1.76685155865  621  756  756.3296983  2.06192609784  0.0394934530668
1.76685155865  620  778  777.797300629  2.13278840835  0.00632227611915
1.76685155865  620  799  799.369217117  2.10037011071  0.0134907885991
1.76685155865  619  821  821.33591166  2.0681048645  0.028735226223
1.76685155865  619  843  843.335177422  2.06456152702  0.0273302963201
1.76685155865  618  866  865.694018052  2.07841135496  0.000498541391932
1.76685155865  617  888  888.364335769  2.06527778682  0.0480767337307
1.76685155865  617  911  911.075859265  2.1404930107  0.0416698158944
1.76685155865  616  934  934.186631009  2.11666221701  0.0412317259404
1.76685155865  615  958  957.602868376  2.16381745353  0.0314310711736
1.76685155865  614  981  981.255078278  2.19239887656  0.0439751136225
1.76685155865  613  1005  1005.16811927  2.30195644179  0.0382268835765
1.94472155865  609  11  11.0797265399  1.65749111885  0.0367820174536
1.94472155865  610  25  25.2240163406  1.64053404767  0.032863986035
1.94472155865  610  40  39.5436197243  1.61892991416  0.0301988514566
1.94472155865  611  54  53.9591044414  1.67971577879  0.0759341150963
1.94472155865  612  68  68.4758353056  1.58772882579  0.0364042517407
1.94472155865  612  83  83.2052908501  1.68954223569  0.0636827502616
1.94472155865  613  98  97.9908447332  1.75674416035  0.0724991288934
1.94472155865  613  113  112.966343501  1.75180525251  0.0454033511878
1.94472155865  614  128  128.03815967  1.77083603481  0.0478931229871
1.94472155865  614  143  143.223086578  1.67638082274  0.00562294407631
1.94472155865  615  159  158.595860589  1.75327494118  0.0183204949697
1.94472155865  616  174  174.04401638  1.76588910209  -0.00422974418231
1.94472155865  616  190  189.718191598  1.77739849903  0.0064316217064
1.94472155865  617  205  205.45989679  1.74849710309  0.00711651868125
1.94472155865  617  221  221.419820031  1.72354766194  0.0152840819941
1.94472155865  617  237  237.485654615  1.64112081386  0.027260732832
1.94472155865  618  254  253.682828637  1.73570412483  0.0167168040583
1.94472155865  618  270  270.145677153  1.75772892137  0.0922731167818
1.94472155865  619  287  286.558542015  1.69919257012  0.0411448878531
1.94472155865  619  303  303.304572309  1.75782769332  0.0784395764437
1.94472155865  619  320  320.208704826  0.0213007650694  0.137934570872
1.94472155865  620  337  337.110841315  1.8276449241  0.0737810974197
1.94472155865  620  354  354.293651461  1.79724098866  0.0521390021718
1.94472155865  620  372  371.639868634  1.88015263389  0.0306262254585
1.94472155865  621  389  389.042811157  1.87909091084  0.0377877568618
1.94472155865  621  407  406.715940298  1.87185598976  0.0190084008056
1.94472155865  621  425  424.55705715  1.86884108058  0.00450799434592
1.94472155865  621  443  442.591868135  1.88771260451  0.00796865164924
1.94472155865  621  461  460.779095393  1.89548952669  0.0111138969591
1.94472155865  622  479  479.025202611  1.92845086738  -0.013147393671
1.94472155865  622  498  497.578139324  1.87404835838  0.00393858015926
1.94472155865  622  516  516.313832212  1.85603616937  0.0233060278656
1.94472155865  622  535  535.234201107  1.86569909117  0.0326023765739
1.94472155865  622  554  554.310977157  1.84041570591  0.0502259456361
1.94472155865  622  574  573.574028209  1.8651690897  0.0187640153194
1.94472155865  622  593  593.091878678  1.93280619756  0.0663251319693
1.94472155865  621  613  612.873907539  1.961773619  0.0433365365439
1.94472155865  621  633  632.739424842  1.94457956348  0.0375671254521
1.94472155865  621  653  652.807431467  2.0009055914  0.0364401825608
1.94472155865  621  673  673.141277424  1.98958140501  0.0703223793801
1.94472155865  621  694  693.586405803  2.00403564202  0.0367444632273
1.94472155865  620  714  714.435087588  2.03226361075  0.0422245804855
1.94472155865  620  735  735.358451235  2.07015819319  0.0383590343656
1.94472155865  620  756  756.466701553  2.07801985609  0.0276971787577
1.94472155865  619  778  777.973196797  2.14751702755  0.0230874406858
1.94472155865  619  800  799.523118089  2.10131389194  0.00292872222429
1.94472155865  618  821  821.462267486  2.0661712004  -0.00748973592227
1.94472155865  618  843  843.472893421  2.07448313695  -0.000845356105083
1.94472155865  617  866  865.869829  2.10784495464  0.0110313331115
1.94472155865  616  889  888.51484471  2.09327016951  0.0132915193766
1.94472155865  616  911  911.248238949  2.10377391306  0.0469770239544
1.94472155865  615  934  934.358010208  2.08408760998  0.0424378775418
1.94472155865  614  958  957.788943288  2.18711974746  0.0307424496465
1.94472155865  613  981  981.441304434  2.20088777995  0.0370769085904
1.94472155865  612  1005  1005.37684873  2.2886311546  0.0460013152319
2.12259155865  608  11  11.1411946386  1.6567346123  0.0217297690663
2.12259155865  609  25  25.2986040997  1.62397500961  0.0526515372611
2.12259155865  609  40  39.616398976  1.63217207333  0.0253301792717
2.12259155865  610  54  54.0365459625  1.67707902136  0.0862250461317
2.12259155865  611  69  68.5495627905  1.66063629069  0.0639492837782
2.12259155865  611  83  83.2698972037  1.68502653333  0.0566555827708
2.12259155865  612  98  98.0752190782  1.7347048092  0.0773084691555
2.12259155865  612  113  113.057590464  1.7393580785  0.0525697925949
2.12259155865  613  128  128.120822378  1.75287423629  0.0509256675269
2.12259155865  614  143  143.307842486  1.66977965225  0.00765306152619
2.12259155865  614  159  158.672293189  1.76593220434  0.0184208611533
2.12259155865  615  174  174.148987192  1.75320043955  0.0324901816476
2.12259155865  615  190  189.80955412  1.7712705212  0.0217217435065
2.12259155865  616  206  205.543617161  1.74644019559  0.00828420853132
2.12259155865  616  222  221.507417755  1.72079827207  0.0188640149774
2.12259155865  617  238  237.532504201  1.6738226542  -0.0071236571382
2.12259155865  617  254  253.786286246  1.76278030808  0.0301304038053
2.12259155865  617  270  270.234219331  1.71398250401  0.0924649617349
2.12259155865  618  287  286.656048108  1.74118039229  0.0325968962002
2.12259155865  618  303  303.39519602  1.74655560824  0.0629930683964
2.12259155865  619  320  320.227363659  1.68853847179  0.105558126444
2.12259155865  619  337  337.21768284  1.80490520562  0.0712861169483
2.12259155865  619  354  354.395958313  1.79740566874  0.0413619541246
2.12259155865  619  372  371.740412126  1.88321803705  0.0312573026071
2.12259155865  620  389  389.156224901  1.85834275127  0.0382768548179
2.12259155865  620  407  406.835610195  1.89658094341  0.0266597206288
2.12259155865  620  425  424.674509242  1.90180428144  0.0103960989818
2.12259155865  620  443  442.706276028  1.90007401469  0.00904168334508
2.12259155865  620  461  460.921991466  1.91379710455  0.0242314450415
2.12259155865  621  479  479.16440569  1.90061011901  0.0232506515201
2.12259155865  621  498  497.71022053  1.8921825293  0.0156809743987
2.12259155865  621  516  516.431688305  1.85358081204  0.0221129924007
2.12259155865  621  535  535.370605402  1.85478030067  0.0336684019245
2.12259155865  621  554  554.438497764  1.84455902975  0.0397569908693
2.12259155865  621  574  573.709882606  1.91888579902  0.0244223379117
2.12259155865  621  593  593.23237651  1.90506648026  0.0744420886352
2.12259155865  621  613  612.872937211  1.95899461877  0.0389693785043
2.12259155865  620  633  632.891847703  1.99354156949  0.0389631237895
2.12259155865  620  653  652.977343479  2.02454618985  0.0520275333944
2.12259155865  620  673  673.2835247  1.97515512365  0.0661256626288
2.12259155865  620  694  693.729998704  2.03338232932  0.0342189956935
2.12259155865  619  715  714.588035019  2.01599777682  0.0288376908416
2.12259155865  619  735  735.504095105  2.05080987486  0.0334502771421
2.12259155865  619  757  756.61453248  2.08958858395  0.0216319908175
2.12259155865  618  778  778.157038848  2.12498152133  0.0368911616253
2.12259155865  618  800  799.690986448  2.14610678299  0.00302202522207
2.12259155865  617  822  821.627731455  2.10874067325  -0.000304569780344
2.12259155865  617  844  843.634584895  2.10545762499  -0.0112248782387
2.12259155865  616  866  866.058035864  2.11282431083  0.0247977710127
2.12259155865  615  889  888.698117926  2.12168341132  0.0113385962966
2.12259155865  615  911  911.434578097  2.09262268194  0.04651399432
2.12259155865  614  935  934.516533718  2.09330720884  0.0185044129278
2.12259155865  613  958  957.985039773  2.20812344526  0.0456305206084
2.12259155865  612  982  981.635461849  2.2123740611  0.0255311791328
2.12259155865  611  1006  1005.55070029  2.26834074337  0.0213014619907
