# Band 2C   Etalon 1A   Slice 2
# Distortion map version 06.04.00 - date 2018-10-09
# Trace (isoalpha): Take pixel trace along specified slice, specified alpha position trace is built by taking the pixel in every detector row with alpha value closest to the one specified 
# xpos[i] = np.argmin(alpha_img[i,:])+funcs.find_nearest(alpha_img[i,:][(slice_img[i,:]!=0)],alpha_pos)
#    alpha       x  y      center         FWHM          skewness
0.0  591  7  7.43399271724  5.84467567425  -0.056961492344
0.0  592  24  23.853952153  6.37767017473  -0.0194696387035
0.0  593  40  40.3698279066  6.68569177187  -0.0014298472236
0.0  594  57  56.965639747  6.89494193557  -0.0296468360199
0.0  594  74  73.7148215602  6.96963538746  -0.0295870892786
0.0  595  91  90.5836954404  7.25519120059  -0.0300960781039
0.0  596  107  107.640085306  7.64833862617  0.0114241673077
0.0  596  125  124.697070548  7.73136311526  -0.00597725565875
0.0  597  142  142.036597676  8.20870610242  0.00887713833499
0.0  598  159  159.402488672  9.14657213496  0.0217305598817
0.0  598  177  176.909262817  10.0018650195  0.00949394783547
0.0  599  195  194.510744584  11.09344314  0.00265940584724
0.0  599  213  212.343280351  12.6216586676  -0.0147463711604
0.0  600  231  231.303045106  0.363376365493  -6.29605222283
0.0  600  249  248.574998903  16.5736671258  0.0010675885858
0.0  601  267  267.096852279  21.1200079435  0.00898386989243
0.0  601  287  287.331155421  0.316308592755  -7.74565304246
0.0  602  305  305.119999203  29.3345592795  0.0134356229544
0.0  602  325  324.585507598  32.9797444244  0.00349577892057
0.0  603  345  344.784040521  30.3533415623  0.0021302074959
0.0  603  364  364.741213984  30.5221915273  0.0550243969657
0.0  603  384  384.331747003  25.584652138  0.0397243305745
0.0  603  405  404.392235575  0.323431630625  0.0362061808353
0.0  604  423  423.807403998  21.6950420025  0.0551544446387
0.0  604  443  443.725587462  0.247383708787  0.0465551528303
0.0  604  464  463.593278164  18.4241314696  0.0162445729707
0.0  604  484  483.772294028  17.6414212524  0.01596389413
0.0  604  505  505.295383378  0.393224787349  -7.18374591329
0.0  604  525  525.096814261  17.1561980218  0.0269176728355
0.0  604  546  545.952964288  17.7259319379  0.0119675864722
0.0  604  567  567.302762619  19.1705067469  0.0268617815667
0.0  604  589  588.752036705  20.3060669927  0.0125868031257
0.0  604  611  610.93692373  22.254932393  0.0145656865358
0.0  604  634  633.239313168  24.9861764233  -0.00180474742599
0.0  604  657  656.616755514  0.342285325868  0.0194082209875
0.0  603  680  680.745554247  33.5110664291  0.0549067943325
0.0  603  705  704.809009443  0.349095521495  0.0197078526506
0.0  603  729  729.072293217  0.308867998999  0.0214697938796
0.0  602  753  753.390334041  21.9763192327  0.0231079022653
0.0  602  777  777.827353737  19.598996139  0.0264672788851
0.0  601  802  802.250726662  17.0857527768  0.0111435176039
0.0  601  827  827.030389491  15.6434286105  0.003164414915
0.0  600  852  852.208564649  14.3009018207  0.00779460900528
0.0  599  877  877.808212856  13.8357987368  0.0243460195442
0.0  598  904  903.326461538  12.7087559646  0.00963680954476
0.0  598  930  929.566135314  12.430120979  -0.00223064875426
0.0  597  956  956.180430067  12.6288623333  0.0185479502922
0.0  596  983  983.219047209  12.9596875261  0.0308190620254
0.0  594  1011  1011.30376647  0.0667311118988  -6.02297642581
-1.8163683841  601  7  7.24792245193  5.74194552975  -0.0640824113416
-1.8163683841  602  23  23.708316938  6.24294155725  0.0106964838354
-1.8163683841  603  40  40.1214073408  6.50909343612  -0.00849308982908
-1.8163683841  603  57  56.7215227362  6.67281544684  -0.0258949956404
-1.8163683841  604  73  73.5046853206  7.01322601241  -0.00819078052067
-1.8163683841  605  90  90.3492154818  7.24676785338  0.000118197100948
-1.8163683841  605  107  107.237236383  7.46261586164  -0.0060830412201
-1.8163683841  606  124  124.426472015  7.85937168573  0.00804508749322
-1.8163683841  607  141  141.700759814  8.6939930989  0.0348996195591
-1.8163683841  607  159  159.011280212  9.11520964313  0.0108475312828
-1.8163683841  608  177  176.53864121  10.0581592197  -0.00390737757891
-1.8163683841  609  195  194.297544506  0.345097326184  -6.44945531201
-1.8163683841  609  212  212.169642708  12.7783900004  0.0210693401459
-1.8163683841  610  230  230.314094636  14.7346901273  0.0272226785165
-1.8163683841  610  248  248.388731261  16.9664694326  0.0238308812689
-1.8163683841  611  267  267.09258386  20.3878234779  0.0196901254636
-1.8163683841  611  285  285.95468619  24.5860938524  0.0403411094573
-1.8163683841  612  305  304.499561004  29.2753242701  -0.0027711697579
-1.8163683841  612  325  324.483012901  27.8041908129  -0.00885028720425
-1.8163683841  612  344  344.233848933  31.0228820196  0.0247153697335
-1.8163683841  613  364  362.294003371  0.361583796096  -10.1857180298
-1.8163683841  613  384  383.196489215  25.621453484  -0.00595864059708
-1.8163683841  613  403  403.146389117  23.0343188172  0.0303832707463
-1.8163683841  613  423  422.91565674  20.9673572208  0.0398951526041
-1.8163683841  614  443  442.756770473  20.3062239237  0.0101145271646
-1.8163683841  614  463  462.732350371  19.7594199933  0.0145413260271
-1.8163683841  614  483  482.988851847  19.1192917356  0.0252385429993
-1.8163683841  614  503  503.693931634  18.1544138967  0.0435494964264
-1.8163683841  614  524  524.297710028  0.223380429738  0.0318931840702
-1.8163683841  614  545  545.234497508  19.5255525666  0.0254638606864
-1.8163683841  614  567  566.300525478  19.2575027005  0.00196516620206
-1.8163683841  614  588  588.078503745  21.4472521855  0.0213083892649
-1.8163683841  614  610  610.236878461  23.2409948711  0.0288420014004
-1.8163683841  614  633  632.769423702  26.8118946076  0.017030385894
-1.8163683841  613  658  657.350077593  0.350208745008  -8.12843375631
-1.8163683841  613  680  679.897812744  27.4709076186  0.0261766207264
-1.8163683841  613  703  703.992458782  27.642155523  0.0563303960633
-1.8163683841  613  727  728.386717965  27.539949398  0.0374062381273
-1.8163683841  612  752  752.09177149  20.9530954907  0.018791130662
-1.8163683841  612  776  776.116199081  19.5995660819  0.00695860236985
-1.8163683841  611  801  800.965286169  17.5817491252  0.0111705871773
-1.8163683841  610  827  825.983234403  16.3445121186  -0.00830971111569
-1.8163683841  610  851  850.8341755  14.3161063701  0.0106466021448
-1.8163683841  609  876  876.442103586  13.9377968182  0.0182046278012
-1.8163683841  608  902  902.144326163  12.7448585658  0.019430956747
-1.8163683841  607  928  928.670973283  12.4655983823  0.0192761256536
-1.8163683841  606  955  955.275576132  13.0652086336  0.0327924359553
-1.8163683841  605  982  982.189256839  12.7518279639  0.0304324275962
-1.8163683841  604  1009  1009.37209847  12.3400434763  0.0267326860871
-1.6384983841  600  7  7.27530433872  5.76125704304  -0.0658529071738
-1.6384983841  601  24  23.6425426395  6.31674428812  -0.0312551594877
-1.6384983841  602  40  40.1531775492  6.52623952539  -0.0163000983083
-1.6384983841  602  57  56.7746475027  6.73095373685  -0.0274963365073
-1.6384983841  603  73  73.5260647705  6.99480250026  -0.00730535694665
-1.6384983841  604  90  90.3705190478  7.14992356371  -4.43288528135e-06
-1.6384983841  605  107  107.351312998  7.50306025588  0.0022048168766
-1.6384983841  605  124  124.498093286  8.0411379312  0.0149564006311
-1.6384983841  606  142  141.651717794  8.24306562783  -0.00253246234849
-1.6384983841  606  159  159.013888753  9.10844480447  0.0103504674078
-1.6384983841  607  177  176.512640248  9.39915081354  -0.000148665641386
-1.6384983841  608  194  194.258921869  11.2143316984  0.0211028034475
-1.6384983841  608  212  212.081822757  12.5122242035  0.019714233794
-1.6384983841  609  230  230.122232124  14.4442024527  0.0187104741378
-1.6384983841  609  248  248.268934651  16.9252299306  0.0207347286499
-1.6384983841  610  267  266.72744892  19.5526892085  -0.00617881224024
-1.6384983841  610  285  285.630088651  24.9831240301  0.0266728754067
-1.6384983841  611  305  304.787199116  29.5247374826  0.00388969552986
-1.6384983841  611  325  324.430108739  28.7390494861  -0.00494156925435
-1.6384983841  611  344  344.330904015  31.7936380608  0.0247125793078
-1.6384983841  612  364  346.521127529  63.9320774023  -87.0066861303
-1.6384983841  612  384  383.436863423  24.3408450816  -0.00413501120447
-1.6384983841  612  403  403.359262753  21.2526610142  0.0342954363421
-1.6384983841  612  422  423.18509436  0.28185042955  0.0676899492931
-1.6384983841  613  443  442.725168613  19.5271908364  0.0152720375684
-1.6384983841  613  463  462.88216542  18.9915961696  0.0212264454625
-1.6384983841  613  483  483.092441837  18.3868933152  0.0255402263423
-1.6384983841  613  503  503.770354254  17.8211138653  0.0476864568749
-1.6384983841  613  524  524.346400498  17.4430091375  0.0333730894458
-1.6384983841  613  545  545.304884753  0.228349123042  0.0285551094741
-1.6384983841  613  567  566.370630773  18.5957569825  0.00419458889801
-1.6384983841  613  588  588.059843237  21.2101213586  0.0209627804384
-1.6384983841  613  610  610.169495263  23.3232463515  0.0209671792726
-1.6384983841  613  633  632.7024432  25.3228152192  0.0144575395127
-1.6384983841  613  656  656.101710134  30.2358934574  0.0156538682017
-1.6384983841  612  680  680.044126951  0.355282568241  0.0323077790619
-1.6384983841  612  703  704.515660639  29.4070908734  0.0666879055038
-1.6384983841  612  727  728.3389268  24.7389760844  0.0500178466809
-1.6384983841  611  751  752.866720395  23.4018408673  0.0660016066922
-1.6384983841  611  777  776.524010209  18.5872973991  -0.00658125191792
-1.6384983841  610  801  801.102407938  17.0302143603  0.00594392465352
-1.6384983841  610  826  825.906878804  15.5500847872  0.00397849844359
-1.6384983841  609  851  851.081300524  14.0812848572  0.00788838328711
-1.6384983841  608  876  876.608381163  13.9086176662  0.0179521948984
-1.6384983841  607  902  902.333035034  13.0540768947  0.0329373996812
-1.6384983841  606  928  928.636683019  12.7928619951  0.0152868800259
-1.6384983841  605  956  955.289033052  0.368465390343  -6.41274101264
-1.6384983841  604  982  982.047554511  12.943526676  0.0224158221507
-1.6384983841  603  1010  1009.23514305  12.9002880198  0.0126811197601
-1.4606283841  599  7  7.28960217864  5.72181939516  -0.0681609948404
-1.4606283841  600  24  23.6839425965  6.39530369252  -0.0277484636146
-1.4606283841  601  40  40.2069034464  6.61003688298  -0.00499327870859
-1.4606283841  601  57  56.7823064616  6.7880504764  -0.0335257265795
-1.4606283841  602  73  73.5666270816  6.97721228874  -0.00585002434915
-1.4606283841  603  90  90.4015690932  7.12790900538  -0.00139941203807
-1.4606283841  604  107  107.37445407  7.37756528932  -0.000343541249804
-1.4606283841  604  124  124.571968983  7.94680982303  0.0186750405632
-1.4606283841  605  142  141.693572487  8.18627037378  -0.00104843654388
-1.4606283841  606  159  159.138326004  9.07573032802  0.0180587091253
-1.4606283841  606  177  176.590115061  9.45277591427  0.00154331326818
-1.4606283841  607  194  194.307002434  11.1883903053  0.0323245869786
-1.4606283841  607  212  212.088576986  12.5408432118  0.0180380156107
-1.4606283841  608  230  230.025309785  14.2515639895  0.0133518431937
-1.4606283841  608  249  249.304863384  0.424907862113  -6.78719822327
-1.4606283841  609  267  266.539593418  19.8204162946  -0.0076791570888
-1.4606283841  609  285  285.58542864  0.307067375999  0.0209804373288
-1.4606283841  610  305  304.720103143  29.2196655504  -0.00327700101471
-1.4606283841  610  325  324.42092171  32.3563334783  -0.00682688142221
-1.4606283841  610  345  344.053878623  30.1966690146  -0.026999448813
-1.4606283841  611  364  364.039676835  27.3724366078  0.0176360293803
-1.4606283841  611  383  384.037321444  26.5233048623  0.0582562112414
-1.4606283841  611  403  403.477468328  21.2582724983  0.0407031093295
-1.4606283841  612  422  423.534765666  0.290595219375  0.0765976191918
-1.4606283841  612  443  442.961875766  19.5508859969  0.0237148017487
-1.4606283841  612  463  463.014181672  18.5889626978  0.0255737712967
-1.4606283841  612  483  483.195339299  17.9338583167  0.0286427317646
-1.4606283841  612  504  503.658098173  17.4334990592  0.0179159738896
-1.4606283841  612  524  524.501889075  17.3415174217  0.037288319582
-1.4606283841  612  545  545.466690916  0.226308845746  0.0312259547017
-1.4606283841  612  567  566.408270378  18.5336700695  0.00570293906574
-1.4606283841  612  588  588.08828177  21.0458799388  0.0191832174141
-1.4606283841  612  610  610.28765303  0.277668551869  0.0238113307663
-1.4606283841  612  633  632.693721603  25.6274241933  0.0146462963434
-1.4606283841  612  656  656.048719684  29.1276796352  0.0203940084246
-1.4606283841  611  680  680.11494834  28.8550630097  0.0356000005222
-1.4606283841  611  703  704.870670789  0.967981716144  0.0835571034608
-1.4606283841  611  728  728.330729111  0.293745621455  0.0227745763543
-1.4606283841  610  752  752.64009394  21.3270135229  0.0288585552169
-1.4606283841  610  777  776.786819407  18.6982775641  0.00379215823843
-1.4606283841  609  801  801.347435948  16.9054861984  0.0101950396375
-1.4606283841  609  826  826.135070465  15.4707368646  0.0032748516306
-1.4606283841  608  851  851.241651645  14.0672557064  0.00504094105537
-1.4606283841  607  876  876.890338462  13.9499047698  0.0241327066542
-1.4606283841  606  902  902.418034725  12.9242770783  0.0294483556897
-1.4606283841  606  928  928.601020074  12.4730573226  0.0149192062404
-1.4606283841  605  955  955.274910933  12.63315396  0.0241914958097
-1.4606283841  604  982  982.04532822  12.9253001834  0.0229440640291
-1.4606283841  602  1010  1009.33049662  12.902567212  0.0120302665827
-1.2827583841  598  7  7.32006376891  5.73445958358  -0.0598315699822
-1.2827583841  599  24  23.6983993011  6.3850507735  -0.0277333867597
-1.2827583841  600  40  40.1900015302  6.58132238191  -0.0109190422897
-1.2827583841  601  57  56.7599056725  6.78931068604  -0.0298011833662
-1.2827583841  601  73  73.5982281672  6.97754655677  -0.00484212129924
-1.2827583841  602  90  90.4235062638  7.20426448122  -0.00256120618998
-1.2827583841  603  107  107.435402538  7.60836419319  0.0143683052146
-1.2827583841  603  125  124.503384332  7.65456760927  -0.0198898765668
-1.2827583841  604  142  141.696849498  8.1895385199  -0.00417335644901
-1.2827583841  605  159  159.119153561  9.19963227511  0.0206545208295
-1.2827583841  605  177  176.617279796  9.96732026146  0.000625182905258
-1.2827583841  606  195  196.908864466  0.189485157683  11.0702481285
-1.2827583841  606  212  212.113159325  12.5781926221  0.0175950522575
-1.2827583841  607  230  230.117040677  14.1414579822  0.0178068653493
-1.2827583841  607  248  248.432174661  16.7994450984  0.0279554031629
-1.2827583841  608  267  266.670191863  19.8371342052  0.00255714692889
-1.2827583841  608  285  285.700239839  24.7749249911  0.0266097039766
-1.2827583841  609  305  304.774351365  27.6954339505  0.0175501592914
-1.2827583841  609  324  324.638702714  32.407234467  0.0375008031447
-1.2827583841  609  344  344.600441971  31.1048365269  0.0373977553896
-1.2827583841  610  363  364.689730767  0.755352301969  0.0780581747191
-1.2827583841  610  383  383.470606054  26.3375728254  0.0
-1.2827583841  610  403  403.568567218  23.0416554763  0.0486172544799
-1.2827583841  611  423  423.178939365  21.0267073427  0.0363761025666
-1.2827583841  611  443  443.046446047  19.5926020176  0.0237555710287
-1.2827583841  611  463  463.12176868  0.221996522708  0.0296715693963
-1.2827583841  611  483  483.387796717  17.2699005895  0.0349491795499
-1.2827583841  611  503  503.984588549  17.291320551  0.0548678277664
-1.2827583841  611  524  524.613456344  17.0508078236  0.0394986660745
-1.2827583841  611  545  545.525935383  18.1798799107  0.0321764092591
-1.2827583841  611  567  566.541968899  18.446231056  0.00733059750805
-1.2827583841  611  588  588.223511688  20.6794621056  0.0222376703289
-1.2827583841  611  610  610.245646828  22.6868686791  0.022765270378
-1.2827583841  611  633  632.873457496  0.308256534903  0.0215760764649
-1.2827583841  611  656  655.958492907  30.2642478107  0.0159423382925
-1.2827583841  610  680  680.259077721  30.6169824766  0.032261342786
-1.2827583841  610  704  704.310178779  29.0302816277  0.0372817826586
-1.2827583841  610  728  728.528293861  24.6404936522  0.0334608760165
-1.2827583841  609  752  752.729219637  21.5996652958  0.0320758918508
-1.2827583841  609  776  777.029134571  18.9279334855  0.031153022421
-1.2827583841  608  801  801.568084916  16.8834706884  0.0153905420976
-1.2827583841  608  826  826.242131953  15.3948292502  0.00621497617749
-1.2827583841  607  851  851.400786439  14.46565057  0.0160531714812
-1.2827583841  606  877  876.919781248  13.7578639318  0.00685493299298
-1.2827583841  605  903  902.456693894  12.8250049749  0.0170592985129
-1.2827583841  605  929  928.78444359  12.5096006285  0.00159904018591
-1.2827583841  604  955  955.351601824  12.7055970858  0.0233456420864
-1.2827583841  603  982  982.227483589  13.1468917927  0.0236945409489
-1.2827583841  601  1010  1009.50968245  12.9350663792  0.0155237402005
-1.1048883841  597  7  7.331537218  5.83577980101  -0.0632181910524
-1.1048883841  598  24  23.7208614502  6.36507176036  -0.0252318246711
-1.1048883841  599  40  40.2402502209  6.66591758996  -0.00722691505877
-1.1048883841  600  57  56.8443892371  6.76648554716  -0.0321297053528
-1.1048883841  600  73  73.6379586993  6.94404266598  0.00122797826166
-1.1048883841  601  90  90.4890828282  7.24015977606  0.000636538546052
-1.1048883841  602  107  107.472419387  7.63030854346  0.0100348246315
-1.1048883841  602  125  124.539804253  7.63006581258  -0.0106351818936
-1.1048883841  603  142  141.742855001  8.15884217313  -0.00415091681287
-1.1048883841  604  159  159.192206361  9.13169123393  0.0147050138109
-1.1048883841  604  177  176.651580012  9.94537917185  0.00307948904342
-1.1048883841  605  195  196.909057202  0.187969489709  11.135209374
-1.1048883841  605  212  212.196484842  12.5498291842  0.0222169613925
-1.1048883841  606  230  230.20002335  14.3763823384  0.0195909205699
-1.1048883841  606  248  248.535108844  16.3236672731  0.0391647189442
-1.1048883841  607  267  266.743115886  19.6240769588  0.00133297413376
-1.1048883841  607  285  285.703365932  24.6147301157  0.030560483588
-1.1048883841  608  305  304.854469017  27.5213529855  0.0150752327239
-1.1048883841  608  324  324.794164731  32.9471332377  0.0383957648958
-1.1048883841  608  344  344.202438266  32.6205513057  0.0352442855713
-1.1048883841  609  364  364.432764113  27.3500553357  0.042012105173
-1.1048883841  609  383  383.500908916  26.4839078936  0.0
-1.1048883841  609  403  403.579961776  23.3184117888  0.0482063163268
-1.1048883841  610  423  423.280693064  21.2148452455  0.036119892473
-1.1048883841  610  443  443.130228321  0.236977080954  0.0279833156614
-1.1048883841  610  463  463.185164148  18.020198469  0.0330709382569
-1.1048883841  610  483  483.464984352  17.6294711707  0.0386988313299
-1.1048883841  610  504  503.835061392  17.35590733  0.0176204327785
-1.1048883841  610  524  524.6606144  17.0753086451  0.0390990912487
-1.1048883841  610  545  545.55756564  18.4323227657  0.0366219656628
-1.1048883841  610  567  566.649815766  19.2914215294  0.00946073092445
-1.1048883841  610  589  588.17052139  19.2865468915  -0.00758739766821
-1.1048883841  610  610  610.353709848  22.5524317256  0.0280261842135
-1.1048883841  610  633  632.943097795  27.2574709444  0.0182311439832
-1.1048883841  610  657  655.884234868  28.3854959724  -0.00467088345175
-1.1048883841  609  680  680.27664745  31.7467105621  0.0362335266398
-1.1048883841  609  704  704.366523554  28.7437432808  0.0348999226916
-1.1048883841  609  728  728.624866964  24.7889731702  0.0381538364944
-1.1048883841  608  752  752.806396458  21.2751764648  0.0329125557402
-1.1048883841  608  777  776.985233062  18.8150922895  0.00784920360043
-1.1048883841  607  801  801.66447151  17.0361782408  0.0209802031788
-1.1048883841  607  826  826.269744461  15.4737697106  0.0038768191491
-1.1048883841  606  851  851.572032266  14.6932215612  0.0183238436122
-1.1048883841  605  877  877.011949009  13.8383748587  0.0110702537833
-1.1048883841  604  903  902.630918715  12.7207107085  0.0181463910664
-1.1048883841  604  929  928.874040678  12.4040227861  0.00578617126093
-1.1048883841  603  955  955.497148141  12.6882895841  0.0207057293335
-1.1048883841  602  982  982.362090604  13.0478214553  0.0266396373542
-1.1048883841  600  1010  1009.7358952  12.7782985536  0.0177655967866
-0.927018384105  596  7  7.33363336406  5.77486398094  -0.057422960787
-0.927018384105  597  24  23.7371650088  6.3984517246  -0.0214031549488
-0.927018384105  598  40  40.2651210752  6.7195475734  -0.0079040730602
-0.927018384105  599  57  56.85455983  6.87511670238  -0.0256456112481
-0.927018384105  599  73  73.6504707944  6.98538166738  -0.00212502361574
-0.927018384105  600  90  90.5056991875  7.16761870399  0.00140265522201
-0.927018384105  601  107  107.487546072  7.69351385573  0.0127216228607
-0.927018384105  601  125  124.537148306  7.77769452167  -0.0165472180627
-0.927018384105  602  142  141.830783236  8.19217579798  0.000604111535498
-0.927018384105  603  159  159.180315828  9.23862493868  0.016099196469
-0.927018384105  603  177  176.69011809  9.98963792076  0.00349538516507
-0.927018384105  604  195  194.305548302  10.6484337659  -0.0017528381326
-0.927018384105  604  212  212.249369625  12.4014108744  0.027694547328
-0.927018384105  605  230  230.26902415  14.3557876204  0.0225519131229
-0.927018384105  605  249  248.290358463  16.9107688059  -0.0114173329032
-0.927018384105  606  267  266.799716959  19.6401560073  0.0050899307641
-0.927018384105  606  285  285.846444933  24.9785079911  0.0387739406358
-0.927018384105  607  305  305.026894025  27.9112284917  0.0271326662069
-0.927018384105  607  324  324.943566313  33.3309301898  0.050030420229
-0.927018384105  608  344  344.580009132  32.7550096391  0.0403470070205
-0.927018384105  608  364  364.341550425  29.4484228914  0.0372342463274
-0.927018384105  608  384  383.930183165  24.048697989  0.0166485827321
-0.927018384105  608  403  403.734045345  23.1995206569  0.0555938582765
-0.927018384105  609  423  423.429729632  21.5905276022  0.0392389975051
-0.927018384105  609  443  443.151645374  0.237033859563  0.028066817331
-0.927018384105  609  463  463.205239702  18.2631301527  0.0339528633924
-0.927018384105  609  483  483.522447646  17.6485542212  0.0370711178076
-0.927018384105  609  504  503.981276117  17.2985718103  0.0235075196594
-0.927018384105  609  525  524.535660566  17.1447588008  0.0108603853549
-0.927018384105  609  545  545.715505099  18.6819469708  0.0428238843664
-0.927018384105  609  567  566.719731571  19.0778843494  0.0093295619602
-0.927018384105  609  589  588.284121219  19.2127481265  -0.00557115750448
-0.927018384105  609  610  610.506523026  22.4446090985  0.0339003443258
-0.927018384105  609  633  633.083774249  0.310616660931  0.0229164133875
-0.927018384105  609  656  656.263022328  30.260258079  0.0269938837096
-0.927018384105  608  681  680.305415024  28.7266216508  0.00475769647986
-0.927018384105  608  704  704.604148277  28.8348485058  0.039932099491
-0.927018384105  608  729  728.511376446  24.4979203994  0.0118599990833
-0.927018384105  607  753  752.803419073  21.003069586  0.013628279261
-0.927018384105  607  777  777.139059276  18.8760144439  0.0119953661065
-0.927018384105  606  801  801.768841466  17.0805098568  0.0209676978835
-0.927018384105  606  826  826.439574673  15.5420288699  0.0110180841459
-0.927018384105  605  851  851.707680684  14.8195971438  0.0213201260714
-0.927018384105  604  877  877.089772643  13.7091789602  0.0092631460394
-0.927018384105  604  903  902.732095189  12.8067523361  0.0223767006233
-0.927018384105  603  929  928.95352075  12.4058217736  0.00435594328133
-0.927018384105  602  956  956.310774997  0.373233167569  -5.94526383322
-0.927018384105  601  982  982.522275581  13.1112565873  0.0253433476069
-0.927018384105  600  1010  1009.73733745  12.8276001623  0.0198903976616
-0.749148384105  595  7  7.37122326033  5.86190591748  -0.0619835162958
-0.749148384105  596  24  23.7504240481  6.35971612797  -0.0210672433285
-0.749148384105  597  40  40.2982935672  6.66630126693  -0.00438631897321
-0.749148384105  598  57  56.857632895  6.78967064303  -0.031613274604
-0.749148384105  598  74  73.622508864  6.95838086551  -0.03653924864
-0.749148384105  599  91  90.4839671404  7.19759207488  -0.0309291566406
-0.749148384105  600  107  107.524870532  7.56998240537  0.0123140857591
-0.749148384105  600  125  124.568107453  7.62312592172  -0.00925944758366
-0.749148384105  601  142  141.867011788  8.22493917218  0.00585157252196
-0.749148384105  602  159  159.248620636  9.14497032911  0.0167364271806
-0.749148384105  602  177  176.763258971  10.0119358114  0.00656710511544
-0.749148384105  603  195  195.248040304  0.0696564920052  -4.39540138791
-0.749148384105  603  212  212.287369074  12.3854605405  0.0250447728907
-0.749148384105  604  230  230.247089242  14.2037402383  0.0181351870791
-0.749148384105  604  248  248.50600863  16.3971589999  0.0367509405864
-0.749148384105  605  267  266.878557246  19.6438850475  0.0073426942063
-0.749148384105  605  285  285.910292981  25.1124339156  0.0404614061705
-0.749148384105  606  306  304.666120182  28.8519433354  -0.0364062708435
-0.749148384105  606  324  324.833951119  32.8797672114  0.0469598606991
-0.749148384105  607  344  344.441534934  32.9779589383  0.0412413158443
-0.749148384105  607  364  364.411026576  29.5149548024  0.0323533788399
-0.749148384105  607  384  383.892577381  24.3241383028  0.0105684216091
-0.749148384105  607  403  403.823271218  23.4549393475  0.0504265260687
-0.749148384105  608  423  423.483703648  21.7037031829  0.0499389435959
-0.749148384105  608  443  443.290420809  19.4123958685  0.0340013107949
-0.749148384105  608  463  463.288335566  18.6001352723  0.0340153003339
-0.749148384105  608  484  483.356160131  17.8142520678  0.00215771492557
-0.749148384105  608  504  504.101111267  17.2566422696  0.0268133091067
-0.749148384105  608  525  524.630567581  17.1510249127  0.0107244345627
-0.749148384105  608  545  545.761449657  18.6281351604  0.0432642943611
-0.749148384105  608  567  566.777533563  19.1566934672  0.00915737257011
-0.749148384105  608  589  588.326366703  19.505077992  -0.00243280733674
-0.749148384105  608  610  610.693999945  22.6182518027  0.0381432702251
-0.749148384105  608  633  633.089695542  27.2629465486  0.0190491791918
-0.749148384105  608  657  656.101483396  28.1129611348  0.00385934050741
-0.749148384105  608  680  680.556180314  31.6091661727  0.0431615948763
-0.749148384105  607  704  704.835497399  28.9140113712  0.0430704882341
-0.749148384105  607  729  728.592761105  24.5715279833  0.0126850400743
-0.749148384105  606  753  752.91581938  20.970495044  0.0146265543086
-0.749148384105  606  777  777.358973227  18.9696154319  0.0181118311837
-0.749148384105  605  802  801.735004552  17.1707360626  0.00294337500553
-0.749148384105  605  826  826.630598511  16.291179822  0.0193868426208
-0.749148384105  604  852  851.695518128  14.3763874702  -0.00101561364283
-0.749148384105  603  877  877.253336192  13.824281848  0.0145409845461
-0.749148384105  603  903  902.91943031  12.9229521125  0.0219356035046
-0.749148384105  602  929  929.07287832  12.3553312072  0.00773126681874
-0.749148384105  601  956  955.598932938  12.7192338588  0.00775454361412
-0.749148384105  600  982  982.617480221  12.9835923782  0.0330392850209
-0.749148384105  599  1010  1009.97566709  12.9066340196  0.0236751060489
-0.571278384105  594  7  7.38850323196  5.76926047687  -0.0485417288363
-0.571278384105  595  24  23.791395756  6.40172977839  -0.0201933795072
-0.571278384105  596  40  40.317613921  6.65854773547  -0.00794353555908
-0.571278384105  597  57  56.9065667643  6.85594875285  -0.0259524073094
-0.571278384105  597  73  73.7597982636  7.32264513128  0.00959286176622
-0.571278384105  598  91  90.5235460035  7.20095599883  -0.0299211157558
-0.571278384105  599  107  107.538918663  7.61674621622  0.0132393780673
-0.571278384105  600  125  124.635237312  7.71094712396  -0.015758360673
-0.571278384105  600  142  141.894161025  8.24818837849  0.00360811313488
-0.571278384105  601  159  159.318118995  9.16910256151  0.0271383175746
-0.571278384105  601  177  176.815040138  10.0037506384  0.00838950361698
-0.571278384105  602  195  194.38167238  11.1739103212  -0.00418076757003
-0.571278384105  602  213  212.138794481  11.7431560227  -0.0118028141418
-0.571278384105  603  230  230.26087832  14.2692636559  0.0203019874795
-0.571278384105  603  249  248.445451526  17.157812894  -0.00503156461982
-0.571278384105  604  267  266.983057674  19.7530960808  0.013171887287
-0.571278384105  604  286  285.633600403  23.127519529  0.00431811775433
-0.571278384105  605  305  305.094145003  30.0356173983  0.00936782471001
-0.571278384105  605  325  324.517674485  33.1519542469  -0.00321879901093
-0.571278384105  606  345  344.299393781  29.9809384637  -0.0121876399457
-0.571278384105  606  363  364.958826061  0.745016232048  0.0781726110944
-0.571278384105  606  384  383.849982704  24.2492113514  0.0102895426659
-0.571278384105  606  403  403.78532649  22.9638160273  0.0478713942613
-0.571278384105  607  423  423.626097628  21.5137336097  0.051505637588
-0.571278384105  607  443  443.362576925  19.5155816361  0.0384814229696
-0.571278384105  607  463  463.424049889  18.4405181222  0.0367959025034
-0.571278384105  607  484  483.575234635  17.704198689  0.0116943376707
-0.571278384105  607  505  503.881174842  17.156632583  -0.00777739361777
-0.571278384105  607  525  524.737151226  17.0569185754  0.0144279790195
-0.571278384105  607  546  545.704745779  17.7021719131  0.0160964308582
-0.571278384105  607  567  567.012528121  19.0462186403  0.0135573459559
-0.571278384105  607  589  -7548.87544951  33549.513635  -0.110312416941
-0.571278384105  607  611  610.500011182  22.4948572784  0.00334462295278
-0.571278384105  607  633  633.045988435  26.9743728645  0.0182230645456
-0.571278384105  607  657  656.016751669  29.4756845925  -0.00102911135971
-0.571278384105  607  681  680.311244328  29.1112508198  0.00880178574973
-0.571278384105  606  704  704.890004252  29.2186098715  0.0440806864054
-0.571278384105  606  729  728.800336052  25.0412245655  0.0136738162246
-0.571278384105  605  753  753.014492176  21.4821876888  0.0159699093765
-0.571278384105  605  778  777.314747087  18.5439618508  -0.0067992049708
-0.571278384105  604  802  801.899420804  16.8278209472  0.00253947952494
-0.571278384105  604  826  826.885334874  16.2459905818  0.0245108450188
-0.571278384105  603  852  851.849876792  14.2954254929  0.00127306379614
-0.571278384105  602  877  877.36530805  13.7651907825  0.0133265890326
-0.571278384105  602  903  903.013006142  12.9495733496  0.0235079894477
-0.571278384105  601  929  929.275919899  12.4157219217  0.00646229379685
-0.571278384105  600  956  955.769631292  12.6462168212  0.0159524097837
-0.571278384105  599  983  982.648436608  12.6602961617  0.0147878265888
-0.571278384105  598  1010  1010.12582511  12.6812689032  0.0348364708672
-0.393408384105  593  7  7.41139127855  5.80143276204  -0.0559152606747
-0.393408384105  594  24  23.8256156214  6.35890161588  -0.0177335580488
-0.393408384105  595  40  40.339997016  6.59066574992  -0.00534806874955
-0.393408384105  596  57  56.9108608783  6.86532719983  -0.0342543145046
-0.393408384105  596  74  73.6131925637  6.98262800388  -0.0378928113286
-0.393408384105  597  91  90.5290715782  7.21363187881  -0.0318450342376
-0.393408384105  598  107  107.577681768  7.59697356082  0.0150278070266
-0.393408384105  599  125  124.616442427  7.71453157329  -0.0114187549113
-0.393408384105  599  142  141.930799168  8.23121288858  0.000895115079718
-0.393408384105  600  159  159.345641282  9.06788259649  0.0224621077954
-0.393408384105  600  177  176.803771848  9.86759212461  0.0128259218419
-0.393408384105  601  195  194.425937888  11.2639997052  -0.00395350747843
-0.393408384105  602  213  212.248878396  11.8925124478  -0.00930160140971
-0.393408384105  602  230  230.364098052  14.3122485842  0.0239540350973
-0.393408384105  603  249  248.330310347  17.0088723669  -0.00860966893321
-0.393408384105  603  267  267.062071906  21.0297596147  0.00310450628019
-0.393408384105  603  287  285.426179535  24.4035737578  -0.0520877950831
-0.393408384105  604  305  305.080793199  29.6965066744  0.0120879214851
-0.393408384105  604  325  324.609168374  33.6909236311  0.00065545824614
-0.393408384105  605  345  344.452164233  30.5834537182  -0.00565009395643
-0.393408384105  605  364  364.738552058  30.3904434579  0.0477343619374
-0.393408384105  605  384  384.186943499  23.8348244799  0.0275403596267
-0.393408384105  606  403  403.874305238  23.2252681605  0.0517333852423
-0.393408384105  606  423  423.675481677  21.5203057412  0.0526361405896
-0.393408384105  606  443  443.45390524  19.8062232955  0.0404288280661
-0.393408384105  606  464  463.331521413  18.3148030828  0.00558454600624
-0.393408384105  606  484  483.640817409  17.6498691201  0.0136195827997
-0.393408384105  606  504  504.214546307  0.21234463183  0.0309687395589
-0.393408384105  606  525  524.819201235  17.1864042681  0.0182174396701
-0.393408384105  606  546  545.775504193  17.5384021876  0.012964533787
-0.393408384105  606  567  567.178511192  19.1230345628  0.0208053410538
-0.393408384105  606  589  588.610390689  20.4913907804  0.00796161339783
-0.393408384105  606  611  610.604076316  22.4946373242  0.00357086848608
-0.393408384105  606  633  633.160151207  26.3599297697  0.0229270330961
-0.393408384105  606  657  656.168275163  29.7891663884  0.00288450713688
-0.393408384105  606  681  680.287019086  29.3382955575  0.0087578915463
-0.393408384105  605  704  705.020664621  29.9166144726  0.0504264625242
-0.393408384105  605  729  728.932941673  25.3187114988  0.0183289842905
-0.393408384105  604  753  753.163807348  21.5763073293  0.0162929026648
-0.393408384105  604  778  777.331428132  19.0279950122  -0.00447275006448
-0.393408384105  603  802  801.967486368  16.935093213  0.00694162861867
-0.393408384105  603  826  827.020564686  16.2620495234  0.0286374763547
-0.393408384105  602  852  851.909766693  14.2260073095  0.00347241759456
-0.393408384105  601  877  877.485693559  13.8132740308  0.0177785266566
-0.393408384105  601  903  903.145090229  12.9856456445  0.0225027727629
-0.393408384105  600  929  929.3957906  12.3500550037  0.0114454897332
-0.393408384105  599  956  955.85615586  12.6310669865  0.0129175608875
-0.393408384105  598  983  982.836764114  12.5586293085  0.0221386692071
-0.393408384105  597  1010  1010.30125554  12.9967496433  0.0312650703934
-0.215538384105  592  7  7.39267403265  5.74565745179  -0.0527473534072
-0.215538384105  593  24  23.8166188727  6.43308911436  -0.0204350470693
-0.215538384105  594  40  40.3595957979  6.67428596099  -0.000487309310251
-0.215538384105  595  57  56.9561737278  6.89155041873  -0.0250960089382
-0.215538384105  596  74  73.7095438545  7.01404275484  -0.0376612140008
-0.215538384105  596  91  90.5562058296  7.17745512976  -0.0283933729826
-0.215538384105  597  107  107.626146831  7.6472944448  0.0139780049164
-0.215538384105  598  125  124.673561035  7.6819433525  -0.0132763456964
-0.215538384105  598  142  141.963047316  8.26467248141  0.000775346714012
-0.215538384105  599  159  159.354447358  9.14711497363  0.0229246161786
-0.215538384105  599  177  176.884028964  9.94366688232  0.00647684130713
-0.215538384105  600  195  194.484015398  10.6918819795  0.00458199086066
-0.215538384105  601  212  212.342615726  12.5713012938  0.0281047213985
-0.215538384105  601  231  231.299698072  0.0933394944035  -6.26655273344
-0.215538384105  602  249  248.486224285  16.7790681127  -0.00540921200501
-0.215538384105  602  267  267.070810285  19.6292359128  0.0113152439157
-0.215538384105  602  286  285.836113764  23.5568777397  0.00580062960089
-0.215538384105  603  305  305.01345889  29.1552066436  0.0102265274276
-0.215538384105  603  325  324.585959036  33.54919033  0.000952533487599
-0.215538384105  604  345  344.580900718  30.1414014405  -0.00385648658332
-0.215538384105  604  364  364.661989815  30.4471931711  0.0473366162915
-0.215538384105  604  384  384.333640367  25.6675551234  0.044880676633
-0.215538384105  605  405  403.642175371  23.4321960563  -0.00759111998297
-0.215538384105  605  423  423.737353034  21.5363153939  0.0530914477603
-0.215538384105  605  443  443.571373634  19.8935145758  0.0417234571417
-0.215538384105  605  464  463.432459394  18.4709514688  0.0134336092113
-0.215538384105  605  484  483.667154238  17.5573570844  0.0130781755634
-0.215538384105  605  504  504.291117533  0.212775532021  0.0323019016566
-0.215538384105  605  525  524.967657337  17.1909028724  0.0245898343783
-0.215538384105  605  546  545.826006255  17.7215962216  0.0101160041683
-0.215538384105  605  567  567.230946578  19.1523581859  0.0237347560343
-0.215538384105  605  589  588.689909707  20.3804397846  0.009030714571
-0.215538384105  605  611  610.828429147  22.3319506235  0.00881169913105
-0.215538384105  605  633  633.357815588  26.3156143302  0.0246055930447
-0.215538384105  605  657  656.395584052  30.0669540291  0.00700812140618
-0.215538384105  605  681  680.438364214  29.7795538438  0.0149656892856
-0.215538384105  604  704  705.0540411  29.9172045747  0.0519833972358
-0.215538384105  604  729  729.051857532  0.307949046533  0.020764816956
-0.215538384105  603  753  753.147565956  21.983526127  0.0191530167787
-0.215538384105  603  777  777.680075853  19.6167081275  0.0254434793204
-0.215538384105  602  802  802.025177701  16.9641602574  0.00292423896562
-0.215538384105  602  827  826.892327974  15.5102788442  0.00287995996023
-0.215538384105  601  852  852.049692532  14.1686274055  0.00585029026244
-0.215538384105  600  877  877.637508694  13.6368047954  0.0145637170093
-0.215538384105  600  903  903.197997494  12.90064662  0.0298855366603
-0.215538384105  599  929  929.469147762  12.3337772657  0.00771898214279
-0.215538384105  598  956  955.998061063  12.6067390444  0.0201029233003
-0.215538384105  597  983  982.987883749  12.6707457614  0.0227893079618
-0.215538384105  596  1010  1010.36138405  12.7544924449  0.0344733710899
-0.037668384105  592  7  7.4534067301  5.70452968723  -0.0561835466695
-0.037668384105  592  24  23.8462032153  6.34362524793  -0.0158927817045
-0.037668384105  593  40  40.3698279066  6.68569177187  -0.0014298472236
-0.037668384105  594  57  56.984279041  6.92628664411  -0.0256883195905
-0.037668384105  595  74  73.7033179573  6.98514143838  -0.0318534593478
-0.037668384105  595  91  90.5826406738  7.24979767876  -0.0293022107251
-0.037668384105  596  107  107.63763227  7.65935589514  0.0122831413482
-0.037668384105  597  125  124.65885106  7.80259153311  -0.00881791882201
-0.037668384105  597  142  142.007424762  8.2216292465  0.00719059848054
-0.037668384105  598  159  159.389293537  9.19723906202  0.0249811079447
-0.037668384105  598  177  176.86737604  9.93906446662  0.0100158595629
-0.037668384105  599  195  194.52706348  10.6334285737  0.0100212210194
-0.037668384105  600  212  212.468305043  12.3779393157  0.0272594295384
-0.037668384105  600  231  231.303045106  0.363376365493  -6.29605222283
-0.037668384105  601  249  248.463428556  16.9544039355  -0.00499475909564
-0.037668384105  601  267  267.151619066  19.6793449911  0.0139118077663
-0.037668384105  602  286  286.026144328  23.4918020385  0.0171589856782
-0.037668384105  602  305  305.119999203  29.3345592795  0.0134356229544
-0.037668384105  602  325  324.643346127  33.1706650556  0.000511227651459
-0.037668384105  603  345  344.794314117  30.2107905685  0.002713234236
-0.037668384105  603  364  364.741213984  30.5221915273  0.0550243969657
-0.037668384105  603  384  384.331747003  25.584652138  0.0397243305745
-0.037668384105  604  405  404.289388472  0.26600676564  -8.51565315239
-0.037668384105  604  423  423.807403998  21.6950420025  0.0551544446387
-0.037668384105  604  443  443.725587462  0.247383708787  0.0465551528303
-0.037668384105  604  464  463.593278164  18.4241314696  0.0162445729707
-0.037668384105  604  484  483.772294028  17.6414212524  0.01596389413
-0.037668384105  604  505  505.295383378  0.393224787349  -7.18374591329
-0.037668384105  604  525  525.096814261  17.1561980218  0.0269176728355
-0.037668384105  604  546  545.952964288  17.7259319379  0.0119675864722
-0.037668384105  604  567  567.302762619  19.1705067469  0.0268617815667
-0.037668384105  604  589  588.752036705  20.3060669927  0.0125868031257
-0.037668384105  604  611  610.93692373  22.254932393  0.0145656865358
-0.037668384105  604  634  633.239313168  24.9861764233  -0.00180474742599
-0.037668384105  604  657  656.541400987  29.9933846494  0.0113988379093
-0.037668384105  604  681  680.567384766  31.1747891867  0.0217285374985
-0.037668384105  603  705  704.809009443  0.349095521495  0.0197078526506
-0.037668384105  603  729  729.072293217  0.308867998999  0.0214697938796
-0.037668384105  603  753  753.393924708  22.1526381899  0.0222930945494
-0.037668384105  602  777  777.827353737  19.598996139  0.0264672788851
-0.037668384105  602  802  802.133814727  17.008611901  0.00692826937528
-0.037668384105  601  827  827.056159904  15.5438644383  0.00604579011191
-0.037668384105  600  852  852.21421638  14.2831574133  0.00701605076234
-0.037668384105  600  877  877.606107131  13.7261947074  0.0184074931461
-0.037668384105  599  903  903.316678277  12.8766644271  0.0228656563196
-0.037668384105  598  930  929.555652211  12.4185075871  -0.00263499200539
-0.037668384105  597  956  956.14029178  12.528279757  0.0198736254955
-0.037668384105  596  983  983.201371518  12.6775160084  0.0328522211147
-0.037668384105  595  1010  1010.47765692  12.6761551946  0.0293491006387
0.140201615895  591  7  7.43713957976  5.8462209021  -0.0528010855043
0.140201615895  591  24  23.8477694743  6.41402480875  -0.0211526428684
0.140201615895  592  40  40.4200414297  6.66977538206  0.00381706442479
0.140201615895  593  57  57.0041581947  6.93822322584  -0.0270485973342
0.140201615895  594  74  73.7392524477  6.99211333759  -0.0329719904634
0.140201615895  594  91  90.6363021158  7.23031162262  -0.0264433963161
0.140201615895  595  107  107.687350095  7.70653586565  0.0170337108513
0.140201615895  596  125  124.699128985  7.80654835868  -0.0164391427642
0.140201615895  596  142  142.049740252  8.2250218049  0.0134944399886
0.140201615895  597  159  159.445570996  9.1444386195  0.0240480769803
0.140201615895  598  177  176.956248078  10.0241070691  0.0125430988594
0.140201615895  598  195  194.56626457  11.2410079381  0.00427191434252
0.140201615895  599  213  212.33619312  12.5674911204  -0.00893013113214
0.140201615895  599  231  230.395376846  14.4837596156  -0.00731462652716
0.140201615895  600  249  248.580963306  16.6592483951  -0.00465191828218
0.140201615895  600  267  267.194561974  20.934038175  0.0128512413425
0.140201615895  601  287  285.585328976  24.3882761825  -0.03244552297
0.140201615895  601  305  305.130293665  29.9967845504  0.0150680457657
0.140201615895  601  325  324.711843594  33.289487507  0.00439681017994
0.140201615895  602  345  344.851735586  30.2160515487  0.00459514015968
0.140201615895  602  364  364.960847997  0.435357144995  0.0592093292327
0.140201615895  602  384  384.364356233  25.8488733618  0.0413947021735
0.140201615895  603  405  404.433555452  25.6520009276  0.0381290612502
0.140201615895  603  423  423.934280185  21.7858537803  0.0563234178687
0.140201615895  603  443  443.755324919  19.9405678155  0.0532145935561
0.140201615895  603  463  463.916333895  18.410242226  0.0522720181097
0.140201615895  603  484  483.923893579  17.6895892876  0.0231289359108
0.140201615895  603  504  504.476976944  17.0546583765  0.0382483572287
0.140201615895  604  525  525.064433319  17.0468911759  0.0244477334558
0.140201615895  604  546  545.952964288  17.7259319379  0.0119675864722
0.140201615895  604  567  567.335953009  0.230351782137  0.0292881083569
0.140201615895  603  589  588.86511831  20.3087120285  0.0147900616977
0.140201615895  603  612  610.828757217  21.082940387  -0.00783973479822
0.140201615895  603  633  633.53243132  26.7022033466  0.0314356105167
0.140201615895  603  657  656.675536775  0.341212740259  0.019319628185
0.140201615895  603  680  680.869422757  32.4411522401  0.0506772270959
0.140201615895  602  705  704.93537158  28.2261879361  0.0210654325563
0.140201615895  602  729  729.211689221  25.5751003241  0.024988229647
0.140201615895  602  753  753.43800848  0.267003014585  0.025918609928
0.140201615895  601  777  777.929953631  0.234383756032  0.0281087850393
0.140201615895  601  802  802.384573595  17.2148135304  0.0107186246579
0.140201615895  600  827  827.231072751  16.1362134598  0.0142000564222
0.140201615895  599  853  853.302052273  0.345325607515  -6.46501077479
0.140201615895  599  877  877.973768385  13.7374677202  0.0235593599595
0.140201615895  598  903  903.459287764  12.7514352251  0.0277005370984
0.140201615895  597  930  929.70002351  12.4960149001  -0.00243309793331
0.140201615895  596  956  956.339730669  12.8156782273  0.0258063847702
0.140201615895  595  984  985.795064936  0.20728623442  12.4245657093
0.140201615895  594  1011  1010.51590081  12.5268175976  0.0146409726394
0.318071615895  590  7  7.44634017006  5.81482186975  -0.0597693404245
0.318071615895  590  24  23.8674954267  6.33766939841  -0.0117086803377
0.318071615895  591  40  40.4493091789  6.67522240033  0.000833216253558
0.318071615895  592  57  56.987274557  6.92656814623  -0.0282142597153
0.318071615895  593  74  73.7135814091  7.0384795082  -0.0276755965823
0.318071615895  593  91  90.6344088602  7.31900590229  -0.0298766657602
0.318071615895  594  107  107.722721526  7.73495812194  0.0173788884593
0.318071615895  595  125  124.758203747  7.8359202511  -0.00850086638188
0.318071615895  595  142  142.056601807  8.24648755838  0.0075219623545
0.318071615895  596  159  159.513986143  9.17669856752  0.0296477889066
0.318071615895  597  177  176.957558959  10.1300698729  0.015779490608
0.318071615895  597  195  194.584268918  11.1913347381  0.00135804317752
0.318071615895  598  213  212.382858544  12.4183403207  -0.00977514538664
0.318071615895  598  231  230.419444134  14.5300346591  -0.00723622504886
0.318071615895  599  249  248.701260895  16.9383612656  0.00616381260611
0.318071615895  599  267  267.203778591  19.480317809  0.0229202272667
0.318071615895  600  286  285.956647396  24.8307055739  0.0023587344694
0.318071615895  600  306  304.973483438  27.9566106756  -0.0213735183972
0.318071615895  600  325  324.594539595  32.1063720557  0.0093935655623
0.318071615895  601  345  344.734000237  32.3677818946  0.00581771714018
0.318071615895  601  365  364.527644819  28.888669645  0.00548300108703
0.318071615895  601  385  384.205277467  23.6186335912  -0.00989116027565
0.318071615895  602  404  403.897202268  20.910867695  0.0152663792988
0.318071615895  602  423  423.400147227  22.0196308303  0.0
0.318071615895  602  443  443.839925248  19.8770481188  0.0560179176407
0.318071615895  602  464  463.693135065  18.4538702563  0.016708751294
0.318071615895  602  484  483.9940537  17.7732306757  0.0248520396146
0.318071615895  603  504  504.465499682  17.1612381081  0.0408570163015
0.318071615895  603  525  525.10279902  17.0174722015  0.0236323778095
0.318071615895  603  546  546.05586521  17.4263218242  0.0220303098174
0.318071615895  603  567  567.43979615  0.22932154366  0.030533756118
0.318071615895  602  589  588.986746233  20.1273356456  0.0177212184397
0.318071615895  602  611  611.075256756  22.3608081319  0.0225211335443
0.318071615895  602  633  633.729494601  26.256950804  0.0340021762937
0.318071615895  602  657  656.536862133  28.263321774  0.0135173654222
0.318071615895  602  680  680.869085701  0.442341050625  0.0488595544589
0.318071615895  601  705  704.95513278  29.4025273893  0.0261681142777
0.318071615895  601  729  729.265592049  25.6562999823  0.025961519756
0.318071615895  601  753  753.587415197  0.269925851317  0.023585991285
0.318071615895  600  778  777.852010018  19.093958879  0.00360878784929
0.318071615895  600  802  802.447219068  16.9986929428  0.0152852714419
0.318071615895  599  827  827.368570583  15.6181592592  0.0117693837954
0.318071615895  598  852  852.570228271  14.6926638849  0.0137847958233
0.318071615895  598  878  877.842338106  13.6374024654  0.00729891983853
0.318071615895  597  904  903.525918757  12.7622243657  0.0121902579915
0.318071615895  596  930  929.85995387  12.4031818279  0.00443174246585
0.318071615895  595  956  956.464907597  12.6861497837  0.0265122491934
0.318071615895  594  984  984.303290864  0.0720621256482  -5.7486468014
0.318071615895  593  1011  1010.62197989  12.4965997041  0.0142719721141
0.495941615895  589  7  7.48696546154  5.84837906469  -0.0521753480248
0.495941615895  589  24  23.9344778561  6.44584272243  -0.0167262693295
0.495941615895  590  40  40.4670631589  6.6881760747  0.00248810933317
0.495941615895  591  57  57.0308010453  6.96801344609  -0.0210659820301
0.495941615895  592  74  73.740572025  6.8699019075  -0.029319826956
0.495941615895  592  91  90.6511621332  7.1855470754  -0.0236068302255
0.495941615895  593  107  107.758590454  7.6619316272  0.0197298013342
0.495941615895  594  125  124.763901477  7.78142205281  -0.0101368267505
0.495941615895  594  142  142.092490183  8.20736595612  0.0120200930195
0.495941615895  595  159  159.541640771  9.15709693779  0.0314613945313
0.495941615895  596  177  176.996486205  9.90751977276  0.0111846136206
0.495941615895  596  195  194.63807668  10.6942265803  0.00715179522326
0.495941615895  597  212  212.553151023  12.6023366676  0.038204857512
0.495941615895  597  231  230.449591099  14.5269003664  -0.0080522055845
0.495941615895  598  249  248.772135671  16.9592954544  0.00472308653804
0.495941615895  598  268  268.318156888  0.372481291695  -7.27664385101
0.495941615895  599  286  285.919307412  25.2146147367  0.00401663148044
0.495941615895  599  306  305.125105801  28.1374413103  -0.0136618402944
0.495941615895  599  325  324.990395921  33.2367235556  0.00669379587022
0.495941615895  600  345  344.672819608  30.00061599  0.00412331575012
0.495941615895  600  364  365.059841708  30.6169219697  0.0564663892341
0.495941615895  600  384  384.596179085  25.9936685869  0.0524849705994
0.495941615895  601  404  404.045850983  21.9469724645  0.0177535868792
0.495941615895  601  423  424.086347261  21.8733437769  0.0597822670403
0.495941615895  601  443  443.952399911  19.6215568728  0.0610033849872
0.495941615895  601  464  463.847814907  18.3073476315  0.0219311112446
0.495941615895  601  484  484.090779248  17.7346140042  0.0268817321927
0.495941615895  602  505  504.356626608  17.1601586718  0.00413181902257
0.495941615895  602  525  525.19099497  17.2741579259  0.0289690201918
0.495941615895  602  546  546.203565291  17.232269773  0.0279741760144
0.495941615895  602  567  567.570955746  18.6344875528  0.0347869632505
0.495941615895  602  589  589.000191061  20.0434646193  0.0180015985688
0.495941615895  601  611  611.188072972  0.268983243083  0.0256878443793
0.495941615895  601  633  633.904847757  25.8379910821  0.0371865494786
0.495941615895  601  657  656.709542681  27.6977082721  0.0143148381436
0.495941615895  601  680  680.918471377  0.461778260449  0.0546304462388
0.495941615895  600  705  705.236726169  29.1426440622  0.0255152578382
0.495941615895  600  729  729.282252024  25.832049672  0.0267458062969
0.495941615895  600  753  753.588133386  21.7956885993  0.0314911279331
0.495941615895  599  778  777.941756201  19.1283203502  0.00490456208043
0.495941615895  599  802  802.560902312  17.3070843851  0.0132193489197
0.495941615895  598  827  827.572468414  16.3231205113  0.0181224614907
0.495941615895  597  853  852.571655743  14.5243819911  -0.00106336767344
0.495941615895  597  878  877.954267159  13.9079490823  0.00392688407507
0.495941615895  596  904  903.627896365  12.7915739049  0.0192784963385
0.495941615895  595  930  929.96864207  12.4010261188  0.00434886368893
0.495941615895  594  957  956.51736338  12.3322030464  0.0138227251602
0.495941615895  593  984  983.371668261  12.4144122969  0.0139447075559
0.495941615895  592  1011  1010.76169639  12.3906993389  0.0197481686364
0.673811615895  588  8  7.48120475008  5.88056615977  -0.0747694061412
0.673811615895  589  24  23.9013808773  6.40320954499  -0.0158364927002
0.673811615895  589  40  40.4687092395  6.69555418694  -0.000558450885975
0.673811615895  590  57  57.0547218399  6.85263161336  -0.0230249099439
0.673811615895  591  74  73.802061661  6.97273318581  -0.02359872871
0.673811615895  591  91  90.6946123028  7.24250744472  -0.0347508455323
0.673811615895  592  108  107.685717378  7.46153662772  -0.0236412224842
0.673811615895  593  125  124.795801783  7.74657450136  -0.00594199602145
0.673811615895  593  142  142.147319386  8.46535684708  0.0101999364235
0.673811615895  594  160  159.466994425  8.88993792266  -0.000968161878591
0.673811615895  595  177  177.020207222  9.96572862686  0.0170009864073
0.673811615895  595  195  194.663773221  11.1013044785  0.00302953608988
0.673811615895  596  213  212.432909605  12.6248205536  -0.00777382170206
0.673811615895  596  231  230.437655753  14.5012713138  -0.00595181956369
0.673811615895  597  249  248.793249213  16.776504145  0.00467118290144
0.673811615895  597  267  267.204771694  19.7884418177  0.0223185925428
0.673811615895  598  286  286.049660686  23.4973282822  0.00929278969304
0.673811615895  598  305  305.280471038  29.9868060131  0.023336303814
0.673811615895  599  325  324.800157861  33.1631062014  0.0127087271723
0.673811615895  599  345  344.821493134  30.2807436917  0.00502864602239
0.673811615895  599  364  365.087811029  30.8888788239  0.0605217669212
0.673811615895  600  384  384.930666995  25.7143958214  0.0568685285489
0.673811615895  600  404  404.060566345  22.111356969  0.0184908824428
0.673811615895  600  423  424.189929082  22.1417873199  0.0693883264548
0.673811615895  600  443  443.970007172  19.6144060205  0.0615621548876
0.673811615895  600  464  463.880972161  18.1805589989  0.017918553604
0.673811615895  600  484  484.092836292  17.6626176519  0.0287087166132
0.673811615895  601  505  504.41258034  17.0015321554  0.00642599039858
0.673811615895  601  525  525.354813358  0.20771490382  0.0309864615172
0.673811615895  601  546  546.198614748  17.4101225716  0.0252045822418
0.673811615895  601  567  567.58404258  18.6754457971  0.0324123882825
0.673811615895  601  589  589.124785534  20.2090967829  0.019782792434
0.673811615895  600  611  611.285686164  21.973974539  0.0273017938539
0.673811615895  600  634  633.682165102  24.819177682  0.0107298466232
0.673811615895  600  657  656.751912841  29.6827481385  0.0129479847289
0.673811615895  600  682  680.662761614  28.7308605337  -0.00312810240808
0.673811615895  599  705  705.125825405  30.0873110266  0.0300287245174
0.673811615895  599  729  729.498025747  25.8218371289  0.0272893851998
0.673811615895  599  753  753.711933333  22.2244279597  0.0313077156539
0.673811615895  598  778  778.072998428  19.3024392863  0.00964277219698
0.673811615895  598  802  802.678324691  17.2925172956  0.0206927878658
0.673811615895  597  827  827.681697478  16.3013253135  0.020996546679
0.673811615895  596  853  852.69954161  14.3041215381  -0.00403146134963
0.673811615895  596  878  878.083541427  13.781888925  0.00950579319439
0.673811615895  595  904  903.743667585  12.8300831562  0.0185989554406
0.673811615895  594  930  930.046731659  12.3112650698  0.00498611093133
0.673811615895  593  957  956.618133393  12.2052233144  0.0130580161344
0.673811615895  592  984  983.500526696  12.6270212486  0.0141571858395
0.673811615895  591  1011  1010.85895955  12.4853793777  0.0169986305455
0.851681615895  587  8  7.49020379478  5.870304687  -0.0676781134985
0.851681615895  588  24  23.974920324  6.35018946793  -0.0141391772452
0.851681615895  588  40  40.4927567818  6.6264948869  0.0052423472158
0.851681615895  589  57  57.0627541009  6.9062154822  -0.0203162611241
0.851681615895  590  74  73.8012327309  7.02642148433  -0.02921418685
0.851681615895  590  91  90.6692345743  7.12079888149  -0.0279593402747
0.851681615895  591  108  107.702703874  7.4641980664  -0.0224865287949
0.851681615895  592  125  124.803565481  7.78081085785  -0.00827987333708
0.851681615895  592  142  142.13173022  8.12726240461  0.0125975675358
0.851681615895  593  159  159.559449287  9.14560702704  0.0343789674754
0.851681615895  594  177  177.077370564  9.85434989738  0.015935432943
0.851681615895  594  195  194.689899978  11.0740333057  0.00498975632199
0.851681615895  595  213  212.542753897  12.5888177263  0.00044691548748
0.851681615895  595  231  230.445176938  14.5375732041  -0.00982330869163
0.851681615895  596  249  248.663784102  16.7781573935  -0.000545310827973
0.851681615895  596  268  268.309726262  0.38348065718  -7.31320354066
0.851681615895  597  286  285.982920991  23.9912394584  0.0160381934581
0.851681615895  597  305  305.353306446  30.0896791672  0.0217521250503
0.851681615895  598  325  325.11091774  33.0789568719  0.0144921149816
0.851681615895  598  345  344.769507617  33.1869860127  0.013394158754
0.851681615895  598  365  364.759982675  27.1511662218  0.0150166984976
0.851681615895  599  384  384.669433598  24.0406251021  0.0458488239791
0.851681615895  599  403  404.585240799  0.37945841669  0.083812431215
0.851681615895  599  423  424.323919588  21.9011630123  0.0755556379272
0.851681615895  599  444  443.877801301  18.8325084277  0.0250056884197
0.851681615895  599  463  464.182202947  18.4731652072  0.0618015009725
0.851681615895  600  484  484.168486088  17.351733348  0.0255478878662
0.851681615895  600  504  504.665767372  17.1338921114  0.0404933862808
0.851681615895  600  525  525.424755693  0.207680865873  0.0317997362061
0.851681615895  600  546  546.296251675  17.5581593389  0.0261586470352
0.851681615895  600  567  567.684026507  18.7346260518  0.0359682778619
0.851681615895  600  589  589.126035776  20.6478051574  0.021675147327
0.851681615895  599  612  611.021107969  22.651860132  0.00114111043529
0.851681615895  599  634  633.745807047  25.0462895261  0.0103422610505
0.851681615895  599  657  657.000268344  0.356572695936  0.0185881145404
0.851681615895  599  682  680.721427582  28.1732000799  -0.00826623347404
0.851681615895  599  705  705.605989992  29.8714335655  0.039732496888
0.851681615895  598  729  729.6963824  0.326541374681  0.0353715670233
0.851681615895  598  753  753.938134307  22.3894359014  0.0355317215912
0.851681615895  597  777  778.458742517  19.7671308978  0.0415909664151
0.851681615895  597  802  802.756715065  17.4027800607  0.0182385144289
0.851681615895  596  827  827.749261791  16.3979299794  0.0227955314205
0.851681615895  595  853  852.728054641  14.4830042857  0.00285654067201
0.851681615895  595  878  878.208354862  13.6569875275  0.00840415925431
0.851681615895  594  904  903.910450491  12.9010866428  0.0209034718728
0.851681615895  593  930  930.205516743  12.2564789455  0.00653158195249
0.851681615895  592  957  956.730161333  12.1675381092  0.0140604791032
0.851681615895  591  984  983.698910429  12.5439754397  0.0161880166505
0.851681615895  590  1011  1011.03393872  12.6524248763  0.0224392591341
1.0295516159  586  8  7.49691705979  5.86151243773  -0.0666131426025
1.0295516159  587  24  23.9597412588  6.33771804152  -0.0148586509155
1.0295516159  587  40  40.5075402868  6.80785623257  -0.00489486992807
1.0295516159  588  57  57.0722112088  6.89271278251  -0.019003089605
1.0295516159  589  74  73.8301558928  7.07394561777  -0.0294166257639
1.0295516159  590  91  90.7986927913  7.13721791386  -0.0200920278104
1.0295516159  590  108  107.718144456  7.45059145308  -0.019563638214
1.0295516159  591  125  124.863241716  7.75839406882  -0.00561331213512
1.0295516159  591  142  142.252091912  8.1983580104  0.0151708661143
1.0295516159  592  159  159.626459486  9.25261767587  0.037302275566
1.0295516159  593  177  177.069551213  9.93513244522  0.0160813372822
1.0295516159  593  195  194.692803378  11.0357571834  0.00467477999109
1.0295516159  594  213  212.555644543  12.5937409587  0.00126496092824
1.0295516159  594  231  230.502322947  14.4425532092  -0.00622027222564
1.0295516159  595  249  248.756963984  16.8968226794  0.00304567337348
1.0295516159  595  268  267.175802783  20.6324317285  -0.0176498359317
1.0295516159  596  287  285.856724643  24.8456579343  -0.0293695683424
1.0295516159  596  305  305.469755788  30.283410167  0.0278993928191
1.0295516159  597  325  325.013203183  33.5475527071  0.0137440776118
1.0295516159  597  345  344.849017266  33.1679859261  0.0146049894497
1.0295516159  597  365  364.890240438  29.5850923149  0.0229236410263
1.0295516159  598  385  384.312952222  24.9159361057  -0.0115535456926
1.0295516159  598  405  405.305691144  0.376078971699  -8.16078449982
1.0295516159  598  424  424.083909646  21.4152559207  0.0322256553163
1.0295516159  598  444  443.91850377  18.9010113743  0.0259478554092
1.0295516159  598  463  464.318615178  18.7421464656  0.0657015947808
1.0295516159  599  484  484.222422254  0.216258657505  0.0324293505974
1.0295516159  599  505  504.61562035  17.2482488883  0.0147275102362
1.0295516159  599  525  525.554250554  17.9255372913  0.0367541562435
1.0295516159  599  547  547.295975273  0.409620277299  -7.06030879074
1.0295516159  599  567  567.770256929  18.668928295  0.0361530635879
1.0295516159  599  589  589.376493182  0.250374329647  0.0282772072719
1.0295516159  599  612  611.137638248  22.0320780772  -0.00518822054244
1.0295516159  598  634  633.74330118  26.3326696176  0.00552805970982
1.0295516159  598  658  656.904850308  27.5332696404  -0.00349149521149
1.0295516159  598  681  680.898693297  30.8166109312  0.0248603587764
1.0295516159  598  705  705.262202768  29.1490656387  0.0373390010432
1.0295516159  597  729  729.853038172  26.1705815663  0.0380757646761
1.0295516159  597  753  754.168604781  22.7863328185  0.0373871400855
1.0295516159  596  778  778.368405699  19.2917086335  0.0156040955431
1.0295516159  596  803  802.820043791  16.9524125514  0.00501860610131
1.0295516159  595  827  827.925206478  16.2346452069  0.0246628384691
1.0295516159  594  853  852.81853158  14.3715494288  -0.000879092745357
1.0295516159  594  878  878.382242669  13.5624881265  0.015617552879
1.0295516159  593  904  903.997043991  12.8993851286  0.0195398724601
1.0295516159  592  930  930.352043963  12.1770715985  0.00836831749575
1.0295516159  591  957  956.841101812  12.0826875931  0.0151699947531
1.0295516159  590  984  983.889305171  12.624833179  0.021821980422
1.0295516159  589  1011  1011.16838883  12.6061050863  0.0255060801325
1.2074216159  585  8  7.54256364047  5.9372436253  -0.0600046698904
1.2074216159  586  24  23.9494092005  6.32432610488  -0.0249243449644
1.2074216159  586  40  40.5138560731  6.75397184081  -2.38525963191e-05
1.2074216159  587  57  57.1004739756  6.86979833499  -0.0207076475644
1.2074216159  588  74  73.8835044209  7.06480434389  -0.0268006881652
1.2074216159  589  91  90.7580714564  7.12596743769  -0.0276562416672
1.2074216159  589  108  107.757757557  7.45128164227  -0.019165948335
1.2074216159  590  125  124.882832057  7.76722165824  -0.0017846213145
1.2074216159  591  142  142.261618377  8.05537011027  0.0177293242687
1.2074216159  591  159  159.651389619  9.13592325342  0.0382964696454
1.2074216159  592  177  177.097531582  9.94570347187  0.0149425457286
1.2074216159  592  195  194.761184987  11.1141761033  0.00634527956474
1.2074216159  593  213  212.57030788  12.6305016133  0.00216121506741
1.2074216159  593  231  230.568813366  14.6362030499  -0.0122990556715
1.2074216159  594  249  248.798724404  17.0837060295  0.00894700430675
1.2074216159  594  268  267.168410207  20.9545559855  -0.0220472803982
1.2074216159  595  286  286.210983033  25.8353159678  0.0157938457747
1.2074216159  595  306  305.143887312  27.7914024219  -0.00567933129502
1.2074216159  596  325  324.995532926  31.4113019419  -0.000764814648135
1.2074216159  596  345  344.797351407  0.40213755015  0.0173280298547
1.2074216159  596  365  364.892998096  30.1319536943  0.0241802900573
1.2074216159  597  385  384.283748543  23.9608543771  -0.0111167387282
1.2074216159  597  404  404.363128897  23.0462158867  0.0336924533592
1.2074216159  597  424  424.143116804  20.0963153297  0.0326628315628
1.2074216159  597  443  444.258182546  20.1039540645  0.0662042792817
1.2074216159  597  464  464.194826085  19.328017235  0.0228893953518
1.2074216159  598  484  484.37829574  17.7419027738  0.0369110642853
1.2074216159  598  505  504.68564555  17.2608701247  0.0174700621441
1.2074216159  598  526  525.413186463  17.0520350492  0.0074856327123
1.2074216159  598  546  546.519234521  18.2731023918  0.0329820494887
1.2074216159  598  568  567.701908669  17.9121314006  0.00948171775684
1.2074216159  598  589  589.369319332  0.24823733272  0.0279101268737
1.2074216159  598  611  611.476814414  21.5895969517  0.0338406215872
1.2074216159  597  634  633.83977668  26.1754305469  0.0107066084996
1.2074216159  597  658  656.98891832  27.9631933703  0.000269647067426
1.2074216159  597  681  681.122196054  31.0780814124  0.0256844638367
1.2074216159  597  705  705.499376979  29.5524500036  0.0428012943827
1.2074216159  596  729  730.125062972  26.5195264729  0.0438498353173
1.2074216159  596  754  754.056523118  22.1556939938  0.00981751802455
1.2074216159  595  778  778.59431486  19.6302352336  0.023741376199
1.2074216159  595  803  802.954147793  17.1913716866  0.007308355463
1.2074216159  594  827  828.011866272  16.2165974969  0.0255693213131
1.2074216159  593  853  852.876091301  14.7830404104  0.00612052496226
1.2074216159  593  879  878.37394953  13.2237944398  -0.00578374385793
1.2074216159  592  904  904.171211488  12.9495521798  0.0211259566676
1.2074216159  591  931  930.388044914  12.1398207379  -0.00577058603463
1.2074216159  590  957  957.033639267  12.1570581156  0.0189887072851
1.2074216159  589  984  983.989739604  12.6150133986  0.0241130203812
1.2074216159  588  1011  1011.32842986  12.4676748874  0.0250013531003
1.3852916159  584  8  7.54934983954  5.89626808981  -0.0565728287125
1.3852916159  585  24  23.96017319  6.54583085098  -0.0106745325301
1.3852916159  585  40  40.5482959649  6.71687992799  0.00110459822995
1.3852916159  586  57  57.1370108173  6.91497389516  -0.0252338793735
1.3852916159  587  74  73.9022495463  7.11282027145  -0.0268342557875
1.3852916159  588  91  90.7733197119  7.07236748876  -0.0342465991289
1.3852916159  588  108  107.814898633  7.36264912692  -0.015454960491
1.3852916159  589  125  124.949959087  7.74461448792  -0.00165323484018
1.3852916159  590  142  142.238626735  8.32161571883  0.0133680683001
1.3852916159  590  160  159.567054738  8.73139607097  -0.000509065310479
1.3852916159  591  177  177.17917122  9.96721680134  0.0210887084807
1.3852916159  591  195  194.843379821  11.1102586531  0.00775343601697
1.3852916159  592  213  212.625050013  12.6529696449  0.001158911203
1.3852916159  592  231  230.588494142  14.2707578048  -0.00297571839567
1.3852916159  593  249  248.855413023  17.052575279  0.00881686794355
1.3852916159  593  268  267.313523051  20.2043247574  -0.0186823753019
1.3852916159  594  287  285.929906323  23.7860103538  -0.0291637888722
1.3852916159  594  306  305.1833875  27.492136534  -0.0101024357242
1.3852916159  595  325  325.054813989  33.4539677436  0.0208414302231
1.3852916159  595  345  344.919714943  33.216514155  0.0182744562528
1.3852916159  595  365  364.93806473  0.339235835674  0.0189669845486
1.3852916159  596  384  384.984657789  26.6792420737  0.056203427256
1.3852916159  596  404  404.430463994  22.9066515681  0.034557768589
1.3852916159  596  424  424.281691808  21.4911819504  0.0408534677642
1.3852916159  596  444  444.151932121  19.6074401306  0.0298909280104
1.3852916159  597  464  464.248614156  18.7913949346  0.0354552221038
1.3852916159  597  484  484.420437276  17.824029926  0.0423399489156
1.3852916159  597  505  504.693321177  17.1598930336  0.0143066191035
1.3852916159  597  525  525.776151866  17.874241338  0.0433185355617
1.3852916159  597  547  546.403751759  17.3678102935  0.000935542504519
1.3852916159  597  568  567.848628599  17.9174876064  0.0158357827245
1.3852916159  597  589  589.445404084  0.245724689399  0.0258165407975
1.3852916159  597  612  611.364948159  21.8220985372  -0.00571205306458
1.3852916159  596  634  633.949340672  26.2291295095  0.012649338449
1.3852916159  596  658  656.903078111  29.8681816016  -7.71921275462e-05
1.3852916159  596  682  681.060150535  28.7969966177  -0.00306908319787
1.3852916159  596  705  705.755151001  29.9881959097  0.0507793054803
1.3852916159  595  729  730.07154739  27.0483289822  0.0496942073851
1.3852916159  595  754  754.21819491  22.2364240042  0.0177037859598
1.3852916159  594  778  778.677273703  19.6862655101  0.0238841374983
1.3852916159  594  803  803.015030103  17.479918353  0.00702579217437
1.3852916159  593  827  828.125054573  16.2991103022  0.0307697981265
1.3852916159  593  853  853.055813473  14.1877977148  0.00333739832843
1.3852916159  592  878  878.596345199  13.8707862311  0.0173647947778
1.3852916159  591  904  904.261358541  12.9417863701  0.0250243979727
1.3852916159  590  931  930.511512549  12.3496634843  -0.00440138143173
1.3852916159  589  957  957.183457564  12.4296861112  0.0207169043405
1.3852916159  588  984  984.09634785  12.8283356452  0.0229989679696
1.3852916159  587  1012  1011.52275555  0.147938699997  0.0465137001552
1.5631616159  583  8  7.56434170787  5.92787350749  -0.056590108949
1.5631616159  584  24  23.9957932455  6.37954377712  -0.0155789731972
1.5631616159  584  40  40.4986685242  6.60138649824  0.00678295054973
1.5631616159  585  57  57.1666480539  6.94436270168  -0.0234859702519
1.5631616159  586  74  73.884709396  7.15060682842  -0.030827147862
1.5631616159  587  91  90.7636805769  7.28529029639  -0.0274816330102
1.5631616159  587  108  107.830565171  7.44318287299  -0.0171202821356
1.5631616159  588  125  124.993432098  7.73134495145  -0.0031737245087
1.5631616159  589  142  142.248813993  8.52658181686  0.0167725185096
1.5631616159  589  160  159.582385455  8.75910165655  -0.00221503519501
1.5631616159  590  177  177.185941296  10.0369018811  0.017108043099
1.5631616159  590  195  194.871737133  10.9516150953  0.017860399278
1.5631616159  591  213  212.688203977  12.5608079661  0.000356820623423
1.5631616159  591  231  230.680816557  14.2804295181  0.00118487774788
1.5631616159  592  249  248.979581402  16.8715104799  0.00824780403677
1.5631616159  592  267  267.394288145  0.248723189036  0.0271499294262
1.5631616159  593  287  285.869519596  23.6996752249  -0.0299800395633
1.5631616159  593  305  305.609783296  29.1412299581  0.0343844996857
1.5631616159  594  325  325.172310677  32.6141337136  0.0194384903446
1.5631616159  594  345  345.108220779  0.411535682656  0.0171409816613
1.5631616159  594  365  365.13183633  29.4589223565  0.0372798454107
1.5631616159  595  385  384.569326296  23.8007174041  -0.00368333199206
1.5631616159  595  404  404.538960614  0.290772192438  0.0396514516357
1.5631616159  595  424  424.342434075  21.3795086144  0.0411052529824
1.5631616159  595  444  444.236408028  19.2888713853  0.0324597674159
1.5631616159  596  464  464.360677456  18.8958001473  0.0386596721088
1.5631616159  596  484  484.494544123  17.6409738629  0.0427015620465
1.5631616159  596  505  504.905802326  17.3475680876  0.0207191313569
1.5631616159  596  525  525.797872845  18.0812532234  0.0435404636989
1.5631616159  596  547  546.514750181  17.459251776  0.00374011788625
1.5631616159  596  568  567.909214232  18.0895455073  0.0175920259315
1.5631616159  596  589  589.580165853  19.9327165741  0.0309049721467
1.5631616159  596  612  611.38703232  21.8271630666  -0.000977357354163
1.5631616159  595  634  634.153789493  0.319879249274  0.0199848388511
1.5631616159  595  658  657.057932906  27.4914820837  0.00673841748868
1.5631616159  595  681  681.459984609  31.4514668809  0.0353412223596
1.5631616159  595  705  705.599547588  30.5322920993  0.0416350943207
1.5631616159  594  730  729.795818823  26.7315572553  0.0174063313842
1.5631616159  594  754  754.296447971  22.4771421579  0.0225843678787
1.5631616159  593  778  778.781018024  0.240595993972  0.0263417177987
1.5631616159  593  803  803.131891907  17.4423398434  0.0087140588634
1.5631616159  592  828  828.060413015  15.5578315021  0.00520468546214
1.5631616159  592  853  853.184365455  14.3173334362  0.00743523138352
1.5631616159  591  878  878.710009226  13.9438334667  0.0177721217059
1.5631616159  590  904  904.362659087  13.0948177142  0.0306282609901
1.5631616159  589  931  930.612420194  12.3921150125  -0.00179309145196
1.5631616159  588  957  957.278257387  12.3997896411  0.0250736880243
1.5631616159  587  984  984.228508881  12.6240862009  0.0273581563947
1.5631616159  586  1012  1012.2813831  0.0638530179843  -6.25885470061
1.7410316159  582  8  7.54839648918  5.95453404969  -0.0604135579371
1.7410316159  583  24  23.9981812828  6.38460808086  -0.0141346668411
1.7410316159  584  41  40.5678454917  6.73052999033  -0.0365067285954
1.7410316159  584  57  57.1822022706  6.89908957544  -0.0173815750485
1.7410316159  585  74  73.8917422517  7.17402447326  -0.0304316903351
1.7410316159  586  91  90.7888696693  7.21367791066  -0.0322911347711
1.7410316159  586  108  107.848729873  7.46715253057  -0.014421630143
1.7410316159  587  125  125.039773104  7.70158088198  0.000541849148694
1.7410316159  588  142  142.262781605  8.367457837  0.00471911460992
1.7410316159  588  160  159.610648255  8.73127397822  0.00220370843821
1.7410316159  589  177  177.187181836  10.0405381375  0.0181930443536
1.7410316159  589  195  194.891578028  11.237244217  0.00994752072631
1.7410316159  590  213  212.6570354  12.5344073802  0.004438357958
1.7410316159  590  231  230.706239609  14.3608470145  0.00130701695177
1.7410316159  591  249  249.025944161  16.9401460321  0.0134324288373
1.7410316159  591  267  267.410446642  21.3385803265  0.0
1.7410316159  592  287  285.844666453  23.157349706  -0.0307786845796
1.7410316159  592  305  305.542214474  29.0277353451  0.0344199753687
1.7410316159  593  325  325.394096799  32.2207474869  0.026891064799
1.7410316159  593  345  345.001918924  34.505224324  0.0216567256633
1.7410316159  593  365  365.178238699  0.385959889752  0.030279999314
1.7410316159  594  385  384.579370012  24.1471186135  0.00135471563964
1.7410316159  594  403  404.972149896  26.0919671599  0.101237997664
1.7410316159  594  424  424.402193927  0.267758659927  0.0427413646514
1.7410316159  594  444  444.395432578  19.3015094229  0.0368119916104
1.7410316159  595  464  464.337061578  18.4506282995  0.037369829304
1.7410316159  595  484  484.56568557  17.4511555301  0.0398911749505
1.7410316159  595  505  505.139556258  17.379119495  0.0262212604227
1.7410316159  595  525  525.933875226  18.0286892043  0.04665334876
1.7410316159  595  547  546.681891665  17.5321180603  0.0111814493936
1.7410316159  595  568  567.926835817  17.9364723537  0.016444348155
1.7410316159  595  589  589.821498403  20.1276105934  0.039246016264
1.7410316159  595  612  611.604982189  21.7055025577  0.00633715025749
1.7410316159  594  634  634.169411049  26.2392046983  0.0193165315725
1.7410316159  594  658  657.155537522  27.4650326294  0.00422047360723
1.7410316159  594  681  681.435822267  32.2773856358  0.0341395649457
1.7410316159  594  705  705.798428339  31.0179496122  0.0478686835674
1.7410316159  593  729  730.31253839  0.367303032469  0.0501395054939
1.7410316159  593  754  754.46161411  0.274269277653  0.0247201938666
1.7410316159  592  778  778.928870283  19.6685850237  0.0298547489791
1.7410316159  592  803  803.253942977  17.4508196466  0.00815365991323
1.7410316159  591  828  828.205129044  15.7795274891  0.00689088509755
1.7410316159  591  853  853.432130697  14.9609767628  0.0135129015392
1.7410316159  590  879  878.805607691  13.3472424118  0.00231422411715
1.7410316159  589  904  904.518968742  12.9719456713  0.0315380891524
1.7410316159  588  931  930.767185716  12.3777801545  -0.00457541703556
1.7410316159  587  957  957.414864003  12.5305979222  0.0280626158095
1.7410316159  586  984  984.37638456  12.5947019186  0.0259506051338
1.7410316159  585  1012  1012.27032579  0.322343722206  -6.3217604772
1.9189016159  581  8  7.56323055009  6.05944625964  -0.0647603569266
1.9189016159  582  24  24.027889062  6.45311211704  -0.0131506736849
1.9189016159  583  40  40.5805744911  6.7538052247  0.00679668503532
1.9189016159  583  57  57.1896497897  6.95444459672  -0.0194877281371
1.9189016159  584  74  73.9375862335  7.21236244603  -0.0304436373184
1.9189016159  585  91  90.839968112  7.26484280172  -0.020448652698
1.9189016159  585  108  107.859151972  7.43233815789  -0.0186396530876
1.9189016159  586  125  125.028499511  7.70504160799  -0.00132762415809
1.9189016159  587  142  142.301392426  8.45733340866  0.015949780113
1.9189016159  587  160  159.644048505  8.6784872773  -0.00406332655519
1.9189016159  588  177  177.238612602  10.0797126353  0.0192507022989
1.9189016159  588  195  194.880090334  10.8980746288  0.0129676233318
1.9189016159  589  213  212.671005457  12.4671599547  0.00485443511006
1.9189016159  590  231  230.747963192  14.3160243947  0.00133948611527
1.9189016159  590  249  249.028395992  16.861817377  0.00908269419668
1.9189016159  590  267  267.448696485  0.255773980973  0.0254739675893
1.9189016159  591  287  286.061277901  23.7016646394  -0.020403821535
1.9189016159  591  305  305.540405334  29.7646430964  0.0256230938206
1.9189016159  592  325  325.44154217  31.3810173386  0.049467812785
1.9189016159  592  344  345.614634454  0.847544835314  0.0685107908343
1.9189016159  592  365  365.083472867  30.1501473372  0.0322393343588
1.9189016159  593  385  384.64452464  26.2273022428  0.0121987939822
1.9189016159  593  405  404.445048068  23.0782139864  0.00459757436539
1.9189016159  593  425  425.309068851  0.337994104224  -7.74113534257
1.9189016159  593  444  444.502260529  19.5523729785  0.0408226732898
1.9189016159  594  464  464.455034296  18.4125066182  0.0395164470399
1.9189016159  594  485  484.549108882  17.2516915188  0.00778595600972
1.9189016159  594  505  505.248468783  0.207726240987  0.0308585785542
1.9189016159  594  526  525.847615266  16.855874058  0.0166771143159
1.9189016159  594  547  546.737227102  17.3272480511  0.0144678872891
1.9189016159  594  568  567.949564617  18.8787947522  0.0164823636167
1.9189016159  594  590  589.611675835  20.0138690376  0.00511302840366
1.9189016159  594  612  611.658763404  21.9364457786  0.00927081657504
1.9189016159  594  634  634.286210901  25.6980023369  0.0225453773943
1.9189016159  593  658  657.219775509  27.3635538885  0.00239096177495
1.9189016159  593  681  681.388710108  32.685641742  0.0385208535106
1.9189016159  593  705  706.064282597  0.42835441384  0.0509075664287
1.9189016159  592  729  730.418677282  0.366603301709  0.0508032178003
1.9189016159  592  754  754.605135186  22.7098284397  0.0259503938638
1.9189016159  591  778  779.026196075  20.1989856307  0.0379869211516
1.9189016159  591  803  803.451949487  17.383593209  0.011266880398
1.9189016159  590  828  828.382226646  15.9049308443  0.00815473679483
1.9189016159  590  853  853.522331769  14.919607562  0.0180470800426
1.9189016159  589  879  878.970844807  13.2796117198  0.00534603683205
1.9189016159  588  904  904.637367072  12.84371075  0.0327937489013
1.9189016159  587  931  930.883603947  12.1585990131  0.00444096960031
1.9189016159  586  957  957.507674938  12.3866591761  0.0237229385088
1.9189016159  585  984  984.484014255  12.7389021447  0.0300330578661
1.9189016159  584  1012  1011.95347128  11.9690119376  0.0623693020229
2.0967716159  580  8  7.58650599448  5.96778597355  -0.0677853999118
2.0967716159  581  24  24.0743763761  6.49896302711  -0.00709997473651
2.0967716159  582  40  40.5975487685  6.74878125855  0.00761684810454
2.0967716159  582  57  57.2379061467  6.88193153837  -0.00980752236291
2.0967716159  583  74  73.9607847672  7.06198444264  -0.0316246105349
2.0967716159  584  91  90.8665080857  7.18611006281  -0.0234112520438
2.0967716159  584  108  107.883123648  7.26612126393  -0.00851891449597
2.0967716159  585  125  125.042905828  7.72811221359  -0.00307088952306
2.0967716159  586  142  142.357122301  8.45174975198  0.0169010531722
2.0967716159  586  160  159.713388614  8.70905431868  0.00834462411104
2.0967716159  587  177  177.236993856  10.0767324044  0.0182559225854
2.0967716159  587  195  194.917157542  10.9987180171  0.0130117587162
2.0967716159  588  213  212.719951239  12.6076786954  0.00370949142554
2.0967716159  589  231  230.616838947  14.6028206966  0.00412732798077
2.0967716159  589  249  249.038363232  16.7774436348  0.00997039202702
2.0967716159  590  267  267.511941228  21.2404007594  0.0226896411401
2.0967716159  590  287  286.20654434  23.7526294817  -0.0140501892934
2.0967716159  590  306  305.429768081  27.2109352935  0.00663097221098
2.0967716159  591  325  325.601035221  35.1595829663  0.0335691440493
2.0967716159  591  345  345.344766167  35.3588822806  0.0296167633873
2.0967716159  592  365  365.194969381  27.9081780844  0.0292183483086
2.0967716159  592  384  385.367233168  0.440439950267  0.0740907211808
2.0967716159  592  405  404.594695613  21.5306375536  0.00321393593696
2.0967716159  592  424  424.57114817  0.265296491582  0.043011886174
2.0967716159  592  445  444.093514801  18.0465309969  -0.000371482279282
2.0967716159  593  464  464.552859799  18.3026053341  0.0447677428977
2.0967716159  593  485  484.590932584  17.3699721473  0.0108557601019
2.0967716159  593  505  505.225833568  17.0494547493  0.0304098463764
2.0967716159  593  526  525.958852633  16.998655829  0.0189299948279
2.0967716159  593  547  546.850827677  17.1799230321  0.0165702840906
2.0967716159  593  568  568.109155936  18.8367111629  0.0210353224547
2.0967716159  593  590  589.616026258  19.861082626  0.00577056793995
2.0967716159  593  612  611.705315353  21.9616055401  0.00883869248914
2.0967716159  593  635  634.245299601  25.345291382  -0.00945671466171
2.0967716159  592  657  657.455894856  29.6191352533  0.0361696122956
2.0967716159  592  681  681.549884568  32.911893196  0.0405507975511
2.0967716159  592  706  705.73449892  28.2240215952  0.0174569978942
2.0967716159  591  729  730.491271738  27.330013821  0.0554596952715
2.0967716159  591  754  754.652272115  23.0489313264  0.0292842117189
2.0967716159  590  778  779.179665405  19.2581711422  0.0322334745312
2.0967716159  590  803  803.507722391  17.6095289965  0.0141585175689
2.0967716159  589  828  828.443447131  15.8234558081  0.0130784919127
2.0967716159  589  853  853.745441482  15.3643269274  0.0125225700595
2.0967716159  588  879  879.050291  13.8060284332  0.012661797081
2.0967716159  587  905  904.660113485  12.7303270643  0.0215268831185
2.0967716159  586  931  931.006182682  12.1354138464  0.00222495611509
2.0967716159  585  958  957.559385875  12.2662606306  0.0120723938725
2.0967716159  584  984  984.614774829  12.6055622662  0.0276859344425
2.0967716159  583  1012  1012.08822893  12.1220461155  0.0629410971535
