# Band 2C   Etalon 1A   Slice 3
# Distortion map version 06.04.00 - date 2018-10-09
# Trace (isoalpha): Take pixel trace along specified slice, specified alpha position trace is built by taking the pixel in every detector row with alpha value closest to the one specified 
# xpos[i] = np.argmin(alpha_img[i,:])+funcs.find_nearest(alpha_img[i,:][(slice_img[i,:]!=0)],alpha_pos)
#    alpha       x  y      center         FWHM          skewness
0.0  649  6  5.64730173352  5.64196878902  -0.139199066985
0.0  649  22  22.0597726015  6.38901399662  -0.0123291414145
0.0  650  38  38.4779787184  6.60304734014  -0.00111511424529
0.0  651  55  54.967013465  6.85127125954  -0.0264351024405
0.0  652  72  71.591478545  7.00695918131  -0.0402652855392
0.0  652  88  88.4185990447  7.2039301618  -0.00060892005878
0.0  653  105  105.329849656  7.51831724684  -0.00387278871064
0.0  654  122  122.369648824  8.11373143009  0.0115549375509
0.0  654  140  139.439914574  8.2599964489  -0.0102739041221
0.0  655  157  156.737718157  8.82422093871  0.00178623665136
0.0  656  174  174.209668435  9.91698306532  0.0182211293375
0.0  656  192  191.666393089  11.2752035612  0.00274455516012
0.0  657  210  209.443814615  12.0289952017  0.00240041401692
0.0  657  227  227.389701737  14.4837659432  0.0302877790926
0.0  658  245  245.540216797  0.205560943215  0.031601388312
0.0  658  264  263.888955591  19.8090016038  0.00404684731483
0.0  659  283  282.558100054  23.8124502818  -0.0047761564463
0.0  659  302  301.656915033  27.641568184  0.0040457250815
0.0  660  321  321.679092797  32.5418343844  0.0327433644914
0.0  660  341  341.318103912  0.353928508818  0.0184212815769
0.0  660  360  360.939200699  27.2339614615  0.0572864578139
0.0  661  379  380.581742265  0.746371073229  0.0938732777081
0.0  661  400  399.47158593  20.8252901142  0.00681859093702
0.0  661  419  419.212121138  20.5379245213  0.0352634374488
0.0  661  439  438.910207717  19.2076531739  0.0250729979324
0.0  662  459  458.769526356  18.0388212146  0.0187648695536
0.0  662  479  478.801483879  17.489034558  0.0157360675752
0.0  662  499  499.111183495  17.4019712674  0.0250910150374
0.0  662  520  519.481609647  16.9617752674  0.00646083431926
0.0  662  541  540.466454496  17.653801677  0.00396758590593
0.0  662  561  561.725973436  19.5130055615  0.0386375026328
0.0  662  583  583.038008031  21.2176642933  0.0179716930683
0.0  662  605  605.074845119  23.5765797787  0.0165597657716
0.0  662  627  627.776965141  28.5316396551  0.042046776783
0.0  661  651  650.903525381  31.1096970376  0.0199647412776
0.0  661  675  674.767378591  31.4377735293  0.0276708170325
0.0  661  699  698.823724554  27.3272948248  0.0237941586334
0.0  660  723  722.811571356  23.2156017603  0.0158690904443
0.0  660  747  746.796849725  20.2824828819  0.00907129433365
0.0  660  771  770.75026398  17.8997214737  0.00925094480779
0.0  659  795  795.373932225  15.9691526186  0.012697622304
0.0  658  820  819.979693797  14.7843061117  0.0068879400563
0.0  658  845  844.781413274  13.6903321942  0.00254569772766
0.0  657  870  870.23251811  13.3325274114  0.0134480791147
0.0  656  896  895.687704815  12.6098716099  0.0182750486571
0.0  655  922  921.82860222  12.4589263611  0.00684067019898
0.0  654  948  948.241878314  12.5070567923  0.0223944063556
0.0  653  975  974.978731542  12.8218512334  0.028007665268
0.0  652  1002  1002.18521628  12.6871527233  0.0277829179589
-1.75786659736  658  6  5.68126296921  5.52066945088  -0.14582433728
-1.75786659736  659  22  22.1283471687  6.26425681244  -0.00175851094463
-1.75786659736  659  38  38.5164701163  6.54555985627  0.00514874390705
-1.75786659736  660  55  54.9676177174  6.7180175723  -0.0218264539038
-1.75786659736  661  71  71.6266225615  6.88743841707  -0.00384936478066
-1.75786659736  662  88  88.385884773  7.16240418107  -0.00599677825726
-1.75786659736  662  105  105.281357093  7.40448609717  0.00819158581102
-1.75786659736  663  122  122.276761065  7.78425194391  0.00641729697601
-1.75786659736  664  139  139.433185737  8.58378973902  0.0218375942944
-1.75786659736  664  157  156.661845878  8.81640509096  0.00482070418865
-1.75786659736  665  174  174.138876279  9.7038335055  0.0237870528374
-1.75786659736  665  191  191.684509512  11.2918486125  0.0376679187742
-1.75786659736  666  209  209.461672078  12.6108213547  0.0343692183606
-1.75786659736  667  227  227.318597874  14.8009399422  0.0296652391394
-1.75786659736  667  245  245.507466936  0.210328434946  0.0317176754092
-1.75786659736  668  264  263.80850897  20.6057227573  0.00612306691778
-1.75786659736  668  283  282.514240637  23.5143381981  -0.0032586726925
-1.75786659736  668  301  301.771319121  0.385938996453  0.0487466682158
-1.75786659736  669  321  321.289126313  31.4717317477  0.026184365526
-1.75786659736  669  341  339.270262724  0.377787052307  -10.5108863192
-1.75786659736  670  360  360.23608136  25.2049440761  0.026648105519
-1.75786659736  670  379  379.781730781  26.1345922935  0.0489609986787
-1.75786659736  670  399  399.193415908  22.5698065538  0.0315042162145
-1.75786659736  670  419  418.581434653  18.9591819398  0.0176862371898
-1.75786659736  671  438  438.356046531  19.6591676494  0.0383007261766
-1.75786659736  671  459  458.093538192  17.8659115378  0.00198043045971
-1.75786659736  671  478  478.38355779  18.0571301483  0.0365743737308
-1.75786659736  671  499  498.542912958  17.4677183466  0.00932001074832
-1.75786659736  671  519  519.12817852  17.96414633  0.0226044461937
-1.75786659736  671  540  539.945315962  18.469314291  0.0188736631071
-1.75786659736  671  561  561.193872018  20.355114235  0.0224069863602
-1.75786659736  671  583  582.491508594  21.8025654226  0.00132997494161
-1.75786659736  671  605  604.496827877  24.3608798224  0.00700425891262
-1.75786659736  671  628  626.799771417  28.1925995819  -0.00940730240709
-1.75786659736  671  652  651.309437949  0.31931032154  -8.14191666141
-1.75786659736  670  675  673.972996911  26.7371288705  -0.0107950388581
-1.75786659736  670  698  698.211309825  26.6348934938  0.0322823357373
-1.75786659736  670  722  721.941500151  0.274430420487  0.0249237206485
-1.75786659736  669  746  745.931333979  19.5559204552  0.00916780481559
-1.75786659736  669  770  769.955092902  17.567898972  0.010930785885
-1.75786659736  668  794  794.508734672  16.0114653895  0.016777187123
-1.75786659736  668  819  818.919373009  14.9113594238  0.00779913685028
-1.75786659736  667  844  844.000408676  13.4694674123  0.00995778581796
-1.75786659736  666  869  869.407499176  13.1442614226  0.0154415485921
-1.75786659736  666  895  894.792360094  13.4299264086  0.0214393695998
-1.75786659736  665  921  920.847005359  12.7472628581  0.00204503470029
-1.75786659736  664  947  947.238845325  13.119888735  0.0271457132857
-1.75786659736  663  974  973.989745595  13.010807953  0.0237381930551
-1.75786659736  662  1001  1001.26100698  13.2004716591  0.0310629259096
-1.57999659736  657  6  5.72571977569  5.54868041674  -0.13841173128
-1.57999659736  658  22  22.1090144063  6.31198118606  -0.00955692421221
-1.57999659736  659  38  38.4851801626  6.59569431982  0.00584164564681
-1.57999659736  659  55  54.9889836641  6.79488763765  -0.0271648327713
-1.57999659736  660  71  71.6372449541  6.91219675372  -0.00392506666033
-1.57999659736  661  88  88.3999240859  7.23671562882  -0.000774928921819
-1.57999659736  661  105  105.294665157  7.4000758883  -0.00253175204241
-1.57999659736  662  122  122.309789575  7.78137618652  0.0067487765846
-1.57999659736  663  139  139.471667649  8.53670488444  0.0235744840099
-1.57999659736  663  157  156.652185743  8.80973707126  -3.38373610237e-05
-1.57999659736  664  174  174.150969843  9.91928184202  0.0215123194083
-1.57999659736  665  192  191.595390645  10.8155901706  0.00852648871131
-1.57999659736  665  209  209.392616487  12.3470950826  0.0306959853153
-1.57999659736  666  227  227.254441422  14.1852009272  0.0211009883278
-1.57999659736  666  245  245.334111535  17.1107540313  0.0249552392151
-1.57999659736  667  264  263.736006718  20.710195332  0.00426429907996
-1.57999659736  667  283  282.276169668  23.9389898854  -0.0185678656653
-1.57999659736  668  302  301.693876134  27.3213119256  0.0135869262344
-1.57999659736  668  321  321.282575857  31.9825632799  0.0272998313713
-1.57999659736  668  341  339.286664911  0.400046968255  -11.4141023638
-1.57999659736  669  361  360.119455318  25.591719352  -0.0184501751451
-1.57999659736  669  379  380.16663782  26.6234526481  0.0679276415971
-1.57999659736  669  399  399.348861953  0.282112309414  0.0406835586764
-1.57999659736  670  419  418.827511838  20.3622161211  0.0162454096838
-1.57999659736  670  439  438.365960296  19.0084594458  0.00687383122625
-1.57999659736  670  459  459.28092616  0.104151839449  -7.24269828214
-1.57999659736  670  479  479.29208397  0.408659817219  -7.12481894647
-1.57999659736  670  499  498.596786078  17.1203122868  0.0147918894587
-1.57999659736  670  519  519.194861566  17.6898312013  0.0229514635477
-1.57999659736  670  540  540.025875839  18.1411194546  0.023571814994
-1.57999659736  670  561  561.190846867  19.9372096161  0.0243976211265
-1.57999659736  670  583  582.574982731  21.6058154818  0.00206997324782
-1.57999659736  670  605  604.526872128  24.1268824581  0.00344170878173
-1.57999659736  670  628  626.695321759  26.9352474576  -0.0130638640891
-1.57999659736  670  651  650.29528982  28.6586814471  0.0102773072989
-1.57999659736  669  674  674.22046512  30.983111202  0.0321579153989
-1.57999659736  669  698  698.426162439  27.3707259081  0.0366099980885
-1.57999659736  669  722  722.235421845  22.8725528546  0.0260996490439
-1.57999659736  668  746  746.135737838  19.877986153  0.0157766454097
-1.57999659736  668  770  770.289474062  17.560044853  0.0158253171067
-1.57999659736  667  794  794.661954224  16.452667467  0.0248229709542
-1.57999659736  667  819  819.221569727  14.6508173244  0.00878870430024
-1.57999659736  666  844  844.126424725  13.6851607424  0.00800580371111
-1.57999659736  665  869  869.481478785  13.4524560058  0.0207090131147
-1.57999659736  665  895  894.867560338  12.8826122043  0.0186025491547
-1.57999659736  664  921  920.933193878  12.3875344988  0.00950452635774
-1.57999659736  663  948  947.277437874  12.6163387667  0.0083338984481
-1.57999659736  662  974  974.150654981  12.843504261  0.0305814750297
-1.57999659736  661  1001  1001.3577948  12.915386351  0.0307716943874
-1.40212659736  656  6  5.67423616  5.56772847545  -0.140933075423
-1.40212659736  657  22  22.1108719278  6.37279392944  -0.00682633715314
-1.40212659736  658  38  38.5061099766  6.61856483695  0.00037128954112
-1.40212659736  658  55  54.9802855092  6.75128748741  -0.0211521994448
-1.40212659736  659  71  71.6682515396  6.91022717395  0.00217944940261
-1.40212659736  660  88  88.4043770481  7.19582125193  -0.00841171534954
-1.40212659736  660  105  105.227204437  7.39279493658  -0.0032898564911
-1.40212659736  661  122  122.348038518  7.74421466851  0.00974827317707
-1.40212659736  662  139  139.454055826  8.53225366336  0.0221598720551
-1.40212659736  662  157  156.650321837  8.67927654035  0.0053745061955
-1.40212659736  663  174  174.106912801  9.8912864548  0.0179011849868
-1.40212659736  664  192  191.600789528  10.624131052  0.00323040754315
-1.40212659736  664  209  209.388480722  12.4051445907  0.0292490983204
-1.40212659736  665  227  227.309416449  14.2922364378  0.0297167092512
-1.40212659736  665  245  245.372933782  0.205581515362  0.0329190995105
-1.40212659736  666  264  263.665352137  20.1719331057  -0.000906866996288
-1.40212659736  666  283  282.268275996  23.9620634597  -0.0153338480778
-1.40212659736  667  302  301.562146507  29.1664388825  0.0120304685354
-1.40212659736  667  321  321.265459389  31.8807897745  0.018257478174
-1.40212659736  667  341  321.28098989  73.1273738831  -86.966321682
-1.40212659736  668  361  360.314080379  26.1149779402  -0.0142463807884
-1.40212659736  668  379  380.450382256  0.432878414662  0.0790838750278
-1.40212659736  668  399  399.46001393  22.6971531811  0.0492691417178
-1.40212659736  669  419  418.840433303  0.250285135569  0.027265522934
-1.40212659736  669  439  438.498431487  18.9267469857  0.0104033818005
-1.40212659736  669  459  458.362647535  17.7867860134  0.00847079295935
-1.40212659736  669  479  478.394940231  17.4047974139  0.0104316349225
-1.40212659736  669  499  498.785265939  17.0590238293  0.018957947258
-1.40212659736  669  519  519.240110917  17.3748906159  0.025211801009
-1.40212659736  669  540  540.103997354  17.8896746628  0.0247626079826
-1.40212659736  669  561  561.258497031  19.5764709506  0.0245808955237
-1.40212659736  669  583  582.677196916  21.6781909982  0.00813838098906
-1.40212659736  669  605  604.599925323  23.6677609986  0.0054277048334
-1.40212659736  669  628  626.855340446  26.3517241957  -0.00791639212547
-1.40212659736  669  651  650.249541165  29.3585868799  0.00859826227178
-1.40212659736  669  674  674.642693466  31.5579684391  0.0419097584696
-1.40212659736  668  698  698.583502589  28.5855786264  0.0410098184206
-1.40212659736  668  722  722.379568499  23.1559127884  0.0318258456906
-1.40212659736  667  746  746.282130892  20.1178024867  0.0195958991047
-1.40212659736  667  770  770.425770322  17.88337024  0.0180219259678
-1.40212659736  666  794  794.752111905  15.8781090196  0.0227559103683
-1.40212659736  666  819  819.263431696  14.5708526168  0.00839652257514
-1.40212659736  665  844  844.257821356  13.6980769529  0.0106242965622
-1.40212659736  664  869  869.623886786  13.2257362749  0.0184442439433
-1.40212659736  664  895  894.971257303  12.6541805573  0.0248927010521
-1.40212659736  663  921  921.040311324  12.299218466  0.00671481216557
-1.40212659736  662  947  947.471969772  12.5384892032  0.0268528985249
-1.40212659736  661  974  974.178462677  13.2122968102  0.0267017683994
-1.40212659736  660  1002  1002.31139121  0.371243365494  -5.91441719042
-1.22425659736  655  6  5.68081805208  5.60364190405  -0.141163891492
-1.22425659736  656  22  22.1130164362  6.34425052824  -0.00490630423818
-1.22425659736  657  38  38.4900844601  6.64881374712  0.00514477078379
-1.22425659736  657  55  54.9934575865  6.81934603343  -0.027893558238
-1.22425659736  658  72  71.6120464896  7.00766051518  -0.0362744513288
-1.22425659736  659  88  88.4023186078  7.22835579288  -0.00590900289907
-1.22425659736  660  105  105.28607517  7.37511180786  -0.00398395192004
-1.22425659736  660  122  122.34086861  7.7258050897  0.0109647195202
-1.22425659736  661  139  139.4921452  8.51626009422  0.0238027512557
-1.22425659736  662  157  156.721199122  8.86380686402  0.00517150039438
-1.22425659736  662  174  174.097104041  9.97792994908  0.0179425647902
-1.22425659736  663  192  191.645493389  10.6617751103  0.00669447793747
-1.22425659736  663  209  209.40776382  12.459884769  0.030670658978
-1.22425659736  664  227  227.339533733  14.3012301725  0.027634824379
-1.22425659736  664  245  245.357887552  16.8049363782  0.0296289547826
-1.22425659736  665  264  263.65325614  20.0799867594  -0.00448226689299
-1.22425659736  665  283  282.329340398  24.1112829115  -0.0131521932537
-1.22425659736  666  302  301.579328722  28.2678161889  0.00340714020698
-1.22425659736  666  321  321.125798218  32.9760082435  0.0130703641075
-1.22425659736  666  341  340.942408589  32.0606726875  0.013280098804
-1.22425659736  667  361  360.450070226  26.0005935309  -0.00672547754362
-1.22425659736  667  380  379.945108615  23.0245929833  0.0124153391437
-1.22425659736  667  399  399.459728026  22.8631837202  0.0506793449194
-1.22425659736  668  419  418.829141846  20.3967467028  0.0218304602308
-1.22425659736  668  439  438.497448898  18.3090206652  0.0122972729618
-1.22425659736  668  458  458.536309018  18.071601494  0.0455177500369
-1.22425659736  668  479  478.385429538  17.3161786947  0.010898574633
-1.22425659736  668  499  498.803089553  17.2241616733  0.016897829177
-1.22425659736  668  519  519.331580108  17.3021688192  0.0274904468318
-1.22425659736  668  540  540.264187307  0.21416844865  0.029560627028
-1.22425659736  668  561  561.246345323  19.4899653698  0.022409297074
-1.22425659736  668  583  582.679466516  21.4688494337  0.00875032999665
-1.22425659736  668  605  604.745183246  23.6428485876  0.0112089237914
-1.22425659736  668  627  627.328198824  28.0990042672  0.0254032750272
-1.22425659736  668  651  650.491407995  30.9339652602  0.00897967085879
-1.22425659736  668  675  674.282397296  28.2840453537  0.0116847679304
-1.22425659736  667  698  698.505865595  26.2594825359  0.036084334351
-1.22425659736  667  721  722.727723293  0.328287577806  0.0658505082216
-1.22425659736  666  746  746.369939444  20.0375611945  0.0174096269545
-1.22425659736  666  770  770.485559435  18.0789771056  0.0194451475751
-1.22425659736  666  794  794.82259969  16.0031376488  0.0245331633493
-1.22425659736  665  819  819.375730787  14.6366380708  0.0110843532523
-1.22425659736  664  844  844.383006457  13.7061747451  0.0123997660945
-1.22425659736  664  869  869.613842955  13.202199853  0.0191373914498
-1.22425659736  663  895  895.053695456  12.5865260015  0.0245919686295
-1.22425659736  662  921  921.145367155  12.2845111062  0.00961369477839
-1.22425659736  661  947  947.58987132  12.4595940459  0.028564299212
-1.22425659736  660  974  974.26848286  13.2232569671  0.0291864791965
-1.22425659736  659  1002  1002.30775308  0.375185600611  -5.94815343139
-1.04638659736  654  6  5.65831779688  5.6340689722  -0.140820160166
-1.04638659736  655  22  22.1116884564  6.35841369911  -0.00627033868232
-1.04638659736  656  38  38.4676289581  6.59619979101  -0.003574939087
-1.04638659736  656  55  54.9527184796  6.79297558489  -0.0247559621981
-1.04638659736  657  72  71.6225640649  7.06503471189  -0.0342697958125
-1.04638659736  658  88  88.4177204341  7.23563517218  -0.00375400210217
-1.04638659736  659  105  105.259480872  7.45404421268  -0.0015070723353
-1.04638659736  659  122  122.314258583  7.71651969083  0.00732175699013
-1.04638659736  660  139  139.504866581  8.46701178409  0.0264610508628
-1.04638659736  661  157  156.26065023  0.0554427863428  -7.38990485617
-1.04638659736  661  174  174.15978866  9.93148866526  0.0200991399619
-1.04638659736  662  192  191.640794095  10.6535329273  0.00367158070752
-1.04638659736  662  209  209.483377701  12.3104485065  0.0351067182969
-1.04638659736  663  227  227.33969686  14.3283455832  0.0288356770653
-1.04638659736  663  245  245.360571579  16.9332719637  0.0261132961733
-1.04638659736  664  264  263.62619609  20.1187527286  -0.00702240332897
-1.04638659736  664  282  282.519287807  23.9038866994  0.0359275542781
-1.04638659736  665  301  301.943032499  0.40064991032  0.0469302265518
-1.04638659736  665  321  321.399363182  32.8055756491  0.0220223885289
-1.04638659736  666  341  321.955241645  70.4350831775  -72.8033519716
-1.04638659736  666  360  360.842696685  28.9707363911  0.0523776999115
-1.04638659736  666  380  379.901210369  23.202768187  0.0131131438545
-1.04638659736  666  399  399.489349549  22.4947789591  0.0535513567163
-1.04638659736  667  419  418.806585059  19.301284428  0.0146188637555
-1.04638659736  667  438  438.748654871  19.3450104639  0.0520289144946
-1.04638659736  667  459  458.376544846  18.0786065822  0.00797553281223
-1.04638659736  667  479  478.428899947  17.300338146  0.0088863140032
-1.04638659736  667  499  498.923638214  17.0609673446  0.019083723037
-1.04638659736  667  519  519.445128629  16.9619599807  0.0371906589117
-1.04638659736  667  540  540.33166186  17.5320119775  0.0338025622648
-1.04638659736  667  561  561.424343957  19.520822263  0.0267071544568
-1.04638659736  667  583  582.736104598  21.0804641462  0.00740198537069
-1.04638659736  667  605  604.767334217  23.4305763517  0.0124557629109
-1.04638659736  667  628  627.069832147  26.3517149048  -0.00416858849421
-1.04638659736  667  651  650.787126387  28.7776017452  0.0222573179607
-1.04638659736  667  674  674.516601002  30.8798170502  0.0407054026899
-1.04638659736  666  698  698.702842389  27.5526597214  0.0395689676683
-1.04638659736  666  722  722.453459432  23.104213488  0.0298117662193
-1.04638659736  666  746  746.386536105  20.2215802193  0.0223315860724
-1.04638659736  665  770  770.615363338  17.9688222804  0.0256406202885
-1.04638659736  665  794  794.933346679  16.0737580337  0.0215498281284
-1.04638659736  664  819  819.484151329  14.744378867  0.0159637979601
-1.04638659736  663  844  844.523833849  13.7274020386  0.0203552202193
-1.04638659736  663  869  869.719920965  13.2850417453  0.016465388606
-1.04638659736  662  895  895.154132592  12.6696544299  0.0279806444127
-1.04638659736  661  921  921.276434184  12.3127348389  0.0107870839681
-1.04638659736  660  948  947.620134183  12.3709182041  0.0129545199737
-1.04638659736  659  974  974.383488952  13.0638141851  0.0290421913219
-1.04638659736  658  1002  1001.58328158  12.8376480153  0.020835624836
-0.868516597363  653  6  5.63716947761  5.68444312039  -0.148842972119
-0.868516597363  654  22  22.1089299563  6.34453727383  -0.00617465122768
-0.868516597363  655  38  38.5051376605  6.61454396005  0.00133794847094
-0.868516597363  656  55  55.0158961679  6.81577550834  -0.025983656377
-0.868516597363  656  71  71.6787527835  7.05513075014  0.00525373264045
-0.868516597363  657  88  88.4228398045  7.23269566866  -0.00472278788764
-0.868516597363  658  105  105.293251471  7.39064465634  -0.0024800927429
-0.868516597363  658  122  122.330009725  7.74989737473  0.0118390954425
-0.868516597363  659  139  139.511249771  8.45725522994  0.0290691376793
-0.868516597363  660  157  156.254461681  0.277424192179  -7.9324504856
-0.868516597363  660  174  174.140556588  9.93103435423  0.0191147196547
-0.868516597363  661  192  191.68092009  10.7033364943  0.00908096342358
-0.868516597363  661  209  209.496246205  12.4356763435  0.0357141165192
-0.868516597363  662  227  227.30552352  14.1466477953  0.0261350985632
-0.868516597363  662  245  245.392707339  16.7640385495  0.0309085709715
-0.868516597363  663  264  263.663670141  20.1396393316  -0.00164877547092
-0.868516597363  663  282  282.576335459  25.4924787464  0.0227096715548
-0.868516597363  664  302  301.708110763  28.1239779219  0.00457977414509
-0.868516597363  664  321  321.383724559  32.432381095  0.0195553378919
-0.868516597363  665  341  340.753830847  30.1591841251  0.0097378682584
-0.868516597363  665  360  360.802170182  29.0770015003  0.0520560102722
-0.868516597363  665  380  379.953464949  23.0623535193  0.0156280621135
-0.868516597363  666  399  399.544698341  0.262472477658  0.0446062948908
-0.868516597363  666  418  419.214027991  0.280311374789  0.0670326567061
-0.868516597363  666  439  438.559310142  19.1439991461  0.0113821808607
-0.868516597363  666  459  458.511665771  18.1768909711  0.0153674114907
-0.868516597363  666  479  478.487432297  17.291575479  0.00817697046097
-0.868516597363  666  499  498.961374847  17.222808154  0.0244056348188
-0.868516597363  666  520  519.342140709  17.1553031071  0.00112876370908
-0.868516597363  666  540  540.397582289  17.3979578856  0.0337141105433
-0.868516597363  666  561  561.441412064  0.238510046179  0.0292718005201
-0.868516597363  666  583  582.756622359  21.1517327229  0.0109808979927
-0.868516597363  666  605  604.728720247  23.0870747622  0.0138526584983
-0.868516597363  666  627  627.2945365  27.9500698981  0.0248356054515
-0.868516597363  666  651  650.634999722  0.372000106267  0.0178847951392
-0.868516597363  666  675  674.320455256  29.0056695129  0.0119401416227
-0.868516597363  665  698  698.774880966  27.3038189229  0.0453332374273
-0.868516597363  665  722  722.644728207  23.5815048523  0.035454539776
-0.868516597363  665  746  746.507440405  20.4485360821  0.0212255878512
-0.868516597363  664  771  770.479883922  17.501334094  0.00228029363902
-0.868516597363  664  795  794.801251688  15.9574368415  0.00391160750631
-0.868516597363  663  819  819.584754621  14.788700055  0.0159758510632
-0.868516597363  662  844  844.607306701  14.0111021509  0.0198040867044
-0.868516597363  662  870  869.697831871  12.9390230662  0.00419249367258
-0.868516597363  661  895  895.323145757  12.7498759134  0.031233244827
-0.868516597363  660  921  921.357147701  12.3870452396  0.0135761563252
-0.868516597363  659  948  947.683290311  12.3316750135  0.0155268091302
-0.868516597363  658  974  974.475800562  12.9575246797  0.0297582678991
-0.868516597363  657  1002  1001.67823842  13.0015080465  0.0235855077786
-0.690646597363  652  6  5.67269098908  5.59858439208  -0.146801913361
-0.690646597363  653  22  22.0728345524  6.37496819442  -0.0100919620798
-0.690646597363  654  38  38.5109395776  6.64666795846  0.000785703271355
-0.690646597363  655  55  54.9595643393  6.86842452262  -0.0243660888326
-0.690646597363  655  71  71.6489637742  7.02026871235  -0.000996372687685
-0.690646597363  656  88  88.4246787637  7.20420975382  -0.00573147494773
-0.690646597363  657  105  105.317405032  7.40403726106  0.00131084501948
-0.690646597363  657  122  122.360842741  7.7947816869  0.0107069961963
-0.690646597363  658  139  139.546269931  8.52424818731  0.0309785505502
-0.690646597363  659  157  156.750952353  8.87752466819  0.00571633230986
-0.690646597363  659  174  174.17786434  9.94813840739  0.016592643638
-0.690646597363  660  192  191.652810397  11.0996437782  0.00437237528089
-0.690646597363  660  210  209.359775821  11.7899495193  0.000922970554872
-0.690646597363  661  227  227.3266239  14.2477473273  0.0229801125742
-0.690646597363  661  246  245.360238571  17.1382147161  -0.0140767063994
-0.690646597363  662  264  263.788219865  20.1669423225  0.00477991746679
-0.690646597363  662  282  282.561337864  25.5253387997  0.0298750016401
-0.690646597363  663  302  301.738721057  28.1025656432  0.00545046086305
-0.690646597363  663  321  321.426594293  32.6424072926  0.0198435400219
-0.690646597363  664  341  340.822278941  29.4902608174  0.00632407401199
-0.690646597363  664  360  360.98116423  29.2533346785  0.0570352312589
-0.690646597363  664  380  380.109796154  0.282182537684  0.0224942516176
-0.690646597363  665  399  399.671755693  22.868332322  0.0561184788228
-0.690646597363  665  419  418.987579099  20.81460346  0.0233607684565
-0.690646597363  665  439  438.626556354  19.1129115465  0.0146703145178
-0.690646597363  665  459  458.59927876  17.9955887077  0.0156977718193
-0.690646597363  665  479  478.527778532  17.4751482049  0.00828295906209
-0.690646597363  665  499  498.998045672  17.2033967917  0.0230210248436
-0.690646597363  665  520  519.321858363  17.1366362706  -0.0002612931167
-0.690646597363  666  540  540.397582289  17.3979578856  0.0337141105433
-0.690646597363  666  561  561.462716207  0.239072865519  0.0288818032787
-0.690646597363  665  583  582.831608355  21.1581681599  0.0138630721402
-0.690646597363  665  605  604.823924022  23.4382297993  0.0169827501032
-0.690646597363  665  628  627.245616145  26.6737458778  0.000825694981217
-0.690646597363  665  651  650.390038015  30.8492772988  0.0123534627551
-0.690646597363  665  675  674.428399458  28.8842133435  0.011520431445
-0.690646597363  664  698  698.789112521  26.7247542445  0.0399138806914
-0.690646597363  664  723  722.480363238  21.5117136851  0.00199175469605
-0.690646597363  664  746  746.670339858  20.2975016879  0.031644952245
-0.690646597363  663  771  770.554725728  17.5316855949  0.0015343535098
-0.690646597363  663  795  794.985273591  16.1859303042  0.00431074324213
-0.690646597363  662  819  819.792313244  15.3916790574  0.0258220681577
-0.690646597363  661  845  844.561921205  13.7177542259  0.00190751376522
-0.690646597363  661  869  869.904206841  13.4650597532  0.0234743292051
-0.690646597363  660  895  895.430978928  12.7058813725  0.0339121114409
-0.690646597363  659  922  921.431292799  12.2461368094  0.00200595832088
-0.690646597363  658  948  947.824224015  12.4333352066  0.0168441356178
-0.690646597363  657  975  974.522660556  12.6866744807  0.018170575692
-0.690646597363  656  1002  1001.78415776  12.599431587  0.0305475183483
-0.512776597363  651  6  5.67822553572  5.61954054049  -0.144207497977
-0.512776597363  652  22  22.099326241  6.37859924356  -0.005859274649
-0.512776597363  653  38  38.5000017609  6.60493327163  8.67352914005e-05
-0.512776597363  654  55  54.9772793036  6.83214275592  -0.0250460297398
-0.512776597363  654  71  71.661713525  6.98282894814  0.00392462629299
-0.512776597363  655  88  88.4324445842  7.20071618569  -0.00636873848769
-0.512776597363  656  105  105.287612734  7.42035680213  -0.00282067857871
-0.512776597363  656  122  122.319963147  7.71351968536  0.0117520930475
-0.512776597363  657  139  139.547695645  8.52764631693  0.0272052867624
-0.512776597363  658  157  156.736404823  8.85410015271  0.0023399697648
-0.512776597363  658  174  174.192320016  9.93029368826  0.023236410807
-0.512776597363  659  192  191.682277972  10.6043479779  0.0105768217051
-0.512776597363  659  209  209.535595934  12.4784295006  0.0331528001676
-0.512776597363  660  227  227.370259224  14.3034765624  0.0237499604131
-0.512776597363  661  246  246.306300854  0.429751407483  -6.75185473958
-0.512776597363  661  264  263.829489695  20.0662595942  0.00917259584821
-0.512776597363  661  283  282.422894333  24.2416515894  -0.015870467637
-0.512776597363  662  302  301.752227157  27.5391727456  0.00904533297837
-0.512776597363  662  321  321.481011293  33.342651198  0.0212661106935
-0.512776597363  663  341  340.842255177  29.6826115043  0.00375612859701
-0.512776597363  663  360  361.034150528  0.390725628052  0.0576734798399
-0.512776597363  663  380  380.188274642  23.2692651407  0.0294327085736
-0.512776597363  664  399  399.657842863  22.3996108555  0.0505401671939
-0.512776597363  664  419  419.015617064  19.7575409293  0.0241145953719
-0.512776597363  664  438  -34887.1008008  145063.127609  -0.116772868058
-0.512776597363  664  459  458.66523851  18.2371610963  0.0194728022302
-0.512776597363  664  479  478.675592912  17.5184156461  0.0147469218954
-0.512776597363  664  499  499.014658849  0.207288543881  0.0311679552438
-0.512776597363  665  520  519.372086886  17.1033315177  0.00112226417326
-0.512776597363  665  540  540.356140511  0.214488481177  0.0318458203715
-0.512776597363  665  561  561.655878005  19.7305430996  0.0360325320511
-0.512776597363  665  583  582.985668102  21.4582792806  0.0145081986258
-0.512776597363  664  605  604.905700242  23.49156328  0.0168128666106
-0.512776597363  664  627  627.541369614  28.4275142478  0.0319313044547
-0.512776597363  664  651  650.433388262  31.300672486  0.0136943347857
-0.512776597363  664  675  674.449338703  31.2494642349  0.0150647119211
-0.512776597363  663  699  698.425681653  26.4179656367  0.0097383382001
-0.512776597363  663  723  722.548384575  21.5145925799  0.00155989798596
-0.512776597363  663  746  746.598864109  0.246971408142  0.0270587652736
-0.512776597363  662  771  770.651202863  17.7694376025  0.00592646718141
-0.512776597363  662  795  795.068047947  16.1298910128  0.00976952719424
-0.512776597363  661  819  819.862307129  15.3492720704  0.0290531809537
-0.512776597363  660  845  844.692443581  13.6755621653  0.00276725125019
-0.512776597363  660  870  869.922132031  12.9718532715  0.00718344918601
-0.512776597363  659  895  895.504203403  12.5893219721  0.0336622425532
-0.512776597363  658  922  921.530606539  12.2595706497  0.00320010159015
-0.512776597363  657  948  947.945450482  12.4866437271  0.0219001449185
-0.512776597363  656  975  974.636341908  12.59561648  0.0203198860378
-0.512776597363  655  1002  1001.91813402  12.6880755081  0.0327642115015
-0.334906597363  650  6  5.65711470435  5.55152713433  -0.13350127443
-0.334906597363  651  22  22.0981538102  6.34032358339  -0.00378900875045
-0.334906597363  652  38  38.4694147132  6.61135599281  -0.00158874342369
-0.334906597363  653  55  54.9635137161  6.87042171824  -0.0236188159253
-0.334906597363  653  72  71.6056666771  7.05556754528  -0.0366263986287
-0.334906597363  654  88  88.4257200738  7.22790083183  -0.00237580832099
-0.334906597363  655  105  105.307139404  7.44404877382  -0.0045212062035
-0.334906597363  656  122  122.398087031  8.00673703264  0.0154927050626
-0.334906597363  656  140  139.44089202  8.32762893372  -0.0109579363581
-0.334906597363  657  157  156.740783751  8.86716636232  0.000452642351397
-0.334906597363  657  174  174.224696912  10.0233545608  0.0194151015946
-0.334906597363  658  192  191.71406555  10.6859255974  0.01027904029
-0.334906597363  659  209  209.486048517  12.5624934824  0.0341530751636
-0.334906597363  659  227  227.423155211  14.3031898025  0.0280985413931
-0.334906597363  660  245  245.558975958  0.203841793352  0.0325598327431
-0.334906597363  660  264  263.763319774  19.7519495803  0.00196918363449
-0.334906597363  661  283  282.333323803  24.3309601556  -0.0142762759153
-0.334906597363  661  302  301.782915583  27.303264698  0.00731707395129
-0.334906597363  661  321  321.522332773  33.172137665  0.0286168327853
-0.334906597363  662  341  341.04210874  28.9429121102  0.00894085891339
-0.334906597363  662  360  360.99647006  28.5025179486  0.0587639501076
-0.334906597363  662  380  380.250993431  23.5799597042  0.0343583618501
-0.334906597363  663  399  399.773068461  22.8013303858  0.0512289449163
-0.334906597363  663  419  419.060436239  20.580712367  0.0302136350348
-0.334906597363  663  439  438.823569434  19.2858905682  0.0221427041281
-0.334906597363  663  459  458.726853409  18.2539245479  0.0229533283709
-0.334906597363  663  479  478.746915404  17.4482812409  0.0156636598718
-0.334906597363  664  499  499.043622981  17.3441132833  0.0223944100056
-0.334906597363  664  519  519.668526728  18.0686832776  0.0398178759928
-0.334906597363  664  541  540.326600261  17.7099896478  0.000215721151894
-0.334906597363  664  561  561.676335617  19.7192086796  0.0391036739518
-0.334906597363  664  583  582.980330708  20.2616657465  0.0176685710812
-0.334906597363  663  604  605.191329405  23.5683402511  0.0540688227264
-0.334906597363  663  627  627.674171704  28.6158676044  0.0379422149594
-0.334906597363  663  651  650.666290366  0.373370163847  0.0182359951643
-0.334906597363  663  675  674.519117013  31.5123847586  0.0219767556269
-0.334906597363  663  699  698.767987987  27.2144181124  0.0180791083016
-0.334906597363  662  723  722.767755087  21.5101094885  0.00627098251185
-0.334906597363  662  746  746.683808268  20.3142035515  0.0307882945274
-0.334906597363  661  771  770.78248497  17.8109176472  0.00804523609791
-0.334906597363  661  795  795.139202493  16.0199634291  0.0105520963828
-0.334906597363  660  819  819.928144946  15.3385127736  0.0285336811016
-0.334906597363  660  845  844.623831291  13.7626864984  0.00246118596668
-0.334906597363  659  870  869.963435386  12.9818102006  0.00465095463743
-0.334906597363  658  895  895.545864555  12.7896060716  0.0353148908937
-0.334906597363  657  922  921.594609655  12.3266837242  0.00289062960816
-0.334906597363  656  948  948.006876898  12.5148253606  0.0195361449642
-0.334906597363  655  975  974.852002987  12.758837165  0.0271238739213
-0.334906597363  654  1002  1001.98684494  12.7357259434  0.0296573270595
-0.157036597363  649  6  5.65592928341  5.68101944376  -0.142028457789
-0.157036597363  650  22  22.0800211389  6.39597853303  -0.0058576055811
-0.157036597363  651  38  38.4759389114  6.62936148068  -0.00132592322982
-0.157036597363  652  55  54.941021664  6.86181668402  -0.0314308261369
-0.157036597363  652  71  71.6469552657  7.00520601625  0.00236760575772
-0.157036597363  653  88  88.4297899353  7.25067846025  -0.001786880662
-0.157036597363  654  105  105.320667445  7.47916263979  -0.00262133598488
-0.157036597363  655  122  122.355838149  8.0959636327  0.0139094561375
-0.157036597363  655  140  139.458211338  8.30564787066  -0.00951638420004
-0.157036597363  656  157  156.746255835  8.91218167496  0.00340078506776
-0.157036597363  656  174  174.187029346  9.93992991593  0.021847544385
-0.157036597363  657  192  191.723464317  10.7371193782  0.0061557846911
-0.157036597363  658  209  209.534845  12.488335314  0.0335172230445
-0.157036597363  658  227  227.386141252  14.3199410218  0.0284028629354
-0.157036597363  659  245  245.477006306  16.9428054772  0.0296287404853
-0.157036597363  659  264  263.835058119  19.7607146153  0.002216522875
-0.157036597363  660  283  282.638626684  23.5653684061  -0.00431071956551
-0.157036597363  660  302  301.744121959  27.550641585  0.00967734429306
-0.157036597363  660  321  321.522576946  33.1228329515  0.0359923566214
-0.157036597363  661  341  341.080167495  31.7051936202  0.015481928553
-0.157036597363  661  361  360.592477285  25.8066661684  0.00336470674723
-0.157036597363  661  379  380.667706905  0.772105524405  0.0951242081128
-0.157036597363  662  399  399.681540857  22.7239860829  0.0490790745685
-0.157036597363  662  419  419.053349395  20.4762496657  0.0305593371049
-0.157036597363  662  439  438.877995385  19.0581945251  0.0229608144376
-0.157036597363  662  459  458.681852037  18.2724552658  0.0209691204397
-0.157036597363  662  479  478.751856121  17.3923930953  0.0163063119445
-0.157036597363  663  499  499.069154555  17.461470429  0.0233239727023
-0.157036597363  663  520  519.517026061  16.8615893468  0.00809654810784
-0.157036597363  663  541  540.292662597  17.6364204643  -0.000543304862896
-0.157036597363  663  561  561.656219495  19.4601818747  0.0389070867544
-0.157036597363  663  583  583.037059473  20.1997398536  0.0181910600623
-0.157036597363  663  604  605.226445904  23.5362589058  0.0517419736519
-0.157036597363  662  627  627.786030201  28.5799175242  0.0400319108686
-0.157036597363  662  651  650.95231965  30.5914693346  0.0208420246469
-0.157036597363  662  675  674.750483451  31.7312996282  0.0251350838739
-0.157036597363  662  700  698.550366442  24.8116723247  -0.0119081494211
-0.157036597363  661  723  722.945785188  23.1158176925  0.0208972404775
-0.157036597363  661  747  746.724143169  20.4369614988  0.00744157482196
-0.157036597363  660  771  770.78017541  17.9045989837  0.00659658385933
-0.157036597363  660  795  795.229226163  16.0129051753  0.010649075151
-0.157036597363  659  820  819.915194785  14.654561726  0.00725463316709
-0.157036597363  659  845  844.687447733  13.7330346066  -0.000365121308223
-0.157036597363  658  870  870.143653172  13.3855595323  0.0132940584664
-0.157036597363  657  896  895.572489921  12.6401649848  0.0189564490169
-0.157036597363  656  922  921.685353083  12.3387874966  -0.00103597599424
-0.157036597363  655  948  948.16080895  12.6410176358  0.0271968307221
-0.157036597363  654  975  974.901915422  12.7826524819  0.025036538646
-0.157036597363  653  1002  1002.09803984  12.7520308748  0.0298639735038
0.020833402637  649  6  5.63721633471  5.6296887761  -0.142687249939
0.020833402637  649  22  22.0486521823  6.35419752627  -0.0107806383694
0.020833402637  650  38  38.4779787184  6.60304734014  -0.00111511424529
0.020833402637  651  55  54.9661423385  6.85411367721  -0.0256455356874
0.020833402637  652  72  71.6109580098  6.99566445382  -0.0373853420384
0.020833402637  652  88  88.4275309781  7.23124213713  -0.00206880159324
0.020833402637  653  105  105.329849656  7.51831724684  -0.00387278871064
0.020833402637  654  122  122.378270588  8.08265907141  0.00992340358991
0.020833402637  654  140  139.446773613  8.2820061147  -0.0114939479279
0.020833402637  655  157  156.737718157  8.82422093871  0.00178623665136
0.020833402637  656  174  174.268272676  9.97934239076  0.0225037149581
0.020833402637  656  192  191.666393089  11.2752035612  0.00274455516012
0.020833402637  657  210  209.429038107  12.0676838977  0.00398973427173
0.020833402637  657  227  227.438633172  14.4720520802  0.0312871433266
0.020833402637  658  245  245.548762198  0.205263927718  0.0310485290849
0.020833402637  658  264  263.888955591  19.8090016038  0.00404684731483
0.020833402637  659  283  282.480677299  23.9726717125  -0.00307029757359
0.020833402637  659  302  301.656915033  27.641568184  0.0040457250815
0.020833402637  659  321  321.673841864  32.8552729529  0.0351733754062
0.020833402637  660  341  341.318103912  0.353928508818  0.0184212815769
0.020833402637  660  360  360.939200699  27.2339614615  0.0572864578139
0.020833402637  661  379  380.538888653  28.5405309635  0.0933575236679
0.020833402637  661  400  399.47158593  20.8252901142  0.00681859093702
0.020833402637  661  419  419.212121138  20.5379245213  0.0352634374488
0.020833402637  661  439  438.910207717  19.2076531739  0.0250729979324
0.020833402637  661  459  458.747760399  18.0061264663  0.0191527461838
0.020833402637  662  479  478.762467261  17.4056429026  0.0139844148885
0.020833402637  662  499  499.111183495  17.4019712674  0.0250910150374
0.020833402637  662  520  519.481609647  16.9617752674  0.00646083431926
0.020833402637  662  541  540.466454496  17.653801677  0.00396758590593
0.020833402637  662  561  561.725973436  19.5130055615  0.0386375026328
0.020833402637  662  583  583.038008031  21.2176642933  0.0179716930683
0.020833402637  662  605  605.074845119  23.5765797787  0.0165597657716
0.020833402637  661  628  627.610097527  26.4658530279  0.00972050207249
0.020833402637  661  651  650.903525381  31.1096970376  0.0199647412776
0.020833402637  661  675  674.767378591  31.4377735293  0.0276708170325
0.020833402637  661  699  698.779542741  27.3437490466  0.0220621269761
0.020833402637  660  723  722.847501509  23.3794054414  0.0175337281387
0.020833402637  660  747  746.796849725  20.2824828819  0.00907129433365
0.020833402637  659  771  770.904939826  18.1661530875  0.0142259098745
0.020833402637  659  795  795.373932225  15.9691526186  0.012697622304
0.020833402637  658  820  820.004136495  14.7196194272  0.00653167098636
0.020833402637  658  845  844.803098689  13.7473543909  0.00189333070055
0.020833402637  657  870  870.23251811  13.3325274114  0.0134480791147
0.020833402637  656  896  895.688365216  12.6068644108  0.0181664697174
0.020833402637  655  922  921.877967602  12.3343523819  0.00627696310568
0.020833402637  654  948  948.258621054  12.4807375712  0.0228869943722
0.020833402637  653  975  974.981268422  12.8210803845  0.0281595833478
0.020833402637  652  1002  1002.18117567  12.7003459085  0.0279633905544
0.198703402637  648  6  5.66883268433  5.56631246825  -0.137521259153
0.198703402637  648  22  22.0563458647  6.37121640646  -0.00502347276151
0.198703402637  649  38  38.4468381978  6.58699640606  -0.00114822870949
0.198703402637  650  55  54.9723151333  6.8445274179  -0.0254210398959
0.198703402637  651  71  71.6696057431  7.03370314874  0.00361063320591
0.198703402637  651  88  88.4522670655  7.26665875208  -0.00386710418914
0.198703402637  652  105  105.31734999  7.49701723513  -0.000173429574114
0.198703402637  653  122  122.366348931  7.89622450931  0.00911259708977
0.198703402637  653  139  139.515697217  8.62097189651  0.020330430233
0.198703402637  654  157  156.034360245  19.6490278806  -99.5674980948
0.198703402637  655  174  174.238975861  10.0297542085  0.0227132701065
0.198703402637  655  192  191.72942628  10.737940735  0.0103223733796
0.198703402637  656  209  209.548040595  12.5397987741  0.0357025236529
0.198703402637  656  227  227.459662651  14.4152782048  0.0318206433568
0.198703402637  657  245  245.612829496  16.7840740211  0.035171549724
0.198703402637  657  264  263.926623381  19.7254349323  0.00983946447831
0.198703402637  658  283  282.487426538  23.9848971184  -0.00579930297575
0.198703402637  658  302  301.771006601  27.6377545569  0.00263601329414
0.198703402637  659  321  321.493815616  32.7745934774  0.0342175651793
0.198703402637  659  341  340.964140622  29.1061540221  0.0
0.198703402637  659  360  360.938430656  30.0467269673  0.0550240673661
0.198703402637  660  380  380.310217924  25.3933408108  0.0336530344773
0.198703402637  660  400  399.575121804  20.8299874998  0.00924723121538
0.198703402637  660  419  419.258818731  20.8082897323  0.0366102283413
0.198703402637  660  439  438.910094114  19.4583022294  0.024714432748
0.198703402637  660  459  458.724673753  17.9776833782  0.0212308771665
0.198703402637  661  479  478.89173396  17.5609193719  0.0211878911285
0.198703402637  661  499  499.230064812  0.210066820304  0.0316770172308
0.198703402637  661  520  519.561805714  16.9951246274  0.00943313822114
0.198703402637  661  541  540.497662542  17.4713912638  0.0108599189062
0.198703402637  661  561  561.891274854  19.601441445  0.0404111832173
0.198703402637  661  583  583.078045491  21.3949471799  0.0198366855747
0.198703402637  661  605  605.215099206  0.283025183467  0.0232846957957
0.198703402637  660  628  627.52774633  26.223375463  0.00688657235673
0.198703402637  660  651  651.134004376  29.8986636044  0.0286330402152
0.198703402637  660  674  675.166975343  33.2831603672  0.0631155555563
0.198703402637  660  699  698.825897399  0.316128704296  0.0212342819285
0.198703402637  659  722  723.153280839  23.7223384365  0.0508225446682
0.198703402637  659  746  747.08683926  20.4480364674  0.0379315119734
0.198703402637  658  771  770.993864785  17.8357800357  0.00722724624421
0.198703402637  658  795  795.401510628  16.0775179893  0.0153841068165
0.198703402637  657  820  820.060391566  14.8429141633  0.0121714174233
0.198703402637  657  845  844.880761489  13.6929252511  -0.00241630452456
0.198703402637  656  870  870.277773019  13.3006697022  0.0132455405716
0.198703402637  655  896  895.824623397  12.5504063915  0.0233088392069
0.198703402637  654  922  921.948042409  12.2528063465  0.00308744413254
0.198703402637  653  948  948.346882146  12.5491611256  0.0271740214254
0.198703402637  652  975  975.037755851  12.7934890344  0.024951731067
0.198703402637  651  1002  1002.30844092  12.7567115487  0.0370463285386
0.376573402637  647  6  5.62601100698  5.62138768125  -0.12687668729
0.376573402637  647  22  22.0755614563  6.44228215407  -0.00860626569793
0.376573402637  648  38  38.4535273895  6.59719253388  -0.00175499366138
0.376573402637  649  55  54.9731283183  6.91724756409  -0.0256577622001
0.376573402637  650  71  71.6655295553  7.23740382836  0.00696854993055
0.376573402637  650  89  88.3647757098  7.22585459333  -0.0384592169258
0.376573402637  651  105  105.325678036  7.48231033282  -0.000718553893206
0.376573402637  652  122  122.36358225  7.80017723328  0.00617023905515
0.376573402637  652  139  139.538302758  8.55478887546  0.0257905041068
0.376573402637  653  157  156.781254882  8.86776928536  0.00432137715344
0.376573402637  654  174  174.271269251  9.8740719783  0.021026120851
0.376573402637  654  192  191.777900548  10.6598891295  0.0126323179204
0.376573402637  655  209  209.580885678  12.6144752149  0.0378084628024
0.376573402637  655  227  227.408158438  14.4535105244  0.0299745165721
0.376573402637  656  245  245.65454286  16.6646807143  0.0387772824001
0.376573402637  656  264  263.830873981  19.7184100407  0.0105662984062
0.376573402637  657  283  282.464423739  24.0237325571  -0.00339747024912
0.376573402637  657  302  301.727363699  27.2616792088  0.00387958959624
0.376573402637  658  321  321.56242839  32.1219506483  0.0289197654171
0.376573402637  658  341  341.060583248  29.0625759297  0.0258919796945
0.376573402637  658  360  361.146521342  30.1451720001  0.0613879961292
0.376573402637  659  380  380.286606256  25.3294962215  0.0384324941026
0.376573402637  659  400  399.634676732  20.9350749361  0.0123107391361
0.376573402637  659  419  419.298270931  20.9026119259  0.0338525359689
0.376573402637  659  439  438.962351604  0.236706844015  0.0283254553118
0.376573402637  660  459  458.873145804  18.0411961808  0.0196143160599
0.376573402637  660  479  478.998819176  17.4668978132  0.0269614173449
0.376573402637  660  499  499.284725658  0.21007873569  0.0307725097551
0.376573402637  660  520  519.567372599  16.944438089  0.0107729989196
0.376573402637  660  541  540.498901109  17.4921249547  0.0106397966159
0.376573402637  660  561  561.933686493  19.5766883848  0.0438579007592
0.376573402637  660  583  583.225187007  0.259887076691  0.0254369831705
0.376573402637  660  605  605.247333818  22.9622006241  0.0273021852593
0.376573402637  660  628  627.409875306  25.7786616006  0.00601444881519
0.376573402637  659  651  651.177333398  28.8399115514  0.0324013545567
0.376573402637  659  674  675.113684997  33.2553208194  0.0557693585599
0.376573402637  659  699  698.980937  27.6432139304  0.0230733716839
0.376573402637  658  723  722.868939826  21.8608877913  0.0115661382071
0.376573402637  658  746  747.071827899  20.7526352646  0.035021984422
0.376573402637  658  770  771.206038653  18.0520677727  0.0323892945433
0.376573402637  657  795  795.537251901  16.1006149016  0.018948253585
0.376573402637  656  820  820.116194556  14.5586459981  0.00723557669528
0.376573402637  656  845  844.988334041  13.7180590238  0.00262074406542
0.376573402637  655  870  870.386157353  13.2103737678  0.0155349572007
0.376573402637  654  896  895.920027534  12.69317352  0.0219978550686
0.376573402637  653  922  922.025878909  12.4045418902  0.0079105018263
0.376573402637  652  948  948.460955227  12.3640651332  0.0269876623825
0.376573402637  651  975  975.081604504  12.8712572159  0.0257973154922
0.376573402637  650  1002  1002.34014791  12.835128467  0.03478637236
0.554443402637  646  6  5.60097222678  5.62056067155  -0.137432990873
0.554443402637  646  22  22.0337469195  6.35731653307  -0.00570901386475
0.554443402637  647  38  38.4661405517  6.58154120667  -0.00768500447923
0.554443402637  648  55  54.9750894479  6.8845604947  -0.0275148937432
0.554443402637  649  71  71.6642833696  7.05085538107  0.00422026757024
0.554443402637  649  88  88.4102230527  7.25759373706  -0.00940224018175
0.554443402637  650  105  105.323240347  7.49855271773  -0.00314005355298
0.554443402637  651  122  122.376710711  7.79759734486  0.00834580586988
0.554443402637  651  139  139.584896202  8.60560700828  0.0226263755803
0.554443402637  652  157  156.057273966  19.4685174373  -59.4834015492
0.554443402637  653  174  174.269178122  10.0384272513  0.0259545665792
0.554443402637  653  192  191.793803137  10.6078720224  0.0142348794476
0.554443402637  654  209  209.571403484  12.4958487837  0.039047615239
0.554443402637  654  227  227.480146813  0.173680029208  0.0373278635764
0.554443402637  655  246  245.41613371  16.7832824665  -0.0127151533515
0.554443402637  655  264  263.853844858  19.8516485393  0.00850991637647
0.554443402637  656  283  282.515425784  24.0200625202  -0.0064965248699
0.554443402637  656  302  301.816074158  27.2798614782  0.0068491901741
0.554443402637  657  321  321.463430994  34.3652186722  0.0334672078923
0.554443402637  657  341  340.948956936  28.6066853778  0.0204755552296
0.554443402637  657  360  361.196306653  0.466203048971  0.0674325154253
0.554443402637  658  380  380.338763381  25.3020484767  0.0392593124318
0.554443402637  658  400  399.653821048  21.106509886  0.0142415687398
0.554443402637  658  419  419.326525685  21.0048729619  0.035332846177
0.554443402637  658  439  439.001042937  0.23693643588  0.027411736017
0.554443402637  659  459  458.797568322  18.131649794  0.0179048202863
0.554443402637  659  479  478.95851522  17.4174033532  0.0237248311975
0.554443402637  659  499  499.247658162  17.3017798735  0.0292176481486
0.554443402637  659  520  519.660179245  16.9647013074  0.00943045163118
0.554443402637  659  541  540.542711778  17.6144062728  0.00903553830774
0.554443402637  659  562  561.779839384  18.3893229826  0.0143832122754
0.554443402637  659  583  583.351052959  20.9496313369  0.0307173365236
0.554443402637  659  605  605.41917506  22.7566147625  0.0286779922272
0.554443402637  659  628  627.519773368  27.3865145472  0.00432724331069
0.554443402637  658  652  650.872662565  28.7192126929  -0.00461696843356
0.554443402637  658  674  675.187188091  0.510959803541  0.0610632844797
0.554443402637  658  699  698.994592706  26.1349214609  0.0230085352881
0.554443402637  657  722  723.210781918  24.1434231789  0.0528301310551
0.554443402637  657  746  747.119735894  20.9766684682  0.0392745116564
0.554443402637  657  771  771.216234794  18.1341788953  0.00854033214409
0.554443402637  656  795  795.595964055  16.2797425617  0.0190986494851
0.554443402637  655  820  820.141718142  14.6701650648  0.0120794557002
0.554443402637  655  845  845.186424799  13.6999176593  0.00573393713045
0.554443402637  654  870  870.470307211  13.4027622543  0.0180983400615
0.554443402637  653  896  895.996329553  12.8056282214  0.0256375364906
0.554443402637  652  922  922.053115994  12.3382404835  0.00500862131375
0.554443402637  651  949  948.446144069  12.3829155574  0.0165336669467
0.554443402637  650  976  977.798096392  0.210093298105  12.4608933892
0.554443402637  649  1003  1002.37181745  12.9814695446  0.0213720853873
0.732313402637  645  6  5.620746859  5.66014766714  -0.135917354842
0.732313402637  646  22  22.0772627282  6.34324358344  -0.00660495610076
0.732313402637  646  38  38.4368003111  6.59775326654  -0.00179450381337
0.732313402637  647  55  54.9638976666  6.86231062116  -0.0277287377232
0.732313402637  648  71  71.6695211285  6.96654379366  0.000980736604012
0.732313402637  648  88  88.4006143711  7.23659290709  -0.00657672092901
0.732313402637  649  105  105.319837641  7.48201503108  -0.00425639087207
0.732313402637  650  122  122.346893931  7.79113691611  0.00618970812726
0.732313402637  650  139  139.55512815  8.57512582228  0.0268920291167
0.732313402637  651  157  156.775610251  8.7849377895  0.00691715194245
0.732313402637  652  174  174.253660907  9.93199745389  0.0218196981523
0.732313402637  652  192  191.798592441  10.6326393604  0.0148793943296
0.732313402637  653  209  209.550526114  12.3503353147  0.0340075001885
0.732313402637  653  227  227.4566643  14.6156516178  0.0331641509093
0.732313402637  654  245  245.641690518  16.4650954982  0.0379137132359
0.732313402637  654  264  263.879760895  19.8831171783  0.0147786845673
0.732313402637  655  283  282.600200057  23.8146134446  -0.00412671790494
0.732313402637  655  302  301.861245794  27.8830084809  0.0029815263545
0.732313402637  656  321  321.509593334  33.3365886203  0.0235749313513
0.732313402637  656  341  341.012883958  29.2177719111  0.0237125802352
0.732313402637  656  360  361.107517076  27.0288541748  0.0730011819067
0.732313402637  657  379  380.670171565  0.79589390416  0.0943503081068
0.732313402637  657  400  399.647470201  21.002245156  0.0148314039871
0.732313402637  657  419  419.400065198  20.9680624593  0.041223562532
0.732313402637  657  439  439.096386895  19.5507232983  0.0317046357488
0.732313402637  658  459  458.856992187  17.9873781883  0.0184226212265
0.732313402637  658  479  479.050722328  17.7156301836  0.019600499654
0.732313402637  658  499  499.308692884  0.208669944968  0.0313780631726
0.732313402637  658  520  519.811422532  17.2641412178  0.0162926687215
0.732313402637  658  541  540.570636332  17.9356363798  0.0101218440775
0.732313402637  658  562  561.859142943  18.5098756647  0.0144304568043
0.732313402637  658  583  583.385452767  21.1324651326  0.0273755975193
0.732313402637  658  605  605.403273485  23.119581538  0.0291439269465
0.732313402637  658  628  627.588978003  25.5993061212  0.00672967464528
0.732313402637  657  651  651.20853468  0.390238117181  0.0298658692246
0.732313402637  657  675  674.879695616  31.2454842533  0.0278837911087
0.732313402637  657  699  699.235838751  0.35485202247  0.0331099396933
0.732313402637  656  723  723.195562568  0.285582467264  0.0228151766538
0.732313402637  656  747  747.080653132  19.6648043841  0.0100364655738
0.732313402637  656  770  771.345077351  18.2698681144  0.0416796343256
0.732313402637  655  795  795.750450158  16.385546833  0.0229043222664
0.732313402637  654  820  820.295011277  14.5271270176  0.0126584711107
0.732313402637  654  845  845.256735243  13.7440960525  0.00785686794153
0.732313402637  653  870  870.622785452  13.3386387352  0.0206510452455
0.732313402637  652  896  896.030027536  12.7395018944  0.0244782005415
0.732313402637  651  922  922.084442745  12.348582909  0.0101562105773
0.732313402637  650  949  948.543461205  12.4136403079  0.0141142422025
0.732313402637  649  976  975.28095132  12.737629674  0.0151037952988
0.732313402637  648  1003  1003.3073445  0.364225791568  -6.06495930477
0.910183402637  644  6  5.59658655606  5.54636042559  -0.137179041145
0.910183402637  645  22  22.0264884281  6.46215845993  -0.00733281584592
0.910183402637  645  38  38.4432332448  6.67653768133  -0.00393354759798
0.910183402637  646  55  54.928226867  6.89212699477  -0.0301052298311
0.910183402637  647  71  71.6328533701  7.0736510525  -0.000425590541321
0.910183402637  648  88  88.433401338  7.18342589097  -0.00430224793163
0.910183402637  648  105  105.329760423  7.49283846472  -0.00154403926685
0.910183402637  649  122  122.385308956  8.00299525907  0.0118986612619
0.910183402637  650  140  139.489020431  8.19475637718  -0.0126849969915
0.910183402637  650  157  156.822755448  8.90876917654  0.00850392251763
0.910183402637  651  174  174.237560603  9.98980954124  0.0243282036632
0.910183402637  651  192  191.796173527  10.6697334021  0.0067443459867
0.910183402637  652  209  209.506685507  12.5364433035  0.0338628358259
0.910183402637  652  227  227.454705792  0.173772237743  0.0377097601647
0.910183402637  653  245  245.644034221  16.7162487328  0.0357280778236
0.910183402637  653  264  263.908655315  20.2494706266  0.00820908942592
0.910183402637  654  283  282.557165843  23.6983717182  -0.006215701654
0.910183402637  654  301  301.588000397  30.7526583659  0.0
0.910183402637  655  321  321.268533491  33.5219955731  0.0245355565908
0.910183402637  655  341  341.082660159  0.362104579448  0.0190471821041
0.910183402637  655  360  361.323354405  0.391633260875  0.0657966076595
0.910183402637  656  379  380.604294977  27.5389853124  0.0946376154881
0.910183402637  656  400  399.721498404  20.8344901402  0.0165839762763
0.910183402637  656  419  419.494921239  21.0848519772  0.0484007455836
0.910183402637  656  439  439.065084782  19.4589405962  0.0321057750323
0.910183402637  657  459  458.893318005  17.9938100715  0.0237486268297
0.910183402637  657  479  478.850858503  0.200737613763  0.0352704835696
0.910183402637  657  499  499.375216844  0.207736423671  0.0313880505678
0.910183402637  657  520  519.83563997  17.1725147612  0.0180114891193
0.910183402637  657  541  540.66573392  17.8299667686  0.00887487812174
0.910183402637  657  562  561.981628363  18.6433723219  0.019790853304
0.910183402637  657  583  583.435809088  21.066601995  0.0295111560071
0.910183402637  657  605  605.358404712  22.8393324671  0.0266445691845
0.910183402637  657  628  627.662515719  27.665235935  0.00896832751411
0.910183402637  656  652  651.051874546  28.3440040493  -0.0044808713416
0.910183402637  656  675  675.047590216  31.5593281297  0.0309602844098
0.910183402637  656  699  699.475125057  28.0027508114  0.0390650343846
0.910183402637  656  723  722.933311067  0.287935683645  0.0242010761962
0.910183402637  655  747  747.267524867  20.4715935915  0.0194196028465
0.910183402637  655  771  771.252106164  18.1756758685  0.0128742501338
0.910183402637  654  795  795.894781468  16.5166857994  0.025406081724
0.910183402637  654  820  820.356324025  14.6103531169  0.0160943993363
0.910183402637  653  845  845.350579718  14.1718508895  0.0120693468872
0.910183402637  652  871  870.592875484  12.9031355642  0.000904646986041
0.910183402637  651  896  896.175043324  12.852392057  0.032226298247
0.910183402637  650  922  922.22060584  12.303109988  0.00725839187617
0.910183402637  650  949  948.539543183  12.4057636711  0.014525203014
0.910183402637  649  976  975.373831292  12.6948572376  0.0145896395518
0.910183402637  647  1002  1002.66627524  12.836601001  0.0405768302737
1.08805340264  643  6  5.57007960123  5.60089226644  -0.142676872229
1.08805340264  644  22  22.0219596959  6.35488440907  -0.0185779180553
1.08805340264  644  38  38.4305314418  6.67033063209  -0.00266079107016
1.08805340264  645  55  54.9127145591  6.81579449488  -0.0296300920981
1.08805340264  646  71  71.6267772177  7.03441236504  -0.00329667071282
1.08805340264  647  88  88.3892019687  7.16385152038  -0.00654697900177
1.08805340264  647  105  105.339380595  7.52214973915  -0.00658056533488
1.08805340264  648  122  122.373194688  8.02818374792  0.0139580802856
1.08805340264  649  140  139.468563759  8.2097445253  -0.0102460564962
1.08805340264  649  157  156.848376047  8.88897143756  0.00760520709482
1.08805340264  650  174  174.235430335  10.0122295318  0.0226753065642
1.08805340264  650  192  191.765498259  10.6762633458  0.0112910208873
1.08805340264  651  209  209.75270861  12.1540407108  0.0425428900765
1.08805340264  652  228  228.29849267  0.32285983368  -6.31081031238
1.08805340264  652  245  245.707599253  16.6694734274  0.0401390183473
1.08805340264  652  264  263.882153523  19.9503310048  0.00398290821171
1.08805340264  653  283  282.50883937  25.7605241725  -0.0155852584893
1.08805340264  653  303  301.605381431  30.2111838113  -0.0452742808726
1.08805340264  654  321  321.565949962  33.6320329874  0.0350095454751
1.08805340264  654  341  341.251514537  30.0839120692  0.0257889439327
1.08805340264  655  360  361.337247191  0.880022264806  0.0852700283497
1.08805340264  655  380  380.296806924  24.7495588403  0.0377757689589
1.08805340264  655  400  399.745769377  21.159954696  0.0174513934596
1.08805340264  655  419  419.543542187  20.9181932875  0.0479134033359
1.08805340264  656  439  439.19348426  0.233731416919  0.02781974197
1.08805340264  656  459  459.006411629  18.1733143728  0.025156190443
1.08805340264  656  479  479.150550108  18.0022593272  0.0248363110228
1.08805340264  656  499  499.494511931  16.9214698849  0.0384987032827
1.08805340264  656  520  519.906584427  17.2448794403  0.0170457887951
1.08805340264  656  541  540.707893101  17.7858050773  0.00893234606171
1.08805340264  656  562  562.092527845  18.6478043038  0.0209883888468
1.08805340264  656  583  583.594416802  20.98416518  0.0308327642502
1.08805340264  656  605  605.508828926  23.0958460293  0.0309112996466
1.08805340264  656  628  627.752295621  27.7793353206  0.0110860356521
1.08805340264  656  652  650.518487979  30.4148745497  -0.0134867851849
1.08805340264  655  676  675.003365387  28.9248513863  0.00250139112788
1.08805340264  655  699  699.380490581  28.1696150543  0.0363565589811
1.08805340264  655  723  723.114759369  0.291310930114  0.0236222403039
1.08805340264  654  747  747.304940219  20.3836455357  0.0198357269223
1.08805340264  654  771  771.41910968  18.0760077592  0.0190756146527
1.08805340264  653  796  795.787684122  16.272477393  0.00342227551571
1.08805340264  653  820  820.479466325  14.6857281995  0.017332149482
1.08805340264  652  845  845.472669736  14.2900306976  0.0139536315253
1.08805340264  651  871  870.646612559  12.9399105272  0.00473136540813
1.08805340264  650  896  896.24065503  12.7553957085  0.0269407495404
1.08805340264  650  922  922.30432211  12.2741073992  0.0113046245118
1.08805340264  649  949  948.63508691  12.4027462754  0.0127222577721
1.08805340264  648  976  976.294909916  0.358846298729  -5.9076031881
1.08805340264  646  1003  1002.71733845  12.4824512091  0.0231339592046
1.26592340264  642  6  5.5527700319  5.58863503806  -0.146044325589
1.26592340264  643  22  22.0197356731  6.44688915172  -0.00533417048955
1.26592340264  643  38  38.4588148133  6.7312978256  -0.0050294689243
1.26592340264  644  55  54.9062336233  6.80364078786  -0.0290119900839
1.26592340264  645  71  71.6587237408  7.00549162755  0.00228470587191
1.26592340264  646  88  88.4143971991  7.21736255773  -0.00844677396315
1.26592340264  646  105  105.321431429  7.47107697479  -0.000268868813193
1.26592340264  647  122  122.379451937  7.79418821236  0.00842910917139
1.26592340264  648  139  139.560139404  8.40202114101  0.0195597953624
1.26592340264  648  157  156.792853002  8.78452660826  0.00301857677574
1.26592340264  649  174  174.267588211  9.97358347958  0.0246667590956
1.26592340264  649  192  191.862017588  11.1840256981  0.0121686404443
1.26592340264  650  210  209.397520347  12.0885287894  0.000691657963073
1.26592340264  651  227  227.483376173  14.3868468262  0.0340314698607
1.26592340264  651  246  245.519226084  16.8350021294  -0.00321541821897
1.26592340264  652  264  264.013962014  19.4270301643  0.00889511218446
1.26592340264  652  283  282.579577446  23.9539592555  -0.0074286131884
1.26592340264  652  301  301.491894291  30.7646804951  0.0
1.26592340264  653  322  321.288887488  30.3102040149  -0.0128974836691
1.26592340264  653  341  341.289959492  30.6995604068  0.0274076891626
1.26592340264  654  360  361.192570903  26.7901313382  0.0686614924747
1.26592340264  654  379  380.881145823  0.672851815207  0.0935960877795
1.26592340264  654  400  399.693919469  20.7440762686  0.0105714506223
1.26592340264  654  419  419.593051906  20.8573123601  0.0466428962848
1.26592340264  655  439  439.167671321  19.0882673551  0.0353759499704
1.26592340264  655  459  459.132007197  17.9845877716  0.0290775759503
1.26592340264  655  479  479.208547307  0.212606762787  0.0320274521667
1.26592340264  655  499  499.503829001  17.074660144  0.0384868878637
1.26592340264  655  520  519.964181208  17.2476118197  0.0183760595989
1.26592340264  655  541  540.861645272  17.7125233287  0.0158178410723
1.26592340264  655  562  562.054278993  18.5906864976  0.0232217585928
1.26592340264  655  583  583.551235135  20.8412800335  0.0287990682117
1.26592340264  655  605  605.569602053  23.377733434  0.0306994818001
1.26592340264  655  628  627.881193951  26.211330873  0.0180721306236
1.26592340264  655  651  651.187307162  31.0173474118  0.0259129363447
1.26592340264  654  675  675.147608005  31.1334209373  0.0327718325145
1.26592340264  654  699  699.451032279  28.5471126178  0.0370896137932
1.26592340264  654  723  723.319711442  23.7022475574  0.0312064751601
1.26592340264  653  747  747.34700427  20.4834123788  0.0195002297108
1.26592340264  653  771  771.517467595  18.1928976263  0.0210898526366
1.26592340264  652  796  795.900950186  16.3097325066  0.00610724444328
1.26592340264  652  820  820.551927855  14.6692305552  0.0201550376096
1.26592340264  651  845  845.512887927  14.1607217019  0.0169480445835
1.26592340264  650  871  870.835402251  13.0824304638  0.00758848815527
1.26592340264  649  896  896.278798796  12.713806128  0.0291908247275
1.26592340264  649  922  922.484206226  12.4371414798  0.0141122828979
1.26592340264  648  949  948.76398354  12.1925439046  0.0183349355172
1.26592340264  647  976  975.566255108  12.690600099  0.0174618222392
1.26592340264  646  1003  1002.77906364  12.5161215108  0.0266801961709
1.44379340264  641  6  5.5586866865  5.63840209709  -0.148101892539
1.44379340264  642  22  21.9911996072  6.43349879483  -0.0113265347238
1.44379340264  642  38  38.3797880008  6.66287510123  -0.00270480902263
1.44379340264  643  55  54.9107253498  6.8712070457  -0.0328134041487
1.44379340264  644  71  71.6468144418  6.98004767066  0.000963141929053
1.44379340264  645  88  88.4120063469  7.26998142456  -0.00138862921546
1.44379340264  645  105  105.336945993  7.46438025525  -8.99965896863e-05
1.44379340264  646  122  122.392133625  8.0263309203  0.0149640720859
1.44379340264  647  140  139.490929565  8.22688178685  -0.0105053288111
1.44379340264  647  157  156.764991959  8.82807599468  -0.00514978811974
1.44379340264  648  174  174.294270818  9.94894785696  0.022247306138
1.44379340264  649  192  191.732827332  11.1991221312  0.00821232541155
1.44379340264  649  210  210.299875012  0.367500874217  -5.7913575351
1.44379340264  650  227  227.510577774  14.2463328139  0.0293945059817
1.44379340264  650  246  245.52769951  16.8759161573  -0.00269115308335
1.44379340264  651  264  263.837483375  19.9366900026  0.00883527422961
1.44379340264  651  283  282.548668156  26.6179995089  -0.0185252045955
1.44379340264  652  303  301.631013245  28.8940083188  -0.0340534633839
1.44379340264  652  322  321.452061569  30.1224643035  -0.013868611653
1.44379340264  652  341  341.198496527  30.281840015  0.0292443322787
1.44379340264  653  360  361.412885862  32.1556160792  0.081332079047
1.44379340264  653  380  380.437490555  0.296600959362  0.0393554077482
1.44379340264  653  399  399.328602053  22.7899396886  0.0
1.44379340264  653  419  419.666059706  21.0922905648  0.0463204658627
1.44379340264  654  439  439.221127706  19.317479623  0.0335945429746
1.44379340264  654  459  459.197539988  0.215840310232  0.0313693230205
1.44379340264  654  479  479.349159266  17.3820864234  0.038655005425
1.44379340264  654  499  499.539307798  16.977780632  0.0378272951161
1.44379340264  654  520  520.178631986  16.7111302288  0.0385239204735
1.44379340264  654  541  540.865483918  17.4850703229  0.0174173317436
1.44379340264  654  562  562.115545771  18.5039328745  0.0228635663135
1.44379340264  654  583  583.638759341  21.2045148881  0.0362498121586
1.44379340264  654  605  605.613244273  23.4009254239  0.030753625092
1.44379340264  654  628  627.856250008  27.733154613  0.0154939203195
1.44379340264  654  652  650.987764675  29.6641079941  0.00107093152422
1.44379340264  653  675  675.157848083  30.9546590555  0.0304246445828
1.44379340264  653  699  699.517276677  28.5836850302  0.0425519241605
1.44379340264  653  723  723.413336657  23.9886956934  0.0305463123894
1.44379340264  652  747  747.388845743  20.6937830123  0.0205786929332
1.44379340264  652  771  771.611650879  18.3223233286  0.0233136925151
1.44379340264  651  795  796.126610622  16.5339599086  0.0291139519542
1.44379340264  651  820  820.65543485  15.622480943  0.0202188615674
1.44379340264  650  846  845.465535399  13.8149972326  -0.0027908492777
1.44379340264  649  871  870.879131008  13.1161834866  0.00744818692476
1.44379340264  649  896  896.433689971  12.6134449086  0.0302671134219
1.44379340264  648  922  922.538669304  12.2404223037  0.0160926064111
1.44379340264  647  949  948.862359615  12.4363834904  0.0111101983961
1.44379340264  646  976  975.696217273  12.6942511239  0.0220378418176
1.44379340264  645  1003  1002.93271099  12.617773705  0.0292470451293
1.62166340264  640  6  5.51799002328  5.66102587567  -0.149941416225
1.62166340264  641  22  21.9708167497  6.37513046935  -0.0112843684788
1.62166340264  642  38  38.4620822103  6.66450000265  0.00120385993269
1.62166340264  642  55  54.930229452  6.84706467619  -0.0268182358444
1.62166340264  643  71  71.6218549028  7.01507820607  -0.00181060701429
1.62166340264  644  88  88.3822335065  7.24518349273  -0.0129794288623
1.62166340264  644  105  105.33067968  7.40022858803  0.00291133610895
1.62166340264  645  122  122.387706758  7.77067042649  0.0126834977351
1.62166340264  646  139  139.603675249  8.49595886327  0.0238535525043
1.62166340264  646  157  156.775838063  8.86289168794  0.00410992683649
1.62166340264  647  174  174.291849229  9.93393300707  0.0245905409115
1.62166340264  648  192  191.821096795  10.5817075747  0.00931529434078
1.62166340264  648  209  209.665045339  12.6951756789  0.0408945275475
1.62166340264  649  228  228.304424148  0.363473636434  -6.28703200558
1.62166340264  649  246  245.456217902  16.8679791021  -0.00832104167218
1.62166340264  650  264  263.930069283  19.9003431887  0.00561108924911
1.62166340264  650  283  282.518298648  23.8518673748  -0.0105184694612
1.62166340264  651  302  301.696373947  28.2210011479  0.00461979601382
1.62166340264  651  321  321.66325858  33.0898562657  0.0314022271624
1.62166340264  651  341  341.193300358  29.9024698503  0.0295218959222
1.62166340264  652  360  361.454881155  0.99117894299  0.0821883321688
1.62166340264  652  381  380.067734111  23.7858418842  -0.0198656957685
1.62166340264  652  399  400.264396007  0.334966634688  0.07618760442
1.62166340264  652  419  419.615462847  21.2002430866  0.0492968486674
1.62166340264  653  439  439.328221244  19.4118205425  0.0364151603047
1.62166340264  653  459  459.216846439  17.8034608937  0.0351311462361
1.62166340264  653  479  479.35611882  17.4275270285  0.0384588223861
1.62166340264  653  500  499.506478612  16.8529080528  0.00810289768309
1.62166340264  653  520  520.146552361  17.0980335234  0.0248311706906
1.62166340264  653  541  541.026944076  17.7468357213  0.0219321242033
1.62166340264  653  562  562.129865726  19.2443742026  0.0175349575653
1.62166340264  653  584  583.487739536  19.5224942808  0.00225272648744
1.62166340264  653  605  605.725286391  23.4697081118  0.0371179901492
1.62166340264  653  628  627.94212485  27.6827057078  0.0139046421565
1.62166340264  653  652  650.975689731  29.3534181409  0.00647828248906
1.62166340264  652  675  675.285597121  31.0000820269  0.0328063482904
1.62166340264  652  700  699.296467698  26.047735463  0.00462701571884
1.62166340264  652  723  723.504721345  24.5268047643  0.0356347879006
1.62166340264  651  747  747.564598473  0.250384752909  0.0252240585102
1.62166340264  651  771  771.661357393  18.1067838021  0.0249372139761
1.62166340264  650  796  796.043367857  16.257300841  0.00406918077013
1.62166340264  650  821  820.59795013  14.9063162337  -0.000455155698981
1.62166340264  649  845  845.67379815  14.2619421751  0.021756762079
1.62166340264  648  871  870.956582641  13.0561171682  0.00177812321397
1.62166340264  648  896  896.479358876  12.6266633567  0.0350314683096
1.62166340264  647  923  922.537314683  12.2748761254  -0.00409795360264
1.62166340264  646  949  948.95745261  12.4940435012  0.0175634448946
1.62166340264  645  976  975.756676513  12.6901048034  0.0189991638322
1.62166340264  644  1003  1002.96428804  12.4342472196  0.030909323755
1.79953340264  639  6  5.51355698681  5.6548757259  -0.150184374453
1.79953340264  640  22  21.9545467093  6.31476808188  -0.014829336053
1.79953340264  641  38  38.4069372586  6.73038092143  0.00233027153807
1.79953340264  641  55  54.9259514297  6.98162131104  -0.0350893905175
1.79953340264  642  71  71.6185810621  7.02915108384  -0.00149985275479
1.79953340264  643  88  88.3924657616  7.1942741379  -0.00857195043418
1.79953340264  643  105  105.425614137  7.46716906058  0.00271634773748
1.79953340264  644  122  122.401506676  8.01397744968  0.0167162498262
1.79953340264  645  140  139.486243263  8.20550561674  -0.01252280489
1.79953340264  645  157  156.821202772  8.98600809744  -0.000934075736886
1.79953340264  646  174  174.278492878  9.97065035685  0.0256927659651
1.79953340264  647  192  191.765547057  11.1253094146  0.00482151537097
1.79953340264  647  210  209.529469391  12.5451729413  0.000711815042043
1.79953340264  648  228  228.21542293  0.0819458475799  -5.10556529458
1.79953340264  648  245  245.655871111  0.203504860111  0.0336612367017
1.79953340264  649  264  263.995592677  19.8767390453  0.0143439676329
1.79953340264  649  283  282.480520092  23.8115546675  -0.00600491484932
1.79953340264  650  302  301.867585774  27.4748916356  0.00557202321799
1.79953340264  650  321  321.601187857  33.4738500829  0.0394116781084
1.79953340264  650  341  341.234739206  30.1894452772  0.0200364518255
1.79953340264  651  360  361.229438568  28.2935336524  0.0694604150679
1.79953340264  651  379  380.963692854  27.9954364518  0.0925889596894
1.79953340264  651  400  399.944702556  21.2028408432  0.0221716113495
1.79953340264  652  419  419.767876676  20.7070724173  0.0506906578256
1.79953340264  652  439  439.331086795  19.2042493054  0.0344274406922
1.79953340264  652  459  459.167107627  0.220820671651  0.0313779054658
1.79953340264  652  479  479.298775615  17.3959697302  0.0346995665758
1.79953340264  652  499  499.69501967  16.7641222786  0.0399398522223
1.79953340264  652  520  520.227949533  17.3916618636  0.0271030562722
1.79953340264  652  541  541.10424686  17.6687272585  0.0232804273694
1.79953340264  652  562  562.097008461  19.1407026944  0.0195367450753
1.79953340264  652  584  583.486275965  20.4901126896  -0.00073448324287
1.79953340264  652  606  605.565276917  22.9062661229  0.00593496883773
1.79953340264  652  628  628.087250916  26.2233211537  0.0192064050237
1.79953340264  652  651  651.320716019  31.2177564967  0.035127753442
1.79953340264  651  676  675.00734891  29.9178008901  0.012164045085
1.79953340264  651  699  699.769105804  28.7830200762  0.0460429740755
1.79953340264  651  723  723.649588129  24.3344922036  0.0354818213609
1.79953340264  650  747  747.638606365  0.254318331417  0.0260963580075
1.79953340264  650  771  771.723226745  18.2630283568  0.0246413421827
1.79953340264  649  795  796.345740704  17.4376253266  0.0407667449115
1.79953340264  649  821  820.713175943  14.8849974559  -0.000674968005154
1.79953340264  648  845  845.775471469  14.2389347354  0.0254940761076
1.79953340264  647  871  871.06231134  13.059914798  0.00982286499031
1.79953340264  647  896  896.65326268  12.6287731148  0.0320521152413
1.79953340264  646  923  922.643388036  12.3149901133  0.00148566535832
1.79953340264  645  949  949.076159227  12.5118795458  0.0175478671623
1.79953340264  644  976  975.876990441  12.459745983  0.0235373992604
1.79953340264  643  1003  1003.12403504  12.4766035967  0.0283971887057
1.97740340264  638  6  5.51654474273  5.70209100645  -0.152156362224
1.97740340264  639  22  21.9683831312  6.46808991009  -0.013892912886
1.97740340264  640  38  38.4149445876  6.68844914807  -0.00317638798031
1.97740340264  640  55  54.9036136056  6.81273292291  -0.0259603020059
1.97740340264  641  71  71.6239400189  7.01887337151  -0.00295717159272
1.97740340264  642  88  88.3728064917  7.20269403239  -0.0093693541693
1.97740340264  643  105  105.299764665  7.55295723951  -0.00398162146561
1.97740340264  643  122  122.361229145  7.76062502365  0.00736398646482
1.97740340264  644  139  139.601636582  8.43498322077  0.0255736304412
1.97740340264  644  157  156.71761145  8.74721944146  0.000884764058663
1.97740340264  645  174  174.304482616  9.89360106245  0.021742373122
1.97740340264  646  192  191.812170837  11.1343455078  0.00980367430497
1.97740340264  646  210  209.524400351  12.4854562642  -0.0050890819303
1.97740340264  647  228  228.309706875  0.354160049006  -6.30438902681
1.97740340264  647  246  245.501364872  16.7663772236  -0.0121821631146
1.97740340264  648  264  263.966419443  19.9878095927  0.010933106173
1.97740340264  648  283  282.541496263  26.4565961738  -0.0190890625748
1.97740340264  649  303  301.529297462  0.377084447952  -0.0310096481779
1.97740340264  649  322  321.46775761  31.2405779816  -0.00239398674021
1.97740340264  649  341  341.545434961  33.0680070877  0.037750497893
1.97740340264  650  361  360.905299943  26.8711922788  0.016663101548
1.97740340264  650  380  380.572494387  23.2228245818  0.0410945164688
1.97740340264  650  399  400.600940196  23.6645471594  0.0854800786413
1.97740340264  651  419  419.699219442  21.5120621736  0.0545016907554
1.97740340264  651  439  439.45325725  19.2295003881  0.0409434247512
1.97740340264  651  459  459.293614792  0.215536011275  0.0328496421935
1.97740340264  651  479  479.378028836  17.1842169643  0.0338729801607
1.97740340264  651  499  499.717153435  16.6911146669  0.0406619534669
1.97740340264  651  520  520.224137648  17.3068140627  0.0255989084645
1.97740340264  651  541  541.108589972  17.3668652283  0.0244517337975
1.97740340264  651  562  562.177859368  19.183027689  0.020374397959
1.97740340264  651  584  583.573104122  20.5217297009  0.00318744240193
1.97740340264  651  606  605.45549958  22.8241689551  0.000975118732361
1.97740340264  651  629  627.85070367  26.0477585545  -0.00994022381085
1.97740340264  651  652  650.945274902  30.851941354  -0.00068990413016
1.97740340264  650  676  675.463293763  29.4320413462  0.0141694905229
1.97740340264  650  699  699.822939971  29.0851081256  0.0475292408728
1.97740340264  650  723  723.727132439  24.6979632554  0.0368394814518
1.97740340264  649  747  747.763866667  20.9166775639  0.0302529247525
1.97740340264  649  771  771.844565122  0.227120774414  0.0309420805019
1.97740340264  648  795  796.451782737  16.8393669992  0.0378418020471
1.97740340264  648  821  820.827582963  14.8991174764  0.00228684729275
1.97740340264  647  846  845.765754059  13.6465840986  0.00820419881187
1.97740340264  646  871  871.136158996  12.8508744487  0.00467411324019
1.97740340264  646  896  896.74712587  12.8212972721  0.0356410419833
1.97740340264  645  923  922.752805577  12.3164232104  0.00222590204948
1.97740340264  644  949  949.169628117  12.43805182  0.0224356135406
1.97740340264  643  976  975.974175115  12.5034288238  0.0218494544088
1.97740340264  642  1003  1003.20667051  12.721845148  0.0289168371028
2.15527340264  637  6  5.54034109374  5.60243065376  -0.156161278593
2.15527340264  638  22  21.9797834219  6.44580785036  -0.0170853127425
2.15527340264  639  38  38.4399123751  6.74946125765  0.00259036119001
2.15527340264  639  55  54.8748502236  6.91852571085  -0.0304213096979
2.15527340264  640  71  71.6186110069  6.99549163853  -0.00412057545957
2.15527340264  641  88  88.4029120216  7.27783810499  -0.0127548004521
2.15527340264  642  105  105.36576863  7.53296160818  0.00393610276847
2.15527340264  642  122  122.39640566  7.92573709748  0.0153952700909
2.15527340264  643  140  139.508438193  8.23091206142  -0.0139665820853
2.15527340264  644  157  156.761261152  8.90726208405  0.00348221159978
2.15527340264  644  174  174.319061468  9.94781294152  0.0209032557008
2.15527340264  645  192  191.826053891  10.8707364852  0.0219607162116
2.15527340264  645  209  209.703113859  12.6557953826  0.0376771872384
2.15527340264  646  228  228.305130404  0.363303042088  -6.28571439957
2.15527340264  646  246  245.528501451  16.8374188755  -0.00486142989372
2.15527340264  647  264  264.055295388  19.9982174015  0.0134557821317
2.15527340264  647  283  282.685443818  23.6945825884  -0.00511167672477
2.15527340264  648  302  301.966768288  31.3132766422  0.00667962525663
2.15527340264  648  322  321.82527034  31.0216349505  0.00230804861759
2.15527340264  648  341  341.006664066  32.5870027663  0.0333070662943
2.15527340264  649  361  361.049064167  0.324040287335  0.0208317271502
2.15527340264  649  380  380.8081453  25.5557278518  0.0511625604898
2.15527340264  649  400  400.034196926  20.8887973677  0.0238149669713
2.15527340264  650  419  419.662666828  21.2649814367  0.0509444631832
2.15527340264  650  439  439.426908332  19.1118073622  0.0395918533042
2.15527340264  650  459  459.260084899  0.216746070316  0.0312813387397
2.15527340264  650  479  479.413218861  17.3313609417  0.0346336286531
2.15527340264  650  500  499.572824214  16.8015942125  0.0077792153968
2.15527340264  650  520  520.353549818  0.208695105149  0.0305776321128
2.15527340264  650  541  541.09940776  17.4745687909  0.0196799576766
2.15527340264  650  562  562.22227434  19.6525531933  0.0244689861589
2.15527340264  650  584  583.754618455  19.8384283941  0.0138033436233
2.15527340264  650  605  605.674478278  24.4116398108  0.0303381719256
2.15527340264  650  629  628.033577847  26.1710339986  -0.0043454786583
2.15527340264  650  651  651.441525748  31.7079685725  0.0332446458013
2.15527340264  650  676  675.557676963  30.1557448985  0.0130665171563
2.15527340264  649  699  699.84709312  0.385332102014  0.0496870371101
2.15527340264  649  723  723.631386903  24.3993567234  0.0384611456298
2.15527340264  648  747  747.988944203  19.9561947788  0.0305956822146
2.15527340264  648  772  771.651564081  18.1324255778  0.00700050978594
2.15527340264  647  796  796.30091291  16.1239009078  0.0127863121659
2.15527340264  647  821  820.834565592  14.8481326187  0.00349434467375
2.15527340264  646  846  845.796659858  13.7418998405  0.00715437262361
2.15527340264  645  871  871.257188213  13.396973998  0.0129844845798
2.15527340264  645  897  896.704578336  12.8824765328  0.0154096330653
2.15527340264  644  923  922.849981196  12.2988611737  0.00565348289069
2.15527340264  643  949  949.271084312  12.4664258704  0.026504420437
2.15527340264  642  976  976.013912195  12.8684888578  0.0238053456136
2.15527340264  641  1004  1003.25697223  13.2013012136  0.0102012963392
