# Band 2C   Etalon 1B   Slice 14
# Distortion map version 06.04.00 - date 2018-10-09
# Trace (isoalpha): Take pixel trace along specified slice, specified alpha position trace is built by taking the pixel in every detector row with alpha value closest to the one specified 
# xpos[i] = np.argmin(alpha_img[i,:])+funcs.find_nearest(alpha_img[i,:][(slice_img[i,:]!=0)],alpha_pos)
#    alpha       x  y      center         FWHM          skewness
0.0  791  14  14.3001359002  1.7172232024  0.0258175179997
0.0  792  28  28.2175208761  1.7435104234  0.0533542507556
0.0  792  42  42.2221426768  1.63917404447  0.0605792831686
0.0  793  56  56.3907529622  1.59721883264  0.0632798423714
0.0  794  71  70.6774148518  1.70204738957  0.0755921914413
0.0  794  85  85.0590316505  1.70351951346  0.0747611838772
0.0  795  100  99.5991584472  1.76548300201  0.0320161340326
0.0  795  114  114.207760269  1.78472413166  -0.0110976917623
0.0  796  129  129.03895021  1.79841623922  0.0285265943407
0.0  797  144  143.99625933  1.79463616861  0.0282998340384
0.0  797  159  159.006752594  1.77175197933  0.00171432820682
0.0  798  174  174.227615838  1.78047418296  -0.0113382254388
0.0  798  190  189.527927674  1.81117991135  -0.00141112264496
0.0  799  205  205.01984985  1.78371719444  -0.0208867347149
0.0  799  221  220.601318291  1.75271380566  -0.0116650039122
0.0  800  236  236.391603586  1.72899467322  -0.0110282257536
0.0  800  252  252.299161112  1.70989369993  0.0232619319655
0.0  801  268  268.36641251  1.66511514862  0.0324449829805
0.0  801  285  284.544644088  1.67758983509  0.0403593033343
0.0  801  301  300.865310443  1.74752938285  0.0485416941081
0.0  802  317  317.424524983  1.72491258223  0.0692799722141
0.0  802  334  334.06753667  1.77807421262  0.0865627414063
0.0  802  351  350.871966323  1.85915728509  0.0432348067059
0.0  803  368  367.883654439  1.83027481852  0.0547341889135
0.0  803  385  385.007215194  1.85278035666  0.0306636334194
0.0  803  402  402.306196911  1.82748491158  0.0243199263646
0.0  804  420  419.819901359  1.87007195685  0.0395804617012
0.0  804  437  437.467841041  1.86352023882  0.0120592152165
0.0  804  455  455.287417825  1.89332306093  0.00524058925416
0.0  804  473  473.270535461  1.88266250002  -0.00507067776307
0.0  804  491  491.446668122  1.86936037407  -0.0211163547035
0.0  804  510  509.792182492  1.87815878409  -0.0307900064081
0.0  804  528  528.358554421  1.80375677914  0.0577275496057
0.0  804  547  547.057550786  1.89266062651  -0.0287802733089
0.0  804  566  565.959449057  1.86692280974  -0.0152701839426
0.0  804  585  585.063029443  1.89429108916  0.00216488683901
0.0  804  604  604.373327806  1.84453542223  0.0336712572451
0.0  804  624  623.833253733  1.90277715321  0.018902508989
0.0  804  644  643.547866984  1.9053127081  0.0327642024797
0.0  804  663  663.436737956  1.9189658787  0.0266879205313
0.0  803  684  683.537525229  1.9369450986  0.036972863382
0.0  803  704  703.854866962  2.00585113614  0.0342004664633
0.0  803  724  724.408480216  1.98608504626  0.0401156403951
0.0  802  745  745.167426211  2.07555443294  0.0275210270862
0.0  802  766  766.143269017  2.09231421035  0.00951726086962
0.0  801  787  787.355004947  2.14429318072  -0.00110117240873
0.0  801  809  808.775843528  2.14275918124  -0.0464686243937
0.0  800  830  830.455718787  2.12277009818  -0.0452857106917
0.0  800  852  852.341939928  2.13157068208  -0.0435653436828
0.0  799  874  874.479831707  2.09621509209  -0.0181293014127
0.0  798  897  896.862367928  2.16162744743  -0.0111852761091
0.0  798  919  919.451464692  2.12517896053  -0.0116589655084
0.0  797  942  942.407131891  2.15225366226  0.0138511688619
0.0  796  966  965.559604918  2.20954931051  0.00537501291346
0.0  795  989  988.992359276  2.29059367586  0.00246720472677
0.0  794  1013  1012.66322703  2.30770125984  -0.0252264125605
-1.76322770809  800  15  15.0358181937  1.78394874494  0.0262394102122
-1.76322770809  800  29  28.8477909408  1.73547705302  0.00200771933371
-1.76322770809  801  43  42.9196051903  1.72174532149  0.0350497612511
-1.76322770809  802  57  57.0974184245  1.70501354869  0.053480174205
-1.76322770809  802  71  71.3023837777  1.6842019682  0.0400834671902
-1.76322770809  803  86  85.716842604  1.74254497521  0.0399227419715
-1.76322770809  804  100  100.285513725  1.71881328489  0.0578490786232
-1.76322770809  804  115  114.880151178  1.79209965192  0.0418442471551
-1.76322770809  805  130  129.678157989  1.82419211594  0.026164545889
-1.76322770809  806  145  144.637831234  1.84256371669  0.0733954600135
-1.76322770809  806  160  159.619174716  1.84264958778  0.00247534191926
-1.76322770809  807  175  174.832025288  1.80957847012  0.0109801510388
-1.76322770809  807  190  190.134541096  1.78573019478  0.0113019782615
-1.76322770809  808  206  205.616898219  1.81685776093  0.00271536803652
-1.76322770809  808  221  221.179158901  1.77832147662  -0.00851123964394
-1.76322770809  809  237  236.949447504  1.78450408806  -0.0142439382115
-1.76322770809  809  253  252.7977022  1.73002163191  -0.011079116563
-1.76322770809  810  269  268.875030442  1.74560188262  0.0157562909168
-1.76322770809  810  285  285.062488681  1.73703185695  0.054127805593
-1.76322770809  810  301  301.365140803  1.70740314499  0.0565702044587
-1.76322770809  811  318  317.897886076  1.77294239355  0.0650419866316
-1.76322770809  811  334  334.50273242  1.7230615381  0.0370422032552
-1.76322770809  811  351  351.312931036  1.80038839371  0.0571883811744
-1.76322770809  812  368  368.323068739  1.78463260886  0.0421753201738
-1.76322770809  812  385  385.4475275  1.83066240826  0.0302217239663
-1.76322770809  812  403  402.698563145  1.84616080476  0.0118139109136
-1.76322770809  812  420  420.188994593  1.85801975886  0.0302744505427
-1.76322770809  813  438  437.842488785  1.85321741728  0.0265949374288
-1.76322770809  813  456  455.647007679  1.86901585739  0.0137432733202
-1.76322770809  813  474  473.636027445  1.87345182896  0.00158672071736
-1.76322770809  813  492  491.773155048  1.8929405278  -0.0161864118599
-1.76322770809  813  510  510.124843882  1.87194796525  -0.0221334546351
-1.76322770809  813  529  528.621321579  1.86345517878  -0.0292732005289
-1.76322770809  813  547  547.352975865  1.86281287433  -0.0101318603015
-1.76322770809  813  566  566.235297949  1.86959679101  -0.00108854004899
-1.76322770809  813  585  585.337247489  1.84847551125  0.0264532459927
-1.76322770809  813  605  604.583592844  1.85646415471  0.00253743553928
-1.76322770809  813  624  624.105996983  1.90980718757  0.054755517464
-1.76322770809  813  644  643.754027991  1.92533239869  0.0195547563332
-1.76322770809  813  664  663.642583089  1.91090512806  0.0236697835739
-1.76322770809  812  684  683.700359557  1.95235733859  0.0240197257235
-1.76322770809  812  704  704.033362805  2.0065177129  0.0473778616716
-1.76322770809  812  725  724.556108327  1.97862678316  0.0278920752204
-1.76322770809  811  745  745.288491964  2.04559438709  0.0303488083693
-1.76322770809  811  766  766.261006355  2.06387717707  0.0175229709646
-1.76322770809  810  787  787.423953346  2.10007820949  -0.00774916371516
-1.76322770809  810  809  808.844419147  2.13466022349  -0.0378025806012
-1.76322770809  809  830  830.491426768  2.10675558489  -0.0351372495381
-1.76322770809  809  852  852.403605255  2.08981465069  -0.0254765071138
-1.76322770809  808  874  874.499458567  2.08330748652  -0.0168098774142
-1.76322770809  807  897  896.819992916  2.16419603904  -0.0238136515361
-1.76322770809  806  919  919.445982998  2.05415128574  -0.0342392682467
-1.76322770809  806  942  942.379799397  2.12653352037  0.0079536894051
-1.76322770809  805  966  965.520590895  2.24590497063  0.0146872041287
-1.76322770809  804  989  988.922188121  2.28603187958  0.00494967871368
-1.76322770809  803  1013  1012.58025667  2.28741911219  -0.0206506623008
-1.56918770809  799  15  14.947150387  1.77622204107  0.0214879435533
-1.56918770809  799  29  28.8078955477  1.8182947262  0.00293492820485
-1.56918770809  800  43  42.8289884488  1.69986281403  0.0312621509629
-1.56918770809  801  57  57.0191762819  1.68283246411  0.0560400616487
-1.56918770809  801  71  71.2803593276  1.7401073809  0.069631239583
-1.56918770809  802  86  85.6405847366  1.72917735177  0.0380717075315
-1.56918770809  803  100  100.208072171  1.7371505526  0.0565821812751
-1.56918770809  803  115  114.7987339  1.80841511754  0.0310448763789
-1.56918770809  804  130  129.612649455  1.82927171347  0.0280760517933
-1.56918770809  805  145  144.556558687  1.8144339193  0.00274789442287
-1.56918770809  805  160  159.557733873  1.84766368236  0.00587017713908
-1.56918770809  806  175  174.767596524  1.81802774318  0.00294737640539
-1.56918770809  806  190  190.060311689  1.77930987779  0.00139373091722
-1.56918770809  807  206  205.544751753  1.82500391761  -0.000509497509944
-1.56918770809  807  221  221.10596415  1.78080156204  -0.0135443468225
-1.56918770809  808  237  236.870971659  1.76801105713  -0.0255791629272
-1.56918770809  808  253  252.734253289  1.72406656825  -0.0186867779996
-1.56918770809  809  269  268.805287203  1.727793287  0.0137969425694
-1.56918770809  809  285  284.998559699  1.74853581718  0.0514612595986
-1.56918770809  809  301  301.312790274  1.70645663895  0.0693609210385
-1.56918770809  810  318  317.83894442  1.78471196139  0.0686237648926
-1.56918770809  810  334  334.451681428  1.73466527689  0.0492158964461
-1.56918770809  810  351  351.271918268  1.81230592881  0.0627830304631
-1.56918770809  811  368  368.267810662  1.79380234445  0.0476831194637
-1.56918770809  811  385  385.377881795  1.84160975649  0.0192062384581
-1.56918770809  811  403  402.642377085  1.83544747141  0.00941222309148
-1.56918770809  811  420  420.141106934  1.86278084284  0.0305831517951
-1.56918770809  812  438  437.797368673  1.87665480262  0.0214453172278
-1.56918770809  812  456  455.584882831  1.8912934768  -0.000286825730823
-1.56918770809  812  474  473.577427183  1.89052999959  -0.00546562063293
-1.56918770809  812  492  491.728970532  1.88300164757  -0.0143195933757
-1.56918770809  812  510  510.087760238  1.88401049847  -0.0260002131728
-1.56918770809  812  529  528.586015575  1.85006092894  -0.0332373953589
-1.56918770809  812  547  547.319506006  1.8757830489  -0.0122565744396
-1.56918770809  812  566  566.217341272  1.85928852241  0.00599759040985
-1.56918770809  812  585  585.296117984  1.87205155863  0.0267798176497
-1.56918770809  812  605  604.542650051  1.85553796138  0.00625618280872
-1.56918770809  812  624  624.056729727  1.9148070875  0.0440152963558
-1.56918770809  812  644  643.710482268  1.92843772835  0.0233974179473
-1.56918770809  812  664  663.608673551  1.92920821532  0.0294709448208
-1.56918770809  811  684  683.678860947  1.97212446196  0.0271951980994
-1.56918770809  811  704  704.005236416  1.99531516739  0.0513326888112
-1.56918770809  811  725  724.51815991  1.98150159948  0.0274024198444
-1.56918770809  810  745  745.269050445  2.05856172557  0.0331220504878
-1.56918770809  810  766  766.241751163  2.08588119836  0.0228706232836
-1.56918770809  809  787  787.41105399  2.1207172675  -0.00865913617298
-1.56918770809  809  809  808.826159011  2.13398348591  -0.0391161708975
-1.56918770809  808  830  830.478467188  2.10345228288  -0.0385103339528
-1.56918770809  808  852  852.372332109  2.08667597699  -0.0345937397081
-1.56918770809  807  874  874.490593031  2.0919906509  -0.012801720271
-1.56918770809  806  897  896.829403949  2.15235526833  -0.0216847773812
-1.56918770809  806  919  919.426438896  2.11940891049  -0.00555427319441
-1.56918770809  805  942  942.358687693  2.14914827066  0.0129184593077
-1.56918770809  804  965  965.498001083  2.21984074897  0.0124521755712
-1.56918770809  803  989  988.899276517  2.28406821862  -0.00148855689899
-1.56918770809  802  1013  1012.56018926  2.31000783182  -0.0172473247005
-1.37514770809  798  15  14.8429072781  1.75865048896  0.016198758955
-1.37514770809  798  29  28.70352621  1.79045449702  -0.00664491971293
-1.37514770809  799  43  42.7270956626  1.68553268666  0.0209301326163
-1.37514770809  800  57  56.9306980831  1.68939516322  0.0558299868734
-1.37514770809  801  71  71.2011150829  1.79705072072  0.0794248864019
-1.37514770809  801  86  85.5621163691  1.725151843  0.0343359764006
-1.37514770809  802  100  100.137032625  1.75313537218  0.0636818642171
-1.37514770809  802  115  114.730308712  1.79614318365  0.03506008525
-1.37514770809  803  130  129.538808671  1.82008585779  0.0164305504089
-1.37514770809  804  144  144.481231372  1.815330768  0.0018314569215
-1.37514770809  804  159  159.476168589  1.83116350525  -0.0080296865798
-1.37514770809  805  175  174.700734624  1.82645135666  0.000901142260101
-1.37514770809  805  190  189.981282195  1.78490206086  0.00581271184302
-1.37514770809  806  205  205.4753295  1.80227426879  -0.0049470733772
-1.37514770809  806  221  221.034290583  1.78315635128  -0.018433682854
-1.37514770809  807  237  236.809077423  1.75794877764  -0.01901020137
-1.37514770809  807  253  252.689437147  1.72173424411  0.00688872612604
-1.37514770809  808  269  268.756842962  1.73336565342  0.0125814219323
-1.37514770809  808  285  284.927115593  1.74337347086  0.0394755161154
-1.37514770809  808  301  301.26096321  1.70919160313  0.0805261946584
-1.37514770809  809  318  317.781239822  1.7685685082  0.0614142443641
-1.37514770809  809  334  334.408934497  1.73808415571  0.0523506604386
-1.37514770809  809  351  351.206925264  1.80860639204  0.0472297713673
-1.37514770809  810  368  368.215585866  1.80752447729  0.0513047984405
-1.37514770809  810  385  385.327002112  1.84852225861  0.0267454198544
-1.37514770809  810  403  402.608677257  1.84430240672  0.0171361234045
-1.37514770809  810  420  420.116390322  1.90101598576  0.0377684459033
-1.37514770809  811  438  437.752777316  1.86549859786  0.0192277670523
-1.37514770809  811  456  455.554265204  1.89137980334  0.00312355104683
-1.37514770809  811  474  473.548129447  1.88317786739  0.00395768829403
-1.37514770809  811  492  491.685180693  1.89336379409  -0.0112696973588
-1.37514770809  811  510  510.048518341  1.89779707268  -0.0195504830419
-1.37514770809  811  529  528.550307913  1.84929724664  -0.0284842091439
-1.37514770809  811  547  547.281852228  1.88670011423  -0.0234477547351
-1.37514770809  811  566  566.184551713  1.86783232946  0.005324009619
-1.37514770809  811  585  585.265689795  1.85015364568  0.026072197008
-1.37514770809  811  605  604.522809018  1.83806301412  0.0254460241747
-1.37514770809  811  624  624.015875642  1.93529070085  0.0361354662469
-1.37514770809  811  644  643.687813014  1.91716521752  0.0258104608552
-1.37514770809  811  664  663.567428768  1.92884857931  0.0132752100554
-1.37514770809  810  684  683.658150756  1.94836733356  0.0379321384432
-1.37514770809  810  704  703.98103711  2.00865727816  0.0489325855091
-1.37514770809  810  724  724.497665407  1.98958031235  0.0324257919649
-1.37514770809  809  745  745.252431932  2.04092819009  0.0271824340848
-1.37514770809  809  766  766.225689668  2.08372708334  0.0168568297675
-1.37514770809  808  787  787.401868676  2.12485891786  -0.00656646477936
-1.37514770809  808  809  808.814062877  2.14296376617  -0.0445647366273
-1.37514770809  807  830  830.468142244  2.12512707624  -0.0376672399022
-1.37514770809  807  852  852.356762044  2.09298071809  -0.0398759503377
-1.37514770809  806  874  874.484326019  2.09451224264  -0.00405229904561
-1.37514770809  805  897  896.835393605  2.1628709651  -0.01733900252
-1.37514770809  805  919  919.466921111  2.13220581856  0.0159156749812
-1.37514770809  804  942  942.354779475  2.18907925206  0.0106118765838
-1.37514770809  803  965  965.502235406  2.20363706365  0.00730344985961
-1.37514770809  802  989  988.896946032  2.26254448536  -0.0028907736877
-1.37514770809  801  1013  1012.57294138  2.2792321581  -0.0155075483635
-1.18110770809  797  15  14.7631881325  1.76381190153  0.0242091729425
-1.18110770809  798  29  28.6484195768  1.74938083692  0.0157988952081
-1.18110770809  798  43  42.6553342503  1.67969480055  0.0314588002518
-1.18110770809  799  57  56.837565009  1.68979482996  0.0398610966555
-1.18110770809  800  71  71.114818026  1.78360523131  0.0671445863217
-1.18110770809  800  85  85.4921148047  1.69478490201  0.0403832372145
-1.18110770809  801  100  100.051689066  1.74891822583  0.0645176673723
-1.18110770809  801  115  114.646251497  1.78399470815  0.0269596847181
-1.18110770809  802  129  129.459275297  1.81168708594  0.00989670426039
-1.18110770809  803  144  144.407993445  1.81426198478  0.00799126621089
-1.18110770809  803  159  159.405870751  1.81214789626  -0.00402589884644
-1.18110770809  804  175  174.61366032  1.81784150012  -0.00766900974686
-1.18110770809  804  190  189.914716886  1.78499986558  0.00246984131622
-1.18110770809  805  205  205.409149735  1.80465530165  -0.019939133581
-1.18110770809  805  221  220.964759573  1.76592205595  -0.0226391718001
-1.18110770809  806  237  236.755369763  1.74985585893  -0.0067840874887
-1.18110770809  806  253  252.618453111  1.71197000171  -0.00126828584012
-1.18110770809  807  269  268.693124156  1.70505935562  0.0152121945483
-1.18110770809  807  285  284.85514898  1.7297632527  0.0326645167918
-1.18110770809  807  301  301.188548892  1.73131554615  0.0638371785855
-1.18110770809  808  318  317.734129958  1.75779924911  0.0633041515909
-1.18110770809  808  334  334.356955288  1.73400565572  0.05936056778
-1.18110770809  808  351  351.151129157  1.82410823215  0.0310314872274
-1.18110770809  809  368  368.162304584  1.81127578628  0.0559912159184
-1.18110770809  809  385  385.273837378  1.82879695247  0.0258031930118
-1.18110770809  809  403  402.560866486  1.82280907895  0.017011808569
-1.18110770809  810  420  420.070584496  1.92322441377  0.0325870345839
-1.18110770809  810  438  437.712353023  1.86831958954  0.0214025743169
-1.18110770809  810  456  455.518831267  1.887962259  0.00748688995863
-1.18110770809  810  474  473.507885874  1.88916394679  0.00413855349002
-1.18110770809  810  492  491.655321644  1.90133131824  -0.0115842588508
-1.18110770809  810  510  510.008248986  1.90691103358  -0.0266315789175
-1.18110770809  810  529  528.519283286  1.84742459376  -0.0273092095574
-1.18110770809  810  547  547.256189694  1.87494904658  -0.00913351868909
-1.18110770809  810  566  566.135212424  1.84856565893  -0.00547510321744
-1.18110770809  810  585  585.235695276  1.84069181385  0.0238349340749
-1.18110770809  810  605  604.499903655  1.84669536095  0.0277799203994
-1.18110770809  810  624  623.972710753  1.90774957033  0.0254687839507
-1.18110770809  810  644  643.649288354  1.89056638279  0.0232522313492
-1.18110770809  810  664  663.565912258  1.91756095936  0.0280478252443
-1.18110770809  809  684  683.647913442  1.95755995818  0.0384295348066
-1.18110770809  809  704  703.959436539  2.02010605696  0.0489347527427
-1.18110770809  809  724  724.479701695  1.96865792582  0.0331764550153
-1.18110770809  808  745  745.238171106  2.03738233748  0.0325798992512
-1.18110770809  808  766  766.213602582  2.0810417657  0.0193362533173
-1.18110770809  807  787  787.392002509  2.10291766928  -0.00290588560344
-1.18110770809  807  809  808.810755395  2.14780933139  -0.0410668275663
-1.18110770809  806  830  830.471499456  2.11883645489  -0.0308722432904
-1.18110770809  806  852  852.346201124  2.09042515517  -0.0406553683653
-1.18110770809  805  874  874.472980555  2.09085694259  -0.0202590448413
-1.18110770809  804  897  896.833334513  2.13036862783  -0.0222101677624
-1.18110770809  804  919  919.460279964  2.12183843146  0.0171935756245
-1.18110770809  803  942  942.377360239  2.1729109902  0.0258699728005
-1.18110770809  802  965  965.502481465  2.20826399935  0.00280615186552
-1.18110770809  801  989  988.898462248  2.25900150513  -0.00498916516599
-1.18110770809  800  1013  1012.59201288  2.26655657665  -0.0140706511339
-0.987067708085  796  15  14.6774198848  1.74700907733  0.0237609943631
-0.987067708085  797  29  28.6157847142  1.74693781302  0.0716434817023
-0.987067708085  797  43  42.5694154847  1.67322440585  0.0197496947288
-0.987067708085  798  57  56.7576813376  1.67710187849  0.0345640640142
-0.987067708085  799  71  71.081897965  1.69697280118  0.107111594792
-0.987067708085  799  85  85.4161095888  1.68310378643  0.0474460741276
-0.987067708085  800  100  99.977521734  1.76779611605  0.072265605856
-0.987067708085  800  115  114.568327157  1.84769856709  -0.0123488784229
-0.987067708085  801  129  129.382527204  1.81768565256  0.00524705172606
-0.987067708085  802  144  144.33828561  1.79311058065  0.00786460767208
-0.987067708085  802  159  159.334702372  1.80730186137  -0.00132718731035
-0.987067708085  803  175  174.545619744  1.81410552527  -0.000357208023796
-0.987067708085  803  190  189.850661343  1.78980639345  0.0109768732936
-0.987067708085  804  205  205.336861547  1.79461533833  -0.0204137040745
-0.987067708085  804  221  220.906615287  1.76553310414  -0.0105260359054
-0.987067708085  805  237  236.679644997  1.75722139887  -0.00630922687084
-0.987067708085  805  253  252.570048423  1.69300363737  0.00400631871631
-0.987067708085  806  269  268.630384841  1.69146465076  0.0188144939836
-0.987067708085  806  285  284.803065306  1.7271708769  0.037230411808
-0.987067708085  806  301  301.144593121  1.74935825253  0.0728496129969
-0.987067708085  807  318  317.677315452  1.75762439466  0.0624655894769
-0.987067708085  807  334  334.313005616  1.74747946669  0.076859706226
-0.987067708085  807  351  351.140392082  1.87756704702  0.0581912555653
-0.987067708085  808  368  368.115051308  1.81853971368  0.0539071966074
-0.987067708085  808  385  385.231094399  1.83443320068  0.0279737949419
-0.987067708085  808  403  402.521710521  1.82610135028  0.0187131993346
-0.987067708085  809  420  420.038260283  1.85810805368  0.0313738871841
-0.987067708085  809  438  437.671032029  1.8631848293  0.0279275556716
-0.987067708085  809  455  455.47957277  1.8869295639  0.0066819503555
-0.987067708085  809  473  473.466294625  1.86965873096  0.00153353611615
-0.987067708085  809  492  491.614502691  1.892109698  -0.0141441995115
-0.987067708085  809  510  509.969807531  1.90910346905  -0.026431189831
-0.987067708085  809  528  528.491380175  1.85721877766  -0.0195790490299
-0.987067708085  809  547  547.217010706  1.867199387  -0.0114345090368
-0.987067708085  809  566  566.117437402  1.86674770009  0.00304363237024
-0.987067708085  809  585  585.201874229  1.86614796833  0.0212055275956
-0.987067708085  809  604  604.480210994  1.8299586067  0.0337360280252
-0.987067708085  809  624  623.958465056  1.93233297398  0.0398245178464
-0.987067708085  809  644  643.640688832  1.90566373523  0.0302093576204
-0.987067708085  809  664  663.530168736  1.91448124851  0.0239654569212
-0.987067708085  808  684  683.618189428  1.93925275282  0.0260293877472
-0.987067708085  808  704  703.936986631  2.01929212439  0.0432448770514
-0.987067708085  808  724  724.471592088  1.98015397499  0.0302272124588
-0.987067708085  807  745  745.192254451  2.05479125482  0.0234691367837
-0.987067708085  807  766  766.194343328  2.0859787958  0.0177235747883
-0.987067708085  806  787  787.38552176  2.10339626412  -0.00832871227935
-0.987067708085  806  809  808.807481155  2.16046456841  -0.0446646308511
-0.987067708085  805  830  830.461248218  2.10278853314  -0.041334369491
-0.987067708085  805  852  852.363317777  2.09999389579  -0.0225208383914
-0.987067708085  804  874  874.470630877  2.07918547067  -0.0148196818105
-0.987067708085  803  897  896.834865505  2.14685091698  -0.00959216359322
-0.987067708085  803  919  919.451494958  2.12282263515  0.00373803045901
-0.987067708085  802  942  942.368941603  2.17593270445  0.0190593400378
-0.987067708085  801  966  965.499568396  2.22049422357  -0.00155049357694
-0.987067708085  800  989  988.92154835  2.28705185421  -0.00244584635455
-0.987067708085  799  1013  1012.60319598  2.27949410049  -0.00557653565932
-0.793027708085  795  15  14.5982993067  1.72341720601  0.0276473864167
-0.793027708085  796  29  28.5447648606  1.76036379031  0.0622304864286
-0.793027708085  796  42  42.4914108698  1.66415789173  0.0220399366562
-0.793027708085  797  57  56.6753898406  1.65717559554  0.0345873401851
-0.793027708085  798  71  71.0007013974  1.71285459881  0.0976511166212
-0.793027708085  798  85  85.3326105594  1.67783425106  0.0532515788205
-0.793027708085  799  100  99.9008155808  1.76084757989  0.0678853775371
-0.793027708085  799  114  114.494691674  1.84391272265  -0.0187180389575
-0.793027708085  800  129  129.299578659  1.79893232972  -0.00174508108999
-0.793027708085  801  144  144.26843193  1.79978069362  0.0026632693976
-0.793027708085  801  159  159.262844349  1.795724893  -0.00663890019846
-0.793027708085  802  174  174.48576997  1.79882703357  -0.00659880544949
-0.793027708085  802  190  189.787687445  1.79894175348  0.010313728047
-0.793027708085  803  205  205.276575147  1.79202898155  -0.0226909304229
-0.793027708085  803  221  220.827940431  1.75577991308  -0.0177166644506
-0.793027708085  804  237  236.618433089  1.75516264068  -0.0151438893719
-0.793027708085  804  252  252.496224821  1.68950489211  -0.00749652707062
-0.793027708085  805  269  268.572208651  1.68435605005  0.00936263285077
-0.793027708085  805  285  284.751989918  1.69777663682  0.0371276057322
-0.793027708085  805  301  301.076375677  1.7451570586  0.0502634102052
-0.793027708085  806  318  317.612119597  1.76049269312  0.0479562939705
-0.793027708085  806  334  334.269549758  1.75292507397  0.0806014363376
-0.793027708085  807  351  351.072923933  1.8796960163  0.0572323154784
-0.793027708085  807  368  368.065779117  1.81323081436  0.0528729075253
-0.793027708085  807  385  385.189113552  1.8615749566  0.0304021698008
-0.793027708085  807  402  402.475326347  1.81854487604  0.0231171587391
-0.793027708085  808  420  420.000772317  1.87268146471  0.0365293309588
-0.793027708085  808  438  437.622784428  1.86282833504  0.0208052275768
-0.793027708085  808  455  455.430954779  1.88368463223  0.00217617658721
-0.793027708085  808  473  473.428333721  1.89201041552  0.00199600657036
-0.793027708085  808  492  491.574238924  1.89387846545  -0.00986144122909
-0.793027708085  808  510  509.928845344  1.88856758416  -0.0255519893632
-0.793027708085  808  528  528.445969682  1.85677796382  -0.0291897532645
-0.793027708085  808  547  547.165524105  1.88941817115  -0.0205017696417
-0.793027708085  808  566  566.07525485  1.8673969695  -0.00455139498639
-0.793027708085  808  585  585.171892211  1.87288868046  0.022801557452
-0.793027708085  808  604  604.452022321  1.82442402352  0.0221949276173
-0.793027708085  808  624  623.929691952  1.91014947899  0.0272708959485
-0.793027708085  808  644  643.614509889  1.92265732926  0.0242298345504
-0.793027708085  808  664  663.523262739  1.91615798552  0.0366931628712
-0.793027708085  807  684  683.604526224  1.94678251934  0.0310477613851
-0.793027708085  807  704  703.916485275  1.99865368342  0.0378077205063
-0.793027708085  807  724  724.46201337  1.99983682874  0.0352376644692
-0.793027708085  806  745  745.181803028  2.04513989878  0.0222110968088
-0.793027708085  806  766  766.177571872  2.09973389452  0.0160651739991
-0.793027708085  805  787  787.37403245  2.08047817114  -0.0153121395018
-0.793027708085  805  809  808.797796802  2.12337276335  -0.0401361115642
-0.793027708085  804  830  830.460536867  2.09692119801  -0.0384009283252
-0.793027708085  804  852  852.346520361  2.1111314337  -0.0389856989077
-0.793027708085  803  874  874.475657445  2.08768621908  -0.0225754707897
-0.793027708085  802  897  896.835777239  2.14619393858  -0.0141731027974
-0.793027708085  802  919  919.450818381  2.12831031666  0.00205670606115
-0.793027708085  801  942  942.393075453  2.19146770058  0.0265182263598
-0.793027708085  800  966  965.510272779  2.20629325602  0.00387595197348
-0.793027708085  799  989  988.939818966  2.27664443785  0.00539636604347
-0.793027708085  798  1013  1012.62671983  2.31112339267  -0.0143844982652
-0.598987708085  794  15  14.5169147779  1.72205712107  0.0146993171959
-0.598987708085  795  28  28.4638093432  1.75301121794  0.0719967615209
-0.598987708085  795  42  42.4265794696  1.63694347322  0.0382361736558
-0.598987708085  796  57  56.5908573842  1.64118777467  0.0239759712064
-0.598987708085  797  71  70.9028797443  1.69611656036  0.0584854624001
-0.598987708085  797  85  85.2635574811  1.6804573484  0.057017185837
-0.598987708085  798  100  99.8143183975  1.77232996868  0.0573989279106
-0.598987708085  798  114  114.459752494  1.79626984181  0.0239184388344
-0.598987708085  799  129  129.235127462  1.78603681079  0.00623407846642
-0.598987708085  800  144  144.201899244  1.79403367069  0.0139522814013
-0.598987708085  800  159  159.197331437  1.7733648846  -0.0126380599972
-0.598987708085  801  174  174.420478911  1.7979179154  -0.00673953505559
-0.598987708085  801  190  189.713285118  1.79279496398  0.00905414826273
-0.598987708085  802  205  205.211148689  1.77852968055  -0.0273459826544
-0.598987708085  802  221  220.772681088  1.76242377909  -0.0106559795739
-0.598987708085  803  237  236.558135642  1.72902496191  -0.00705127269559
-0.598987708085  803  252  252.449565786  1.69620197113  0.00971592743214
-0.598987708085  804  269  268.519962103  1.676850858  0.0152288954514
-0.598987708085  804  285  284.684547634  1.69748369608  0.022788349329
-0.598987708085  804  301  301.04632573  1.7914384429  0.0584722215242
-0.598987708085  805  318  317.565191276  1.74119483808  0.0631912104451
-0.598987708085  805  334  334.216745554  1.75729551383  0.0876263126685
-0.598987708085  806  351  351.058556413  1.81985245474  0.0795350840753
-0.598987708085  806  368  368.016092142  1.81135321332  0.0555653667155
-0.598987708085  806  385  385.136858253  1.84140569723  0.0283349768157
-0.598987708085  806  402  402.42931311  1.82344831623  0.0214315517573
-0.598987708085  807  420  419.938676656  1.87912755071  0.0241139745495
-0.598987708085  807  438  437.58048623  1.86299942525  0.014382847001
-0.598987708085  807  455  455.383837645  1.87998025385  -0.00682608979693
-0.598987708085  807  473  473.377168079  1.88916455947  -0.00860310917758
-0.598987708085  807  492  491.541768475  1.90389331168  -0.0115042296962
-0.598987708085  807  510  509.893505084  1.87894829743  -0.0252444376823
-0.598987708085  807  528  528.343742276  1.87343584033  -0.0858196476311
-0.598987708085  807  547  547.139507876  1.89969785982  -0.0209808144868
-0.598987708085  807  566  566.036075294  1.84229952751  -0.0135337391506
-0.598987708085  807  585  585.140443118  1.8849267902  0.00876575042662
-0.598987708085  807  604  604.437208124  1.84420207509  0.0384761003948
-0.598987708085  807  624  623.908223127  1.91690311078  0.0351855145914
-0.598987708085  807  644  643.604081223  1.90888221081  0.0418668153447
-0.598987708085  807  663  663.497742232  1.97665953536  0.0457718190238
-0.598987708085  806  684  683.58596412  1.94043354543  0.032662320602
-0.598987708085  806  704  703.896097986  1.99464372529  0.0393235836078
-0.598987708085  806  724  724.439783632  2.00448074942  0.0508916116627
-0.598987708085  805  745  745.189868305  2.07785637827  0.0286658685468
-0.598987708085  805  766  766.162704455  2.08801694946  0.0219821076034
-0.598987708085  804  787  787.370083489  2.09819310707  -0.0209345831177
-0.598987708085  804  809  808.786508429  2.12593114114  -0.0390507690696
-0.598987708085  803  830  830.440270193  2.09044771941  -0.0518121822986
-0.598987708085  803  852  852.335429336  2.10907525093  -0.0390177532359
-0.598987708085  802  874  874.460696239  2.09515502467  -0.0251370501906
-0.598987708085  801  897  896.837964244  2.13417179951  -0.0114304228888
-0.598987708085  801  919  919.457425222  2.1167599353  0.00622445935229
-0.598987708085  800  942  942.383369101  2.18712042623  0.0200592388593
-0.598987708085  799  966  965.524029827  2.20850764759  0.00880306193691
-0.598987708085  798  989  988.95301776  2.27397153693  0.00465629761154
-0.598987708085  797  1013  1012.63520889  2.27894424256  -0.0174076229486
-0.404947708085  793  14  14.4443921888  1.7158063294  0.0128713812815
-0.404947708085  794  28  28.39518564  1.64316452786  0.0519494041975
-0.404947708085  794  42  42.3633374159  1.63517592169  0.0617843012417
-0.404947708085  795  57  56.5250812679  1.63617453252  0.0349374795212
-0.404947708085  796  71  70.8173941575  1.68926969865  0.0439083958863
-0.404947708085  796  85  85.1976341371  1.69466463162  0.0697211443901
-0.404947708085  797  100  99.7379619984  1.76678358272  0.050808684409
-0.404947708085  797  114  114.405979615  1.79600639622  0.0314348893397
-0.404947708085  798  129  129.171124838  1.78625588792  0.0199194269555
-0.404947708085  799  144  144.136870125  1.78911198535  0.0172488739632
-0.404947708085  799  159  159.12385997  1.78157932996  -0.00963693063402
-0.404947708085  800  174  174.357743877  1.78453548962  -0.00863035239031
-0.404947708085  800  190  189.640464023  1.79659776228  -0.00205053394807
-0.404947708085  801  205  205.147331654  1.79071299956  -0.0129870386335
-0.404947708085  801  221  220.715725564  1.75696916639  -0.0128821808923
-0.404947708085  802  237  236.512576928  1.73435051143  -0.0070232377013
-0.404947708085  802  252  252.401240295  1.70012519914  0.0145734995959
-0.404947708085  803  268  268.463956642  1.68508881106  0.0164266585157
-0.404947708085  803  285  284.628028507  1.69273523812  0.0245273126917
-0.404947708085  804  301  300.989716855  1.80708884377  0.0454245311051
-0.404947708085  804  317  317.502760662  1.74279158417  0.0558102389617
-0.404947708085  804  334  334.1772803  1.75892060885  0.0946716778725
-0.404947708085  805  351  351.010375052  1.81047734052  0.0637843013618
-0.404947708085  805  368  367.971296153  1.82959445933  0.0556055876114
-0.404947708085  805  385  385.096994028  1.85257373507  0.0364957421153
-0.404947708085  805  402  402.389050168  1.82859376208  0.0233887385832
-0.404947708085  806  420  419.887180827  1.8717454298  0.015829784182
-0.404947708085  806  438  437.545843132  1.86251058138  0.0206729018608
-0.404947708085  806  455  455.351910777  1.89037598096  0.00481262627743
-0.404947708085  806  473  473.341299669  1.87586574248  -0.0108485560326
-0.404947708085  806  492  491.516854914  1.89399490066  -0.00992011565082
-0.404947708085  806  510  509.861689453  1.88515220863  -0.023261418848
-0.404947708085  806  528  528.20918794  1.81758014353  -0.187429370668
-0.404947708085  806  547  547.116081697  1.88873756649  -0.0228901594699
-0.404947708085  806  566  566.011280142  1.85590171824  -0.0035904083119
-0.404947708085  806  585  585.121808116  1.88995614851  0.0133258860963
-0.404947708085  806  604  604.420590455  1.83031945355  0.037373029648
-0.404947708085  806  624  623.879214318  1.93375019055  0.0249247747886
-0.404947708085  806  644  643.570408339  1.8874222804  0.0267776425111
-0.404947708085  806  663  663.478900982  1.91640768118  0.0341144642907
-0.404947708085  805  684  683.569031687  1.93498533849  0.0358495321743
-0.404947708085  805  704  703.879135496  2.00036992449  0.0371656579289
-0.404947708085  805  724  724.421069869  2.00353175131  0.0281116317105
-0.404947708085  804  745  745.17392438  2.05916319538  0.0312264107516
-0.404947708085  804  766  766.161373191  2.08780398267  0.0125788565599
-0.404947708085  804  787  787.357448421  2.11307030195  -0.0198706481654
-0.404947708085  803  809  808.785697875  2.12481940559  -0.0423424203789
-0.404947708085  802  830  830.450902104  2.10665925194  -0.042011584005
-0.404947708085  802  852  852.338307511  2.10894804942  -0.0389486421652
-0.404947708085  801  874  874.461040865  2.1001650207  -0.0292631841105
-0.404947708085  800  897  896.848997778  2.16340325084  -0.0143267459824
-0.404947708085  800  919  919.462587222  2.14409496486  0.00517385609508
-0.404947708085  799  942  942.382647798  2.16987973734  0.0161371662884
-0.404947708085  798  966  965.542848461  2.20622320984  0.0159366631436
-0.404947708085  797  989  988.936743697  2.27112398548  -0.0126318112237
-0.404947708085  796  1013  1012.64234533  2.28392825189  -0.0194959945768
-0.210907708085  792  14  14.3715907482  1.72932368592  0.0186452734319
-0.210907708085  793  28  28.3194117595  1.63675277722  0.0647293516308
-0.210907708085  793  42  42.291046602  1.62708165518  0.0540059116232
-0.210907708085  794  56  56.4597621022  1.60684973264  0.0555505046909
-0.210907708085  795  71  70.7441620942  1.67097897643  0.0465546615005
-0.210907708085  795  85  85.1290198487  1.70215435436  0.0767034571128
-0.210907708085  796  100  99.6704889682  1.75787104094  0.0450490137682
-0.210907708085  797  114  114.352338339  1.83402790572  0.0546837809082
-0.210907708085  797  129  129.11162197  1.78839203658  0.0283808538234
-0.210907708085  798  144  144.068098345  1.79338082998  0.0229253058115
-0.210907708085  798  159  159.072380002  1.79647571907  0.0113919152437
-0.210907708085  799  174  174.294351533  1.77421895207  -0.0120162393693
-0.210907708085  799  190  189.592236118  1.81056454865  0.000154693508485
-0.210907708085  800  205  205.082980368  1.79277614448  -0.0198332608889
-0.210907708085  800  221  220.662378909  1.74567379948  -0.00485552733389
-0.210907708085  801  236  236.452487649  1.73263857886  -0.00514292391189
-0.210907708085  801  252  252.35175783  1.69064300085  0.0199545437509
-0.210907708085  802  268  268.407483466  1.67560553718  0.021514632134
-0.210907708085  802  285  284.579503194  1.68971659961  0.0218805686201
-0.210907708085  803  301  300.928248572  1.78735660369  0.034969930476
-0.210907708085  803  317  317.455480136  1.72319099948  0.0529892976825
-0.210907708085  803  334  334.129498983  1.78076051616  0.08883005618
-0.210907708085  804  351  350.959556382  1.81664841419  0.0601370504691
-0.210907708085  804  368  367.919002842  1.83938507834  0.051947215049
-0.210907708085  804  385  385.046785477  1.85025512966  0.0330318685889
-0.210907708085  804  402  402.348002754  1.81889270136  0.0238052771251
-0.210907708085  805  420  419.850571001  1.8694907141  0.0166999248188
-0.210907708085  805  438  437.511114407  1.86935016165  0.0142577495795
-0.210907708085  805  455  455.297302302  1.88899878088  -0.00588892269589
-0.210907708085  805  473  473.307794463  1.88346942887  -0.0113674675821
-0.210907708085  805  491  491.475219936  1.88705254819  -0.0231744630156
-0.210907708085  805  510  509.835670946  1.88876142909  -0.0218790371711
-0.210907708085  805  528  528.361508855  1.75607537441  0.0450804102721
-0.210907708085  805  547  547.092483155  1.90603588179  -0.0235766115374
-0.210907708085  805  566  565.976111949  1.87597340627  -0.0107282671341
-0.210907708085  805  585  585.082475147  1.87197166132  0.00383619532992
-0.210907708085  805  604  604.389116507  1.8389463595  0.0324437059891
-0.210907708085  805  624  623.857267303  1.92062019738  0.0214274455777
-0.210907708085  805  644  643.569055182  1.88651517088  0.0361967138746
-0.210907708085  805  663  663.469046861  1.92070371195  0.0350102179977
-0.210907708085  804  684  683.545649688  1.94878376764  0.0306255948113
-0.210907708085  804  704  703.873374596  1.99660747161  0.0358100857022
-0.210907708085  804  724  724.41914801  1.99501531571  0.0465828881324
-0.210907708085  803  745  745.174272305  2.06300568733  0.0328491302057
-0.210907708085  803  766  766.145245682  2.09430675943  0.0132925698949
-0.210907708085  803  787  787.362684145  2.11385476527  -0.0179529026529
-0.210907708085  802  809  808.780437445  2.11617623219  -0.0454841308419
-0.210907708085  801  830  830.46388109  2.10292062187  -0.0312574804691
-0.210907708085  801  852  852.336237143  2.11735985538  -0.0422078476618
-0.210907708085  800  874  874.450360571  2.09680294842  -0.0385556257659
-0.210907708085  799  897  896.856226815  2.16037578243  -0.00978434027002
-0.210907708085  799  919  919.473948075  2.1212870021  0.013957597374
-0.210907708085  798  942  942.395989004  2.15213520891  0.0133378449452
-0.210907708085  797  966  965.556331356  2.19189479128  0.0105451188812
-0.210907708085  796  989  988.959011148  2.28367447852  -0.00870956951789
-0.210907708085  795  1013  1012.66531847  2.30441622693  -0.0158068170955
-0.0168677080852  791  14  14.3000840469  1.71752452933  0.0255466890324
-0.0168677080852  792  28  28.2373538769  1.67902213549  0.0435228747235
-0.0168677080852  792  42  42.2221364252  1.63919063228  0.0605313158016
-0.0168677080852  793  56  56.3907529622  1.59721883264  0.0632798423714
-0.0168677080852  794  71  70.6686304071  1.66617323336  0.0384610935887
-0.0168677080852  794  85  85.0592243109  1.70350057958  0.0757140818797
-0.0168677080852  795  100  99.5991584472  1.76548300201  0.0320161340326
-0.0168677080852  796  114  114.277558054  1.82712284889  0.0447660504236
-0.0168677080852  796  129  129.03895021  1.79841623922  0.0285265943407
-0.0168677080852  797  144  143.996093369  1.79482363735  0.0273671039209
-0.0168677080852  797  159  159.006752594  1.77175197933  0.00171432820682
-0.0168677080852  798  174  174.227540866  1.78076804095  -0.0116881230119
-0.0168677080852  798  190  189.527914447  1.81042962986  -0.00163573001711
-0.0168677080852  799  205  205.01984985  1.78371719444  -0.0208867347149
-0.0168677080852  799  221  220.601294372  1.75240047816  -0.0118104448088
-0.0168677080852  800  236  236.391603586  1.72899467322  -0.0110282257536
-0.0168677080852  800  252  252.299161112  1.70989369993  0.0232619319655
-0.0168677080852  801  268  268.366428761  1.66497006169  0.0325508892531
-0.0168677080852  801  285  284.544644088  1.67758983509  0.0403593033343
-0.0168677080852  802  301  300.911476465  1.75320559702  0.0651110681599
-0.0168677080852  802  317  317.424524983  1.72491258223  0.0692799722141
-0.0168677080852  802  334  334.06753667  1.77807421262  0.0865627414063
-0.0168677080852  803  351  350.907292902  1.8067178139  0.0596081283059
-0.0168677080852  803  368  367.883654439  1.83027481852  0.0547341889135
-0.0168677080852  803  385  385.007215194  1.85278035666  0.0306636334194
-0.0168677080852  803  402  402.306196911  1.82748491158  0.0243199263646
-0.0168677080852  804  420  419.811275088  1.86159004309  0.0247900986963
-0.0168677080852  804  437  437.467841041  1.86352023882  0.0120592152165
-0.0168677080852  804  455  455.287417825  1.89332306093  0.00524058925416
-0.0168677080852  804  473  473.270535461  1.88266250002  -0.00507067776307
-0.0168677080852  804  491  491.446668122  1.86936037407  -0.0211163547035
-0.0168677080852  804  510  509.792182492  1.87815878409  -0.0307900064081
-0.0168677080852  804  528  528.358554421  1.80375677914  0.0577275496057
-0.0168677080852  804  547  547.057550786  1.89266062651  -0.0287802733089
-0.0168677080852  804  566  565.959449057  1.86692280974  -0.0152701839426
-0.0168677080852  804  585  585.063029443  1.89429108916  0.00216488683901
-0.0168677080852  804  604  604.373327806  1.84453542223  0.0336712572451
-0.0168677080852  804  624  623.833253733  1.90277715321  0.018902508989
-0.0168677080852  804  644  643.547866984  1.9053127081  0.0327642024797
-0.0168677080852  804  663  663.436743843  1.9187472876  0.0265331841806
-0.0168677080852  803  684  683.537512848  1.93637901146  0.0372283822763
-0.0168677080852  803  704  703.854866962  2.00585113614  0.0342004664633
-0.0168677080852  803  724  724.408480216  1.98608504626  0.0401156403951
-0.0168677080852  802  745  745.167431656  2.07551843122  0.0275444798394
-0.0168677080852  802  766  766.143269017  2.09231421035  0.00951726086962
-0.0168677080852  802  787  787.376246942  2.11152067527  0.00143422386621
-0.0168677080852  801  809  808.775843528  2.14275918124  -0.0464686243937
-0.0168677080852  800  830  830.455705104  2.12619477097  -0.047567507779
-0.0168677080852  800  852  852.341942396  2.13147634656  -0.0436394120157
-0.0168677080852  799  874  874.479839428  2.09608820919  -0.0180122827791
-0.0168677080852  798  897  896.862372581  2.16168153462  -0.0110684206136
-0.0168677080852  798  919  919.451385478  2.12531135118  -0.0106614545532
-0.0168677080852  797  942  942.407132278  2.15231934314  0.0139002240726
-0.0168677080852  796  966  965.559580847  2.20924334629  0.00517727182082
-0.0168677080852  795  989  988.992379054  2.29065613995  0.00257327328809
-0.0168677080852  794  1013  1012.66322792  2.3077201367  -0.0252235812337
0.177172291915  790  14  14.2209103298  1.69240193962  0.0269942187912
0.177172291915  791  28  28.1694204444  1.68813012416  0.0476395989626
0.177172291915  791  42  42.147515034  1.65913766895  0.0584769452593
0.177172291915  792  56  56.3273578868  1.61424760557  0.0720785131771
0.177172291915  793  71  70.6058659745  1.65153494742  0.0502573811182
0.177172291915  793  85  84.9890832787  1.71680731664  0.0730903133767
0.177172291915  794  100  99.5368166586  1.74505470385  0.0344359951468
0.177172291915  795  114  114.201177698  1.8387345412  0.0433308063456
0.177172291915  795  129  128.966827308  1.7968202389  0.0283351254175
0.177172291915  796  144  143.938911458  1.8107082682  0.0323456974603
0.177172291915  796  159  158.953574858  1.79026664098  0.0070068430115
0.177172291915  797  174  174.165919349  1.77501245036  -0.00500247686819
0.177172291915  797  189  189.466993355  1.79971546608  -0.00490076725871
0.177172291915  798  205  204.961540921  1.78502096268  -0.0138821665741
0.177172291915  798  221  220.553997147  1.76184136944  -0.0103571270765
0.177172291915  799  236  236.350931249  1.73328800809  -0.00395366889942
0.177172291915  799  252  252.243202956  1.71869929061  0.0147270504253
0.177172291915  800  268  268.327193045  1.67952514231  0.0381100851561
0.177172291915  800  284  284.502610537  1.67766821293  0.0480697689956
0.177172291915  801  301  300.865232715  1.74706552856  0.0492824332625
0.177172291915  801  317  317.360846115  1.74940694684  0.0571938122695
0.177172291915  801  334  334.023196112  1.80747547134  0.0755624860471
0.177172291915  802  351  350.856084119  1.81857780573  0.0542900777998
0.177172291915  802  368  367.833695258  1.85876587194  0.0456805197736
0.177172291915  802  385  384.966364438  1.84382279281  0.0303895675918
0.177172291915  802  402  402.280399065  1.82256932542  0.0257740328663
0.177172291915  803  420  419.774557056  1.85968392521  0.0191154547774
0.177172291915  803  437  437.42957316  1.85121846943  0.0135025508387
0.177172291915  803  455  455.244195768  1.88827352059  -0.00261782335232
0.177172291915  803  473  473.243094989  1.89133600918  -0.00881098508067
0.177172291915  803  491  491.418438177  1.89201324714  -0.0074367185943
0.177172291915  803  510  509.757769945  1.87312235382  -0.0335426781942
0.177172291915  803  528  528.301760667  1.87191456612  -0.0169411852104
0.177172291915  803  547  547.018697551  1.90085139328  -0.028654258554
0.177172291915  803  566  565.943963254  1.86831014771  -0.00919120099339
0.177172291915  803  585  585.02395856  1.92006645669  -0.00627731438715
0.177172291915  803  604  604.354252474  1.83916406279  0.0339387318819
0.177172291915  803  624  623.82285191  1.9051789365  0.0246755089083
0.177172291915  803  644  643.534252806  1.89772898981  0.0281308390902
0.177172291915  803  663  663.436079391  1.92319830002  0.0349735617042
0.177172291915  802  684  683.534944239  1.93746249934  0.0370203349996
0.177172291915  802  704  703.843519203  2.00912105251  0.0299060073525
0.177172291915  802  724  724.405706066  1.99533019128  0.0392881968568
0.177172291915  801  745  745.162638322  2.05813957488  0.0389551832719
0.177172291915  801  766  766.146874536  2.10477316102  0.0127559891674
0.177172291915  801  787  787.36371101  2.1424340417  0.00108886263648
0.177172291915  800  809  808.769936571  2.12907309948  -0.0501161820472
0.177172291915  799  830  830.459159621  2.11933934514  -0.0350001514154
0.177172291915  799  852  852.347233698  2.09740565772  -0.040754645619
0.177172291915  798  874  874.497745341  2.08921664578  -0.0182426635103
0.177172291915  797  897  896.873754624  2.16535292776  -3.07965450224e-05
0.177172291915  797  919  919.468758301  2.14503614601  -0.00237018355976
0.177172291915  796  942  942.417155774  2.17589761772  0.0117082826452
0.177172291915  795  966  965.567178981  2.20831902547  0.00157689248783
0.177172291915  794  989  988.993409053  2.26910935147  -0.000295348729098
0.177172291915  793  1013  1012.69602211  2.30578288372  -0.0208091084109
0.371212291915  789  14  14.1436500199  1.70888489603  0.0308067738604
0.371212291915  790  28  28.0999440711  1.70977420141  0.0389339725873
0.371212291915  790  42  42.0836024729  1.66716459063  0.0660418809441
0.371212291915  791  56  56.2618845882  1.63818902314  0.0798153446955
0.371212291915  792  71  70.5342582858  1.64390812389  0.0415461856633
0.371212291915  792  85  84.9195704989  1.70881322353  0.0703348792498
0.371212291915  793  99  99.4596604022  1.73721971774  0.0280771338179
0.371212291915  794  114  114.166471668  1.75921727662  0.0511709077433
0.371212291915  794  129  128.917575377  1.79531911536  0.0347935690886
0.371212291915  795  144  143.861915106  1.82043100586  0.0202475534795
0.371212291915  795  159  158.892875576  1.78717256757  0.0160757669537
0.371212291915  796  174  174.100297852  1.78664221965  -0.00926578523462
0.371212291915  796  189  189.410298831  1.80337883307  -0.00687501632317
0.371212291915  797  205  204.903696599  1.7766137989  -0.0117322269886
0.371212291915  797  221  220.506605167  1.76013526926  -0.00364314595618
0.371212291915  798  236  236.299234816  1.72702539668  -0.00229384923279
0.371212291915  798  252  252.183505983  1.72644125664  0.0153863118939
0.371212291915  799  268  268.277990544  1.67765950024  0.044294710587
0.371212291915  799  284  284.453927189  1.67496813322  0.0433078533405
0.371212291915  800  301  300.815768203  1.7475221724  0.045269352288
0.371212291915  800  317  317.327527626  1.74258549411  0.066939596374
0.371212291915  800  334  333.978831515  1.81083528791  0.0750048431622
0.371212291915  801  351  350.828004241  1.83392833915  0.0606524521431
0.371212291915  801  368  367.798752137  1.84583260251  0.0478123579934
0.371212291915  801  385  384.908513062  1.84790317592  0.0229776381935
0.371212291915  801  402  402.248129205  1.84424131394  0.0226081045407
0.371212291915  802  420  419.743448712  1.85705023024  0.017178742433
0.371212291915  802  437  437.39662551  1.85628024644  0.0120062670633
0.371212291915  802  455  455.219592697  1.87795857267  0.00550071097635
0.371212291915  802  473  473.212472011  1.90440450055  -0.0129855024086
0.371212291915  802  491  491.391923403  1.88989778635  -0.0168298371834
0.371212291915  802  510  509.750338829  1.89563094948  -0.0255594231251
0.371212291915  802  528  528.288047544  1.86348486891  -0.0273106339427
0.371212291915  802  547  546.999020513  1.91873030776  -0.0316495483604
0.371212291915  802  566  565.911536613  1.87410796938  -0.0131053952017
0.371212291915  802  585  585.016040237  1.90532563363  0.000672003674915
0.371212291915  802  604  604.334948367  1.86389462628  0.0367211764775
0.371212291915  802  624  623.800881217  1.90219185276  0.011910269679
0.371212291915  802  644  643.521448489  1.89966297703  0.0335641425858
0.371212291915  802  663  663.432860245  1.93023182213  0.0439847601926
0.371212291915  801  684  683.522285644  1.93894673737  0.0217698556773
0.371212291915  801  704  703.846356471  2.0042146051  0.029543962332
0.371212291915  801  724  724.391317143  1.9806052986  0.0340963702817
0.371212291915  800  745  745.14847691  2.0676667107  0.0303475770723
0.371212291915  800  766  766.146550745  2.10078903056  0.0109253550898
0.371212291915  800  787  787.359024226  2.1292312454  0.00129051826913
0.371212291915  799  809  808.774489426  2.1362117789  -0.0455359805489
0.371212291915  798  830  830.462402574  2.11280229007  -0.0381633843766
0.371212291915  798  852  852.372581055  2.10544402125  -0.0382551798975
0.371212291915  797  874  874.499772813  2.10120153515  -0.0202905768828
0.371212291915  796  897  896.887453963  2.16704438821  -0.0210422374604
0.371212291915  796  919  919.48736941  2.12700223332  -0.00388080921128
0.371212291915  795  942  942.444505116  2.16808874202  0.0146098121682
0.371212291915  794  966  965.593649145  2.20571134896  0.00596794666323
0.371212291915  793  989  989.034175785  2.31669563538  0.00416537914794
0.371212291915  792  1013  1012.70242768  2.30224964778  -0.0228779590795
0.565252291915  788  14  14.0792634554  1.70912969011  0.0311466411717
0.565252291915  789  28  28.0170882706  1.7001534687  0.0366996892532
0.565252291915  789  42  41.9983372342  1.66758995299  0.0503680284242
0.565252291915  790  56  56.1915918355  1.64252530822  0.0761798817534
0.565252291915  791  70  70.4742944517  1.62115773114  0.0408917288013
0.565252291915  791  85  84.8496377612  1.71137924935  0.0605971952115
0.565252291915  792  99  99.4151236251  1.74611740611  0.0412841068173
0.565252291915  793  114  114.119045469  1.75201625989  0.074030662753
0.565252291915  793  129  128.855736002  1.79660304335  0.0326655095131
0.565252291915  794  144  143.803066613  1.82105193986  0.0187086112763
0.565252291915  794  159  158.832430197  1.7926242578  0.017453758115
0.565252291915  795  174  174.055524327  1.77648375879  0.00151855664346
0.565252291915  795  189  189.361170673  1.79906728692  -0.00975195823671
0.565252291915  796  205  204.842999061  1.77652080076  -0.0148345896862
0.565252291915  796  220  220.4580632  1.74990394405  -0.00165681412723
0.565252291915  797  236  236.245986086  1.73326738224  -0.0103134379457
0.565252291915  797  252  252.134771021  1.72743201835  0.0228771763815
0.565252291915  798  268  268.228204687  1.70366634972  0.0397700388577
0.565252291915  798  284  284.407672051  1.65769543991  0.0512190637306
0.565252291915  799  301  300.767791161  1.74612040815  0.049239170487
0.565252291915  799  317  317.284895331  1.76039836553  0.071143910133
0.565252291915  799  334  333.937788528  1.7944710229  0.0737269035021
0.565252291915  800  351  350.837170272  1.92648992133  0.151578621354
0.565252291915  800  368  367.754142079  1.83878460891  0.0426403046356
0.565252291915  800  385  384.866620648  1.84503228124  0.0156724325137
0.565252291915  800  402  402.209522391  1.83231699225  0.0241188656511
0.565252291915  801  420  419.703263339  1.8650792644  0.0157135188931
0.565252291915  801  437  437.372838098  1.86454824449  0.017235802147
0.565252291915  801  455  455.182840495  1.89497708  -0.00140516246572
0.565252291915  801  473  473.18766011  1.88864420358  -0.00808602550697
0.565252291915  801  491  491.361773357  1.89471608911  -0.0176264284429
0.565252291915  801  510  509.728075575  1.87530777661  -0.0216087538539
0.565252291915  801  528  528.26791418  1.84990605564  -0.0279618108054
0.565252291915  801  547  546.973617946  1.90679607287  -0.04648821652
0.565252291915  801  566  565.890053616  1.85983480532  -0.0249147298206
0.565252291915  801  585  584.997110913  1.89623736434  0.00155328425945
0.565252291915  801  604  604.328516364  1.86242635406  0.0461443963292
0.565252291915  801  624  623.789090363  1.92491817822  0.019046545664
0.565252291915  801  643  643.495814442  1.89908505271  0.0218117111211
0.565252291915  801  663  663.413990191  1.91930927621  0.0311075396113
0.565252291915  800  684  683.512125681  1.94901248679  0.0221332787996
0.565252291915  800  704  703.84432093  2.00864135655  0.0379280705466
0.565252291915  800  724  724.381521003  1.99271130908  0.0338474289999
0.565252291915  799  745  745.159363661  2.05388535506  0.0417196273231
0.565252291915  799  766  766.146087419  2.08811080688  0.00436486386087
0.565252291915  799  787  787.368571705  2.12920920628  0.00247530428409
0.565252291915  798  809  808.790119144  2.15943434425  -0.0371203266458
0.565252291915  798  830  830.4496968  2.11931062332  -0.0525282667704
0.565252291915  797  852  852.37699327  2.10406191665  -0.0278645843361
0.565252291915  796  875  874.502222934  2.12681796075  -0.0367687808882
0.565252291915  795  897  896.882888956  2.14510258887  -0.0194955543817
0.565252291915  795  919  919.487955268  2.11556298829  -0.0149152721021
0.565252291915  794  942  942.452019207  2.17883651919  0.0121343281412
0.565252291915  793  966  965.601917027  2.2394224328  -0.0107733944301
0.565252291915  792  989  989.048391676  2.29620589218  0.00509964182576
0.565252291915  791  1013  1012.73719302  2.32495297321  -0.0217737917464
0.759292291915  787  14  14.0034279267  1.72222296567  0.0231449935524
0.759292291915  788  28  27.9083631834  1.67431381166  0.0135434319528
0.759292291915  788  42  41.9276712178  1.6743879978  0.0366134959197
0.759292291915  789  56  56.1296228757  1.659692165  0.0833547673339
0.759292291915  790  70  70.419160346  1.61060463646  0.0616062944137
0.759292291915  790  85  84.776963685  1.71395021827  0.0574730813837
0.759292291915  791  99  99.3575488674  1.74195807359  0.0408430436999
0.759292291915  792  114  114.050399042  1.76568094678  0.0743850041205
0.759292291915  792  129  128.79766165  1.78485932476  0.0402858188569
0.759292291915  793  144  143.750564804  1.81706827068  0.019688973472
0.759292291915  793  159  158.773658604  1.78499690399  0.0191666312063
0.759292291915  794  174  174.005388564  1.78587354757  0.00426847014568
0.759292291915  794  189  189.310415993  1.79634210087  -0.0160348404413
0.759292291915  795  205  204.792609298  1.77036915299  -0.00505938927916
0.759292291915  795  220  220.410142466  1.75695093595  -0.0008410524462
0.759292291915  796  236  236.201680437  1.74370712501  -0.00639584319129
0.759292291915  796  252  252.090061951  1.73265683705  0.0126648545144
0.759292291915  797  268  268.183531371  1.70559540967  0.0403136114502
0.759292291915  797  284  284.361983653  1.66389704631  0.0607192351264
0.759292291915  798  301  300.722453916  1.7288382154  0.0329775687991
0.759292291915  798  317  317.243529266  1.74930812861  0.080300465181
0.759292291915  798  334  333.89444383  1.79984555793  0.0695374981392
0.759292291915  799  351  350.732057526  1.82361496544  0.0445532640023
0.759292291915  799  368  367.721513707  1.83066844534  0.038489232917
0.759292291915  799  385  384.835770214  1.8419148508  0.0212801594941
0.759292291915  799  402  402.186676398  1.83095896776  0.0313845346851
0.759292291915  800  420  419.674939769  1.8704535004  0.0165598042463
0.759292291915  800  437  437.342985579  1.88860481002  0.0149488076434
0.759292291915  800  455  455.164955057  1.88539235497  0.00726056803834
0.759292291915  800  473  473.155154343  1.88669568676  -0.0111169852153
0.759292291915  800  491  491.338194098  1.8934675879  -0.0225937862142
0.759292291915  800  510  509.69479229  1.87731823936  -0.029154263322
0.759292291915  800  528  528.258244649  1.86427391061  -0.0233367903651
0.759292291915  800  547  546.954005371  1.8954639123  -0.0410005699814
0.759292291915  800  566  565.884017344  1.86465015662  -0.0158799322015
0.759292291915  800  585  584.978260087  1.90082025993  -0.00930720555793
0.759292291915  800  604  604.315465075  1.86033562672  0.0403604472263
0.759292291915  800  624  623.778676214  1.90733938553  0.0145896660868
0.759292291915  800  643  643.500333254  1.89247236396  0.0344957411216
0.759292291915  800  663  663.417023905  1.92895109447  0.0416290216343
0.759292291915  799  684  683.516731298  1.93923147542  0.0326612234309
0.759292291915  799  704  703.835615307  2.03426925321  0.031269030072
0.759292291915  799  724  724.408065967  1.99431082071  0.0562447696589
0.759292291915  798  745  745.170522782  2.08872896842  0.036103745367
0.759292291915  798  766  766.145501946  2.10639411521  0.00959646182629
0.759292291915  798  787  787.357573455  2.10398805237  -0.0126117629867
0.759292291915  797  809  808.795134293  2.17173148845  -0.0443647413444
0.759292291915  797  830  830.479096024  2.14177856799  -0.045054212295
0.759292291915  796  852  852.373066463  2.10342138697  -0.037143491204
0.759292291915  795  875  874.511275275  2.12040020509  -0.0348604305136
0.759292291915  794  897  896.900727623  2.18199604459  -0.0196053466736
0.759292291915  794  920  919.503673283  2.12493654504  -0.014275101425
0.759292291915  793  942  942.487375027  2.1720418418  0.0228716608179
0.759292291915  792  966  965.645011759  2.23190899745  0.000886155098078
0.759292291915  791  989  989.082311864  2.30318385638  0.00990321784536
0.759292291915  790  1013  1012.77230007  2.34688518121  -0.0210157578241
0.953332291915  786  14  13.9322657761  1.72319026289  0.0176970944783
0.953332291915  787  28  27.856276718  1.6861825578  0.0186652194413
0.953332291915  787  42  41.86255191  1.65815797648  0.0434643693334
0.953332291915  788  56  56.0587635245  1.66577716635  0.0778261465601
0.953332291915  789  70  70.3677977555  1.60684929203  0.0700704637794
0.953332291915  789  85  84.7096992249  1.70447042781  0.0449825868516
0.953332291915  790  99  99.2860034404  1.72408465031  0.0353258910076
0.953332291915  791  114  113.970275355  1.769047438  0.0586167295198
0.953332291915  791  129  128.73039395  1.79270754187  0.0337947857954
0.953332291915  792  144  143.693166539  1.81389827394  0.021371071574
0.953332291915  792  159  158.721466437  1.78694829219  0.0216243830056
0.953332291915  793  174  173.944776489  1.77889704349  0.00202278672725
0.953332291915  793  189  189.258957873  1.80665215414  -0.0179512263945
0.953332291915  794  205  204.738464683  1.76897492255  -0.0169977270295
0.953332291915  794  220  220.37617613  1.74525203904  0.00137636906592
0.953332291915  795  236  236.148611748  1.74258266362  -0.0130148143121
0.953332291915  795  252  252.04394356  1.73904217309  0.0173097086541
0.953332291915  796  268  268.136859332  1.69746660771  0.0376041754928
0.953332291915  796  284  284.332212996  1.66349383946  0.0676743580912
0.953332291915  797  301  300.676396288  1.72095213288  0.0353025913645
0.953332291915  797  317  317.203303247  1.7495556923  0.0755994626183
0.953332291915  797  334  333.853790239  1.80668622807  0.0656734766206
0.953332291915  798  351  350.695163981  1.82368230468  0.0379274618545
0.953332291915  798  368  367.687884522  1.83186607402  0.0428446430949
0.953332291915  798  385  384.813841736  1.85506914474  0.023170026765
0.953332291915  798  402  402.165538888  1.83920990648  0.0330107866725
0.953332291915  799  420  419.654367602  1.86220556057  0.0232915438681
0.953332291915  799  437  437.305711307  1.86059201148  0.000714036949041
0.953332291915  799  455  455.125320565  1.87604346181  -0.000620928694212
0.953332291915  799  473  473.132367658  1.89160233687  -0.015116062423
0.953332291915  799  491  491.324266479  1.87664048262  -0.0188313558218
0.953332291915  799  510  509.671712161  1.89016483667  -0.03140074666
0.953332291915  799  528  528.241574146  1.86730796338  -0.0215050254322
0.953332291915  799  547  546.940055456  1.89425778622  -0.03808355344
0.953332291915  799  566  565.86895295  1.88486681929  -0.00578287136712
0.953332291915  799  585  584.968569821  1.8785317642  -0.00478946907773
0.953332291915  799  604  604.300008702  1.86248493703  0.0415436830085
0.953332291915  799  624  623.774884769  1.89130326266  0.0186251839513
0.953332291915  799  643  643.487705436  1.90366819489  0.028465881928
0.953332291915  799  663  663.399319323  1.91524040478  0.0411585973381
0.953332291915  798  684  683.514343858  1.94822798161  0.0297779486305
0.953332291915  798  704  703.835546451  2.0228538598  0.029015248173
0.953332291915  798  724  724.385018131  1.98346257008  0.032969336827
0.953332291915  797  745  745.170299042  2.09574779021  0.0323320564528
0.953332291915  797  766  766.146142768  2.09697793928  0.00948199614256
0.953332291915  797  787  787.366853499  2.12138348197  -0.00290530527295
0.953332291915  796  809  808.799252728  2.14295344163  -0.0489313156457
0.953332291915  796  830  830.48520523  2.12523644051  -0.0447038454728
0.953332291915  795  852  852.387260219  2.102724537  -0.0268861893369
0.953332291915  794  875  874.523649242  2.10600807776  -0.0361085716517
0.953332291915  793  897  896.913944654  2.20178199186  -0.0214095805987
0.953332291915  793  920  919.524838451  2.10993344964  -0.0116489072469
0.953332291915  792  943  942.509891543  2.17661177236  0.0170532912531
0.953332291915  791  966  965.646072218  2.24250473493  -0.00722016656875
0.953332291915  790  989  989.114613479  2.31397196526  0.0128131729007
0.953332291915  789  1013  1012.80393725  2.35055095698  -0.0204537842865
1.14737229191  785  14  13.8631758976  1.70967667412  0.0274973648389
1.14737229191  786  28  27.7926950531  1.69082130314  0.0267080006945
1.14737229191  786  42  41.7831354405  1.66630027489  0.0251566674551
1.14737229191  787  56  55.9810945148  1.67000698876  0.0637552174807
1.14737229191  788  70  70.307351675  1.60899658562  0.081886390183
1.14737229191  788  85  84.6381319481  1.70012823456  0.0281846947299
1.14737229191  789  99  99.235967496  1.72091630295  0.0469740332816
1.14737229191  790  114  113.918061361  1.76543948631  0.0590614413923
1.14737229191  790  129  128.672071351  1.79593347949  0.0301700022407
1.14737229191  791  144  143.63362141  1.81828917314  0.0215233428999
1.14737229191  791  159  158.663683929  1.80846739376  0.00992106964869
1.14737229191  792  174  173.891199804  1.79031074555  0.00638488502797
1.14737229191  792  189  189.208517245  1.79803063137  -0.0156225143516
1.14737229191  793  205  204.688564862  1.76233235009  -0.0129130900228
1.14737229191  793  220  220.317677363  1.74391245647  -0.00938848220312
1.14737229191  794  236  236.113539487  1.73864390247  -0.00364311249101
1.14737229191  794  252  251.996189581  1.73945502626  0.00914577376392
1.14737229191  795  268  268.086699584  1.70304740264  0.0351541186086
1.14737229191  795  284  284.295941133  1.69041499172  0.0675779644577
1.14737229191  796  301  300.639256735  1.71354177171  0.0410332844431
1.14737229191  796  317  317.171899189  1.76768634424  0.0762260572943
1.14737229191  796  334  333.813909126  1.80822564565  0.0644079304209
1.14737229191  797  351  350.649524893  1.80710078458  0.0276043313205
1.14737229191  797  368  367.657754779  1.85285619571  0.0355115073394
1.14737229191  797  385  384.780991536  1.84591818402  0.0200554362227
1.14737229191  797  402  402.139972735  1.86197228  0.0368097347746
1.14737229191  798  420  419.621850011  1.86353696834  0.0141943264209
1.14737229191  798  437  437.282693938  1.87678516553  0.0127288004553
1.14737229191  798  455  455.113606331  1.88406789701  0.00207945585775
1.14737229191  798  473  473.105239301  1.90705467862  -0.0160663125171
1.14737229191  798  491  491.306236424  1.89265183413  -0.0212998109108
1.14737229191  798  510  509.655024359  1.88885377318  -0.028743046773
1.14737229191  798  528  528.218500439  1.88736192427  -0.0300177715048
1.14737229191  798  547  546.926128914  1.89352695008  -0.0349647868538
1.14737229191  798  566  565.838951252  1.88452983059  -0.0289189889633
1.14737229191  798  585  584.953404917  1.87719726749  -0.00595321962151
1.14737229191  798  604  604.295269523  1.8735453327  0.0384684433993
1.14737229191  798  624  623.763230878  1.89574296133  0.0177778652329
1.14737229191  798  643  643.477117076  1.90301931476  0.0241214384549
1.14737229191  798  663  663.402331127  1.92517602586  0.0446994188675
1.14737229191  797  684  683.501313205  1.93009553233  0.0215471199061
1.14737229191  797  704  703.8233395  2.01344903384  0.0242003324826
1.14737229191  797  724  724.389304916  2.00741049523  0.045284707252
1.14737229191  796  745  745.178564904  2.08728617694  0.0280143398236
1.14737229191  796  766  766.144784837  2.09355506903  0.00469625265463
1.14737229191  796  787  787.378979629  2.14330722785  -0.00397805604672
1.14737229191  795  809  808.829443526  2.13428991802  -0.0404971066954
1.14737229191  795  831  830.503429324  2.14521158549  -0.0461269116567
1.14737229191  794  852  852.40406329  2.10923926071  -0.0366037672785
1.14737229191  793  875  874.541748938  2.09061316251  -0.0414079577628
1.14737229191  793  897  896.961416795  2.20076270255  -0.00717711571781
1.14737229191  792  920  919.549294486  2.13090853834  -0.0210124435304
1.14737229191  791  943  942.528400646  2.15889267677  0.0095779031728
1.14737229191  790  966  965.686982646  2.22286196875  0.00255087731036
1.14737229191  789  989  989.135766426  2.29694136484  0.00304481548412
1.14737229191  788  1013  1012.83758075  2.32475445736  -0.0188715688812
1.34141229191  784  14  13.7991976824  1.73273777694  0.0303093298994
1.34141229191  785  28  27.7312355741  1.68512386366  0.0301420717916
1.34141229191  785  42  41.7231932523  1.66372220357  0.0228563059832
1.34141229191  786  56  55.8586084542  1.7275133731  0.0183799936272
1.34141229191  787  70  70.2503196142  1.62729450761  0.0927039913703
1.34141229191  787  85  84.5802906328  1.69516853465  0.0272241104451
1.34141229191  788  99  99.1755888691  1.72041331171  0.0494449936391
1.34141229191  789  114  113.859450228  1.78535015979  0.0572696069382
1.34141229191  789  129  128.620069182  1.79873393323  0.0279310126779
1.34141229191  790  144  143.580607549  1.82906295646  0.0136993594468
1.34141229191  790  159  158.61767987  1.80947921996  0.0167811335305
1.34141229191  791  174  173.845399409  1.79125272773  0.0150478874342
1.34141229191  791  189  189.158113748  1.79921678701  -0.00737294911406
1.34141229191  792  205  204.645015386  1.76047444102  -0.0103891707369
1.34141229191  792  220  220.265725465  1.77379075693  -0.0178393322603
1.34141229191  793  236  236.059345103  1.73673938389  -0.00946341335482
1.34141229191  793  252  251.940864343  1.73832085341  -0.00549669398028
1.34141229191  794  268  268.045882732  1.72492435095  0.0352929003545
1.34141229191  794  284  284.256097365  1.67934070826  0.0705422449245
1.34141229191  795  301  300.606595948  1.703368284  0.0501721221928
1.34141229191  795  317  317.129442417  1.76518682481  0.0657199982582
1.34141229191  795  334  333.789766017  1.80250957303  0.0608380131192
1.34141229191  796  351  350.615754763  1.81397589401  0.0235717881776
1.34141229191  796  368  367.621681981  1.83301394005  0.0316734527331
1.34141229191  796  385  384.759905614  1.84175672642  0.024084407651
1.34141229191  796  402  402.104447104  1.85235232797  0.0312107294196
1.34141229191  797  420  419.598225783  1.86302038349  0.0132905254751
1.34141229191  797  437  437.257685183  1.87735318515  0.00908189639836
1.34141229191  797  455  455.075921386  1.88805382592  -0.00309011630013
1.34141229191  797  473  473.115397456  1.88027638382  0.041887180072
1.34141229191  797  491  491.290254175  1.89243521172  -0.0151553247103
1.34141229191  797  510  509.651979796  1.90550849102  -0.0214612132677
1.34141229191  797  528  528.209729123  1.89841210617  -0.0252634025914
1.34141229191  797  547  546.919799012  1.89301454506  -0.0311228965705
1.34141229191  797  566  565.850969791  1.87421042921  -0.0123726531939
1.34141229191  797  585  584.951163341  1.89840987566  -0.00881298671245
1.34141229191  797  604  604.304043607  1.86095188323  0.0446580102677
1.34141229191  797  624  623.755739884  1.89030214401  0.0165745316474
1.34141229191  797  643  643.474251143  1.90025365542  0.0204508310558
1.34141229191  797  663  663.401480806  1.92081032601  0.045360274904
1.34141229191  796  684  683.518753341  1.95406664501  0.0283165350182
1.34141229191  796  704  703.847847507  2.00759498626  0.0361539534224
1.34141229191  796  724  724.396329004  2.00610806424  0.0409730245635
1.34141229191  795  745  745.173053584  2.09715878198  0.0291043453616
1.34141229191  795  766  766.167629895  2.11024937375  0.014809824757
1.34141229191  795  787  787.388672614  2.14407137879  -0.0115746709704
1.34141229191  794  809  808.834704741  2.13773763629  -0.0414992025859
1.34141229191  794  831  830.51906464  2.12009657706  -0.0437102924084
1.34141229191  793  852  852.446412834  2.10739187485  -0.0208304717155
1.34141229191  792  875  874.576186016  2.11053483236  -0.0400236249169
1.34141229191  792  897  896.967868676  2.165986192  -0.011874685459
1.34141229191  791  920  919.586837156  2.13880077832  -0.0179344476416
1.34141229191  790  943  942.553152148  2.17099848891  0.00513944543231
1.34141229191  789  966  965.701874083  2.25409380766  -0.00307704323161
1.34141229191  788  989  989.188337156  2.31944901268  0.0130064002866
1.34141229191  787  1013  1012.87734257  2.32797427102  -0.0130349324754
1.53545229191  783  14  13.7332642301  1.73223103667  0.0210153557331
1.53545229191  784  28  27.6593029817  1.69566572137  0.0165482859753
1.53545229191  784  42  41.6643605796  1.65767199566  0.0231149257893
1.53545229191  785  56  55.8601511623  1.6880520923  0.051501251741
1.53545229191  786  70  70.1881147065  1.64178556662  0.0833322402791
1.53545229191  786  85  84.5405477742  1.68487394725  0.0374014270564
1.53545229191  787  99  99.1121767705  1.72894352225  0.0556823705096
1.53545229191  788  114  113.798143106  1.7963725149  0.0482387007119
1.53545229191  788  129  128.571739373  1.80134682218  0.025347036839
1.53545229191  789  144  143.528583592  1.8310656381  0.005037731124
1.53545229191  789  159  158.561939133  1.80030085009  0.00567976193408
1.53545229191  790  174  173.791128617  1.78948410597  0.0106436997544
1.53545229191  790  189  189.107464007  1.79108358822  -0.010981736328
1.53545229191  791  205  204.608827851  1.77803301697  -0.00760849382888
1.53545229191  791  220  220.229973182  1.75568122056  -0.00236186415872
1.53545229191  792  236  236.01074785  1.73921346846  -0.00906987619373
1.53545229191  792  252  251.900667028  1.72627822998  -0.0014518257339
1.53545229191  793  268  268.007914763  1.71818906547  0.0358726966733
1.53545229191  793  284  284.221390564  1.6993658509  0.0659567476927
1.53545229191  794  301  300.571766013  1.70561157316  0.040357096646
1.53545229191  794  317  317.082432801  1.75973530312  0.0589038555562
1.53545229191  794  334  333.754199237  1.79326563463  0.0592451770592
1.53545229191  795  351  350.596803942  1.81034404683  0.0360422051933
1.53545229191  795  368  367.589672136  1.83340558155  0.0363646678985
1.53545229191  795  385  384.734638422  1.83781891705  0.025863893359
1.53545229191  795  402  402.077747263  1.8496109939  0.0344739427761
1.53545229191  796  420  419.575747441  1.86876259883  0.0164057660612
1.53545229191  796  437  437.217400286  1.91644708161  -0.0440584410904
1.53545229191  796  455  455.061410093  1.88864826216  -0.000902677927102
1.53545229191  796  473  473.095207647  1.89532312626  0.021124403271
1.53545229191  796  491  491.280228305  1.89643922552  -0.00939520762251
1.53545229191  796  510  509.635467979  1.89543611009  -0.0274725054582
1.53545229191  796  528  528.202610881  1.88656531337  -0.0194976842977
1.53545229191  796  547  546.904122078  1.88874461799  -0.0369395473679
1.53545229191  796  566  565.84683014  1.85040623997  -0.00850783105389
1.53545229191  796  585  584.938582888  1.90080870402  -0.0125422330926
1.53545229191  796  604  604.295828078  1.85844225163  0.0383907507939
1.53545229191  796  624  623.758402081  1.90288443309  0.0145475844127
1.53545229191  796  643  643.483443599  1.89883456803  0.0320234299536
1.53545229191  796  663  663.413211741  1.91150167203  0.0490827144105
1.53545229191  795  684  683.518943734  1.97161079111  0.0335425413303
1.53545229191  795  704  703.859565259  2.00438186965  0.0307773719218
1.53545229191  795  724  724.397592672  1.98247270523  0.0282146890579
1.53545229191  795  745  745.197437793  2.09375009017  0.0363877322183
1.53545229191  794  766  766.177215383  2.09312639162  0.00704900626691
1.53545229191  794  787  787.411911087  2.11264620097  -0.0104930808742
1.53545229191  793  809  808.849063634  2.15272916749  -0.0465617484137
1.53545229191  793  831  830.524641369  2.15063051856  -0.0638583997858
1.53545229191  792  852  852.457792836  2.10083833336  -0.0273972547005
1.53545229191  791  875  874.607200835  2.10978153923  -0.029514439652
1.53545229191  791  897  896.993170871  2.20036981182  -0.00780844043097
1.53545229191  790  920  919.622438441  2.13085675363  -0.00111833228509
1.53545229191  789  943  942.574277391  2.16847308424  -0.00112500900325
1.53545229191  788  966  965.73695952  2.23944657723  -0.0033221021449
1.53545229191  787  989  989.22937158  2.29517695213  0.0167597546738
1.53545229191  786  1013  1012.91710871  2.37178844769  -0.0116173695732
1.72949229191  782  14  13.6645533233  1.71601287879  0.0149405376915
1.72949229191  783  28  27.6002360221  1.69105036582  0.0100283490606
1.72949229191  783  42  41.6029633551  1.64120481407  0.0181332318348
1.72949229191  784  56  55.7868609619  1.67802852157  0.0401954988765
1.72949229191  785  70  70.1257819093  1.6419034216  0.0932867872216
1.72949229191  785  84  84.4845587309  1.66808372651  0.0323312726479
1.72949229191  786  99  99.055048464  1.73083164082  0.0496523188832
1.72949229191  787  114  113.743290446  1.78518802982  0.0433602126471
1.72949229191  787  129  128.510707097  1.78633490387  0.0164856746374
1.72949229191  788  143  143.462795166  1.81254627459  -0.00249511269667
1.72949229191  788  159  158.520504796  1.79886159477  0.0104334941934
1.72949229191  789  174  173.743953089  1.79141012783  0.00890681888378
1.72949229191  789  189  189.049958264  1.78821175008  -0.0359864181887
1.72949229191  790  205  204.559575547  1.76234615697  -0.0124354808284
1.72949229191  790  220  220.180387132  1.76562033303  -0.0125795068209
1.72949229191  791  236  235.968049603  1.74743426905  -0.0126830427838
1.72949229191  791  252  251.85983517  1.73315531697  -0.00384502651712
1.72949229191  792  268  267.959781561  1.72195992847  0.0273705089219
1.72949229191  792  284  284.184875482  1.69451482083  0.0659043545626
1.72949229191  793  301  300.542504637  1.69283609977  0.0539477560805
1.72949229191  793  317  317.057989852  1.76305186464  0.0614917820005
1.72949229191  793  334  333.718791756  1.78988093198  0.049404953719
1.72949229191  794  351  350.573456343  1.7981410783  0.0349914787925
1.72949229191  794  368  367.576623526  1.83746265323  0.0367291714899
1.72949229191  794  385  384.710880543  1.84509211687  0.0180091123017
1.72949229191  794  402  402.054874649  1.86789287686  0.029272454127
1.72949229191  795  420  419.556680629  1.86015257687  0.0212668775671
1.72949229191  795  437  437.204508712  1.88353377276  -0.0244351612426
1.72949229191  795  455  455.053673021  1.89106068192  0.00557647493708
1.72949229191  795  473  473.057257797  1.89699116651  -0.0126149832035
1.72949229191  795  491  491.262550177  1.9048595973  -0.0164568440807
1.72949229191  795  510  509.610453855  1.88206089245  -0.0354906203404
1.72949229191  795  528  528.189545164  1.87781704643  -0.0183739432524
1.72949229191  795  547  546.890467619  1.88884223215  -0.0449006329055
1.72949229191  795  566  565.840096967  1.87136528921  -0.0102566262753
1.72949229191  795  585  584.929921149  1.88823720075  -0.00845498815482
1.72949229191  795  604  604.287501527  1.85455832901  0.0436079070806
1.72949229191  795  624  623.759131268  1.90061328514  0.0254737679178
1.72949229191  795  643  643.466614094  1.88666356126  0.0218217767325
1.72949229191  795  663  663.417584784  1.90996298848  0.0535557685591
1.72949229191  794  684  683.524325567  1.957999656  0.0272261137224
1.72949229191  794  704  703.867311458  2.03332447263  0.0300113825806
1.72949229191  794  724  724.409316119  1.98160782328  0.0352988114994
1.72949229191  794  745  745.205855642  2.07737401601  0.0333772313132
1.72949229191  793  766  766.187294743  2.08779882467  0.0118001194226
1.72949229191  793  787  787.425638763  2.12924173225  -0.00886556856022
1.72949229191  792  809  808.863893905  2.18006395645  -0.0431407706955
1.72949229191  792  831  830.564442144  2.13179535447  -0.0442166406861
1.72949229191  791  852  852.468324575  2.09853210103  -0.0351131132056
1.72949229191  790  875  874.619106886  2.09831725706  -0.0312847549676
1.72949229191  790  897  897.03856858  2.20818875634  0.00525307618752
1.72949229191  789  920  919.648681035  2.13362491991  -0.0151003983636
1.72949229191  788  943  942.613014871  2.17583478749  0.00719983239013
1.72949229191  787  966  965.783292339  2.2486364835  0.000995378959673
1.72949229191  786  989  989.258232675  2.29300374523  0.0138627407863
1.72949229191  785  1013  1012.96127702  2.32749071819  -0.00057036902727
1.92353229191  781  14  13.6146142079  1.71688787465  0.0167911019455
1.92353229191  782  28  27.5381435465  1.68066237469  0.00805395279761
1.92353229191  782  42  41.5514543178  1.65191911335  0.0184471541363
1.92353229191  783  56  55.735666439  1.66877908432  0.0324391779721
1.92353229191  784  70  70.068690807  1.67288127927  0.0862596757292
1.92353229191  784  84  84.4284943675  1.65115346728  0.0276798295772
1.92353229191  785  99  99.0168805606  1.73812520595  0.0649891610358
1.92353229191  786  114  113.688927903  1.79377564727  0.0275443773091
1.92353229191  786  128  128.459360781  1.78394477762  0.00721452885779
1.92353229191  787  143  143.413235671  1.81556169997  -0.0115932667393
1.92353229191  787  158  158.464955733  1.81045827496  -6.44338830401e-05
1.92353229191  788  174  173.699315664  1.79412753741  0.00883303400983
1.92353229191  788  189  189.015647737  1.78413043775  -0.0197775148087
1.92353229191  789  205  204.520125828  1.7582582363  -0.0153597255945
1.92353229191  789  220  220.128387369  1.76703259347  -0.0341855573346
1.92353229191  790  236  235.928633984  1.74505735598  -0.00253155956735
1.92353229191  790  252  251.820763065  1.72562123924  -0.00901961027963
1.92353229191  791  268  267.928404317  1.7236627356  0.0251888667399
1.92353229191  791  284  284.135577958  1.70594171375  0.0570338189619
1.92353229191  792  301  300.507715581  1.6788951337  0.0521738123587
1.92353229191  792  317  317.015377766  1.78285344423  0.0553387902694
1.92353229191  792  334  333.691803191  1.79719015114  0.0491340869103
1.92353229191  793  351  350.541524466  1.79247554975  0.0310372900633
1.92353229191  793  368  367.540583293  1.84016906147  0.0248496502507
1.92353229191  793  385  384.688631859  1.83552695304  0.0227691218482
1.92353229191  793  402  402.034024402  1.85599931967  0.0323883741559
1.92353229191  794  420  419.535079237  1.85875892641  0.0210343735596
1.92353229191  794  437  437.201446526  1.8752399117  0.0120039104567
1.92353229191  794  455  455.033978596  1.88328416471  0.000903283940296
1.92353229191  794  473  473.032764064  1.89488292154  -0.0144773613887
1.92353229191  794  491  491.239791112  1.90595462588  -0.0228441241648
1.92353229191  794  510  509.596974784  1.89375149233  -0.0325993720872
1.92353229191  794  528  528.175892165  1.87946231261  -0.0206501815729
1.92353229191  794  547  546.884890024  1.87358452625  -0.0423489941665
1.92353229191  794  566  565.825815601  1.87097933762  -0.0205398957389
1.92353229191  794  585  584.925004536  1.8844034187  -0.00899356891841
1.92353229191  794  604  604.288559657  1.87182391779  0.0450161904343
1.92353229191  794  624  623.751421435  1.89482909894  0.0151875954224
1.92353229191  794  643  643.481855687  1.90619269818  0.0353817597868
1.92353229191  794  663  663.421459563  1.903327459  0.0562471558656
1.92353229191  793  684  683.540882298  1.95054563911  0.0337878946205
1.92353229191  793  704  703.869517155  2.00951679339  0.033228478962
1.92353229191  793  724  724.419537723  1.99984087671  0.0347793636885
1.92353229191  793  745  745.243125841  2.09459698989  0.0436119878135
1.92353229191  792  766  766.211910792  2.07885142025  0.00564575225926
1.92353229191  792  787  787.435766118  2.14186188538  -0.012898033329
1.92353229191  791  809  808.886799262  2.16942469086  -0.043679925746
1.92353229191  791  831  830.566251163  2.12075626696  -0.0496167589369
1.92353229191  790  852  852.488267253  2.11352276126  -0.0398030222156
1.92353229191  789  875  874.644033294  2.08586925729  -0.031188451801
1.92353229191  789  897  897.074339878  2.24229622786  -0.00140586548449
1.92353229191  788  920  919.684762658  2.14346425938  0.00134514450692
1.92353229191  787  943  942.641030001  2.17322108714  0.00510917970492
1.92353229191  786  966  965.827331504  2.23909399008  0.00726562183657
1.92353229191  785  989  989.265300731  2.27320637581  -0.00407990109861
1.92353229191  784  1013  1013.0108687  2.33702778883  0.00628135136338
2.11757229191  780  14  13.5505502815  1.71720607244  0.016414613648
2.11757229191  781  27  27.4854980733  1.6783088952  0.0197598696362
2.11757229191  781  41  41.4950099599  1.61623874242  0.0173485757099
2.11757229191  782  56  55.6718802768  1.6501273931  0.0299147133598
2.11757229191  783  70  70.0245480703  1.66929930063  0.0838339644833
2.11757229191  783  84  84.3754494279  1.63048529856  0.0358094646287
2.11757229191  784  99  98.9525510893  1.72629179506  0.0597812036754
2.11757229191  785  114  113.634852471  1.79843121444  0.0229729696355
2.11757229191  785  128  128.406147865  1.77787142148  0.00216194314445
2.11757229191  786  143  143.370386596  1.80922332364  -0.0100981547216
2.11757229191  786  158  158.412272649  1.79293907483  -0.00492859051836
2.11757229191  787  174  173.659137014  1.80470781471  0.00597334356659
2.11757229191  787  189  188.957081278  1.76619809254  -0.0383412369588
2.11757229191  788  204  204.484510779  1.75758448116  -0.0141975511103
2.11757229191  788  220  220.09046649  1.76644632741  -0.030838282728
2.11757229191  789  236  235.901757408  1.74774746421  -0.00398041141993
2.11757229191  789  252  251.78186054  1.71887807922  -0.0099809498655
2.11757229191  790  268  267.881039447  1.7138318962  0.00935583370394
2.11757229191  790  284  284.105435355  1.72170719145  0.0542898511111
2.11757229191  791  300  300.479614166  1.67692462769  0.0486232501106
2.11757229191  791  317  316.994146143  1.75549671146  0.0611461861814
2.11757229191  791  334  333.661291798  1.79087318909  0.0354751917417
2.11757229191  792  351  350.506394224  1.78152843072  0.0211314579611
2.11757229191  792  368  367.509945471  1.83502679006  0.0253079648316
2.11757229191  792  385  384.664168698  1.84082381319  0.015960813911
2.11757229191  792  402  401.999474108  1.86937567092  0.0239492116186
2.11757229191  793  420  419.509696065  1.85292836474  0.0154236789894
2.11757229191  793  437  437.17354515  1.88358885943  0.000162454314359
2.11757229191  793  455  455.003360077  1.86734038215  -0.0103191715839
2.11757229191  793  473  473.020873801  1.90552277342  -0.0210217644172
2.11757229191  793  491  491.248091451  1.89515254753  -0.0142733211815
2.11757229191  793  510  509.595610636  1.89041133664  -0.0285865910608
2.11757229191  793  528  528.169563604  1.87503889897  -0.0259922844816
2.11757229191  793  547  546.879317236  1.85509531066  -0.0495548447007
2.11757229191  793  566  565.82393578  1.886811793  -0.0237025976843
2.11757229191  793  585  584.938486736  1.88377014943  -0.00882987709336
2.11757229191  793  604  604.282876143  1.85412943589  0.0444316370073
2.11757229191  793  624  623.759379558  1.89367063415  0.0120398950767
2.11757229191  793  643  643.494220681  1.91084794425  0.0310582418066
2.11757229191  793  663  663.400924165  1.9183435629  0.0371026345244
2.11757229191  792  684  683.555201005  1.96585921324  0.0371762429275
2.11757229191  792  704  703.883686916  1.9985118364  0.0310993187392
2.11757229191  792  724  724.438393045  1.98310738936  0.032878246634
2.11757229191  792  745  745.241831901  2.09642675595  0.0377566232958
2.11757229191  791  766  766.243608756  2.09376926819  0.0166682162945
2.11757229191  791  787  787.457823321  2.14251879823  -0.00847337082745
2.11757229191  790  809  808.927814934  2.17558354608  -0.0380273978077
2.11757229191  790  831  830.590177789  2.11889863479  -0.0489823341487
2.11757229191  789  853  852.528527977  2.12198674777  -0.0417350249984
2.11757229191  788  875  874.677837394  2.12895469924  -0.0421861885825
2.11757229191  788  897  897.119488466  2.23782585563  0.00484818060439
2.11757229191  787  920  919.7071779  2.15091779821  -0.0117111400595
2.11757229191  786  943  942.665489963  2.20675481227  -0.00731124749384
2.11757229191  785  966  965.869723824  2.23610302274  0.00672644100022
2.11757229191  784  989  989.334333952  2.29792557304  0.00968655572245
2.11757229191  783  1013  1013.05505477  2.37806387768  0.00161159724802
