# Band 2C   Etalon 1A   Slice 7
# Distortion map version 06.04.00 - date 2018-10-09
# Trace (isoalpha): Take pixel trace along specified slice, specified alpha position trace is built by taking the pixel in every detector row with alpha value closest to the one specified 
# xpos[i] = np.argmin(alpha_img[i,:])+funcs.find_nearest(alpha_img[i,:][(slice_img[i,:]!=0)],alpha_pos)
#    alpha       x  y      center         FWHM          skewness
0.0  871  3  2.34818591471  0.0677925913163  -0.334444642386
0.0  872  19  18.5886603501  5.6471516435  -0.0330461486332
0.0  873  34  34.5250551328  6.05518882782  0.00481001646103
0.0  874  50  50.5687879149  6.20791664229  0.00612576730452
0.0  875  67  66.6567299934  6.48226334293  -0.0237682872157
0.0  875  83  82.9209214258  6.81567248835  -0.0180639892725
0.0  876  99  99.2960986028  7.00123226333  0.00213784789034
0.0  877  116  115.829484194  7.30627143105  -0.00327867648132
0.0  878  133  132.464486229  7.83986495674  -0.00736668338852
0.0  878  149  149.250380972  8.42670848965  0.0246556627295
0.0  879  166  166.233231722  9.32019769665  0.028907313547
0.0  879  183  183.331734666  11.1636428595  0.0279152276264
0.0  880  201  200.465572351  12.0806688831  -0.00320577776448
0.0  881  218  218.130800691  15.3348851074  0.0198097288055
0.0  881  236  235.839782636  17.9928139955  0.00598119039925
0.0  882  254  254.032750863  20.1484472847  0.0125902728599
0.0  882  272  272.506496904  21.7966117193  0.0300401593369
0.0  883  291  290.967902816  22.2339836425  0.00256308407577
0.0  883  309  309.835392743  21.9519732354  0.0352793738665
0.0  884  327  328.613902075  23.43359324  0.0713627913117
0.0  884  347  346.682813308  20.1418649227  -0.00134924280163
0.0  884  365  365.449030016  19.3940255979  0.0339414172021
0.0  885  383  384.310687349  21.1626690289  0.0726160050535
0.0  885  403  402.252924009  0.33555509973  -8.95374341916
0.0  885  422  421.654738451  18.3874561955  0.0209791010267
0.0  885  441  440.870623419  18.2830098662  0.0239452987222
0.0  885  460  460.27815585  19.2255751584  0.036324538288
0.0  886  480  479.76837666  18.7776607242  0.0164500660819
0.0  886  499  499.68635883  0.262986904116  0.0442034611271
0.0  886  520  519.67365071  21.9601880934  0.0146118521054
0.0  886  541  540.094481679  22.6184522221  -0.00987280705805
0.0  886  562  561.102445557  25.173211886  -0.00731906570462
0.0  886  583  582.614875267  29.3342881377  0.0131151250241
0.0  886  605  604.917487965  30.6768150973  0.0207957078738
0.0  885  628  627.266288475  31.9027796798  0.0146475422809
0.0  885  651  650.502106426  27.8818532242  0.0100328447702
0.0  885  673  673.541348044  24.1875939207  0.0409197431799
0.0  885  696  696.269728799  0.247252747652  0.0261610125594
0.0  884  719  719.208853442  17.74586005  0.0219292186851
0.0  884  742  742.465683237  17.0813845629  0.0276195668132
0.0  883  766  765.876372761  15.1558465955  0.0161252484654
0.0  883  790  789.638913006  13.5687360606  0.00453042028827
0.0  882  813  813.91638141  13.4116608534  0.024608137227
0.0  882  838  838.278918551  12.9318551206  0.0189880193633
0.0  881  863  863.0768214  12.4656414105  0.0127007423452
0.0  880  888  888.082487662  12.7290892548  0.0286712595472
0.0  879  914  913.718079892  12.6195922969  0.00496911058313
0.0  878  940  939.597207505  12.9490613463  0.012346724359
0.0  877  966  965.929781862  13.1815217791  0.0231912230682
0.0  876  993  992.574221638  13.1716018038  0.0196576356181
0.0  875  1020  1022.15706704  37.4771430663  67.5558274916
-1.79553265811  880  4  3.44279441124  5.35553613627  -0.171094552999
-1.79553265811  881  19  19.565238938  5.76674830289  0.00433407105826
-1.79553265811  882  35  35.4440219476  6.05320573144  -0.00680709334507
-1.79553265811  883  51  51.4352202892  6.34948451832  0.00700855337023
-1.79553265811  883  67  67.4902376911  6.40396816404  0.00692897325508
-1.79553265811  884  84  83.7252827774  6.66723945906  -0.0282890809037
-1.79553265811  885  100  100.154663686  6.87974079859  -0.00531156003494
-1.79553265811  886  117  116.633919003  7.51329815591  -0.000419170015017
-1.79553265811  886  133  133.299767064  7.65466255507  0.0262264778681
-1.79553265811  887  150  150.059108854  8.4318077151  0.0153983216052
-1.79553265811  888  167  167.003311535  9.84890600125  0.0271424492894
-1.79553265811  888  184  184.053220625  11.1081127757  0.0174071143752
-1.79553265811  889  202  201.238624185  12.566957259  -0.0168654276505
-1.79553265811  889  219  218.669206749  15.0567196581  0.00183769244278
-1.79553265811  890  237  236.696858089  17.7018283468  -0.00744633318146
-1.79553265811  890  255  254.419650253  20.1530867795  -0.00813281558321
-1.79553265811  891  273  273.348296056  21.5010044609  0.0129123319526
-1.79553265811  891  291  291.545512154  21.1847342705  0.0367938755582
-1.79553265811  892  309  310.859571273  0.318426359209  0.0696892314466
-1.79553265811  892  329  328.761264646  21.1493266158  -0.00746426664393
-1.79553265811  893  347  347.436442615  19.8315498613  0.016184263219
-1.79553265811  893  366  365.932952888  19.3329956089  0.0123302219657
-1.79553265811  893  385  384.447682083  19.0873363874  -0.00445660231994
-1.79553265811  894  403  403.58916161  19.5170123146  0.0532752816145
-1.79553265811  894  422  422.260257015  0.225741044827  0.0305982822784
-1.79553265811  894  441  441.447705545  19.6337199584  0.0365714777163
-1.79553265811  894  461  460.470209811  18.5015820614  0.00617103066341
-1.79553265811  894  480  480.255463825  20.1484237784  0.033953058421
-1.79553265811  894  500  500.094295238  19.7438269264  0.0536069538291
-1.79553265811  895  520  520.319756998  23.1744650814  0.036734588494
-1.79553265811  895  540  540.805154328  24.6299516059  0.0389259421942
-1.79553265811  895  561  561.769324405  29.2546209807  0.0428406723759
-1.79553265811  894  584  584.186497406  25.9131995749  0.0173016292075
-1.79553265811  894  605  605.243847592  31.9708083785  0.0335271290096
-1.79553265811  894  628  628.167022687  31.9299841359  0.0393487565978
-1.79553265811  894  651  650.75278738  28.1187770361  0.0357472979158
-1.79553265811  894  673  673.857864638  25.3936862021  0.0601678359688
-1.79553265811  893  697  696.505515628  18.3797200355  -0.0143952386063
-1.79553265811  893  720  720.292918712  0.4082261776  -7.11138598595
-1.79553265811  893  742  742.665230544  18.221663932  0.0142055000671
-1.79553265811  892  766  766.101048067  15.1782072104  0.0254199770782
-1.79553265811  892  790  790.082088398  15.4776230496  0.00663776876717
-1.79553265811  891  814  813.923143625  13.3198857735  0.0216721295112
-1.79553265811  890  838  838.499177932  12.6306404618  0.00957903229755
-1.79553265811  889  865  866.917708243  0.117848314588  11.0738243392
-1.79553265811  889  888  888.06454918  13.4996353176  0.0187262571022
-1.79553265811  888  914  913.694384542  12.8750752366  0.00648673625672
-1.79553265811  887  940  939.571967374  13.1820518965  0.0151555139002
-1.79553265811  886  966  965.825490626  13.9526067774  0.0169376521725
-1.79553265811  885  992  992.984023665  14.3082078718  0.0444159680829
-1.60149265811  879  4  3.29114820201  0.0688759579034  -0.186178931794
-1.60149265811  880  19  19.4537365554  5.82160779924  0.010566499315
-1.60149265811  881  35  35.3298253461  6.06182336718  -0.00572152586681
-1.60149265811  882  51  51.3383094525  6.25647853925  -0.0055611368167
-1.60149265811  882  67  67.4134478937  6.49334448392  -0.00446888109941
-1.60149265811  883  84  83.6043575571  6.70381028532  -0.0293515219144
-1.60149265811  884  100  100.067190738  6.93450490183  -0.0024577253044
-1.60149265811  885  117  116.555003043  7.28675438306  -0.00219229953678
-1.60149265811  885  133  133.185922371  7.78021944459  0.0108685728001
-1.60149265811  886  150  149.95380616  8.39720529843  0.0168053211439
-1.60149265811  887  167  166.033175567  20.4498434873  -99.6239272305
-1.60149265811  887  184  183.981458511  10.5642229997  0.0184873533352
-1.60149265811  888  201  201.407032272  13.0374575703  0.033102344552
-1.60149265811  888  219  218.588447615  15.2447849433  -0.000699562864133
-1.60149265811  889  237  236.442294151  17.8428648856  -0.016090380575
-1.60149265811  890  255  254.595353082  20.5895474039  -0.00651935911732
-1.60149265811  890  273  273.078885633  21.9360448326  0.00626199528945
-1.60149265811  891  291  291.781806467  22.2263356162  0.0390673478451
-1.60149265811  891  309  310.633487754  22.26336736  0.0748344925402
-1.60149265811  891  328  328.972963614  21.5762207404  0.0450759326488
-1.60149265811  892  347  347.431419856  20.2450259951  0.0226754926248
-1.60149265811  892  365  366.259850711  21.6215653921  0.0645800440116
-1.60149265811  892  385  384.501844801  18.9556323124  0.00827568325293
-1.60149265811  893  403  403.568570018  0.245736138145  0.0465210654079
-1.60149265811  893  423  422.08889782  18.2208093216  -0.00429392286552
-1.60149265811  893  441  441.399335594  19.4799793097  0.0400872126497
-1.60149265811  893  461  460.450280589  18.2371882257  0.00637518817412
-1.60149265811  893  480  480.146355689  19.7796825456  0.0300677873632
-1.60149265811  894  500  500.098134537  0.253360928788  0.0254935078366
-1.60149265811  894  521  521.295723492  0.393082231361  -7.47005786482
-1.60149265811  894  541  540.406064661  23.270892163  -0.00423487355163
-1.60149265811  894  561  561.698690533  26.9087990478  0.0393333963834
-1.60149265811  894  584  583.298309495  0.159549271395  -9.34643546325
-1.60149265811  893  605  604.876421414  30.8858362463  0.0197622740226
-1.60149265811  893  628  627.951565132  31.6933164822  0.0319338212351
-1.60149265811  893  651  650.790454757  28.7236177208  0.02788959464
-1.60149265811  893  673  673.850075376  25.5349309726  0.0491034143357
-1.60149265811  892  697  696.489676559  20.0560170468  0.012440541281
-1.60149265811  892  719  719.504832545  17.9820429038  0.0266761769122
-1.60149265811  892  742  742.855653742  16.9005940207  0.0395163749842
-1.60149265811  891  766  766.196253943  15.1721312919  0.0198090965356
-1.60149265811  891  790  789.98879393  14.0592391618  0.0136753901508
-1.60149265811  890  814  814.100668612  13.4421948199  0.0145871908123
-1.60149265811  889  839  838.485468689  12.7671507349  0.0031350873829
-1.60149265811  889  863  863.293910833  12.785461346  0.0149906339189
-1.60149265811  888  888  888.327963558  12.7366944091  0.0333924669583
-1.60149265811  887  914  913.92967796  12.4603588179  0.00947308459538
-1.60149265811  886  940  939.75256615  12.9744703414  0.0195604179656
-1.60149265811  885  966  966.047078392  13.1738005472  0.0242407574662
-1.60149265811  884  993  992.689818401  12.9577415417  0.0290781450122
-1.40745265811  878  4  3.1361796295  5.36397117401  -0.201399331858
-1.40745265811  879  19  19.352032829  5.80471462986  0.0032562942683
-1.40745265811  880  35  35.2282499998  6.01397473924  -0.00883596068061
-1.40745265811  881  51  51.2468415849  6.27294789382  -0.00827618063154
-1.40745265811  882  67  67.3461151824  6.51128026548  -0.00561590955008
-1.40745265811  882  84  83.5439904283  6.68782602713  -0.0255368049224
-1.40745265811  883  100  99.9825682778  6.9641083603  -0.00480138555253
-1.40745265811  884  117  116.462988283  7.24182783748  -0.0175104657202
-1.40745265811  884  133  133.064928914  7.73618660728  0.0122165829614
-1.40745265811  885  150  149.867117612  8.40245874605  0.014196065613
-1.40745265811  886  167  166.033149665  20.3831359872  -99.5848413232
-1.40745265811  886  184  183.872621758  10.4994160388  0.0204246031225
-1.40745265811  887  201  201.081381017  12.8281638058  0.0133651375523
-1.40745265811  888  219  218.590781534  15.3033058918  -0.00569673777826
-1.40745265811  888  237  236.335266171  17.8755542601  -0.0210042375835
-1.40745265811  889  255  254.452685141  21.2442344692  -0.0111240612946
-1.40745265811  889  273  272.904008168  22.1614405508  -0.0050746928689
-1.40745265811  890  291  291.697734455  22.7095937027  0.0362939006392
-1.40745265811  890  309  310.702403512  0.320510564158  0.0781198358287
-1.40745265811  890  328  328.820280396  20.8483797832  0.0461530758553
-1.40745265811  891  347  347.351548684  20.2224568117  0.0201939680128
-1.40745265811  891  365  366.2135497  21.3819665104  0.0621078127323
-1.40745265811  891  385  384.406913422  18.884304243  -0.00192571957941
-1.40745265811  892  403  403.466125006  18.3813179185  0.042730639412
-1.40745265811  892  422  422.279550184  18.0977656618  0.0357919986126
-1.40745265811  892  441  441.327155847  19.0647495324  0.0393628780775
-1.40745265811  892  461  460.409358667  18.0661904981  0.00122373405885
-1.40745265811  892  480  479.860735139  20.1608332963  0.0239152976845
-1.40745265811  893  500  499.953089325  20.9683362276  0.0208495447883
-1.40745265811  893  520  520.078510284  0.263288743444  0.0254590448665
-1.40745265811  893  541  540.425227478  23.1678929254  0.00251310131492
-1.40745265811  893  561  561.591818707  26.5799888332  0.0368287953122
-1.40745265811  893  583  582.91624721  29.4180562369  0.0140094836748
-1.40745265811  892  606  605.184117894  30.4893459602  4.7125234283e-05
-1.40745265811  892  628  627.798997714  31.5143488063  0.025251900776
-1.40745265811  892  650  651.024603508  30.4703009975  0.0655060951429
-1.40745265811  892  673  673.855023726  25.6428765057  0.0523455435641
-1.40745265811  892  697  696.354122474  20.0862114  0.00810259537486
-1.40745265811  891  719  719.388531034  17.9584483362  0.0239889470917
-1.40745265811  891  742  742.882488691  16.7760845962  0.03828149925
-1.40745265811  890  766  766.177275388  15.207807025  0.0196585987108
-1.40745265811  890  790  790.054161399  14.0731838887  0.0140772337229
-1.40745265811  889  814  814.085437422  13.3687246813  0.015356304135
-1.40745265811  888  839  838.49679216  12.6998440664  0.00112387555204
-1.40745265811  888  863  863.292509066  12.5804145014  0.019581522138
-1.40745265811  887  888  888.291807947  12.6416410235  0.0302336932588
-1.40745265811  886  914  913.929197264  12.4474755096  0.00953088351558
-1.40745265811  885  940  939.752744806  13.0078769855  0.0180329112327
-1.40745265811  884  966  966.087814729  13.097003431  0.0267776557687
-1.40745265811  883  993  992.675369131  12.8745572783  0.0210350639729
-1.21341265811  877  3  2.99707351339  0.0690134477465  -0.222914076656
-1.21341265811  878  19  19.2332448024  5.78682096271  -0.00165565258598
-1.21341265811  879  35  35.0918481436  5.97205092755  -0.0129975760436
-1.21341265811  880  51  51.1187740945  6.20572681334  -0.0171610889148
-1.21341265811  881  67  67.2281857449  6.53228540905  -0.00210554971043
-1.21341265811  881  83  83.5051589159  6.74200510437  0.000943541591224
-1.21341265811  882  100  99.8827424887  6.93976705573  -0.00831417307819
-1.21341265811  883  116  116.441736157  7.26519583711  0.018145543744
-1.21341265811  883  133  133.055729875  7.83546513339  0.00952703762514
-1.21341265811  884  150  149.784453789  8.34683015607  0.00918897008444
-1.21341265811  885  167  166.705420634  9.29376712804  0.00866081438479
-1.21341265811  885  184  183.717514554  10.7851444091  0.00558174139307
-1.21341265811  886  201  201.019055662  13.0568152456  0.0143041422088
-1.21341265811  887  219  218.595883275  14.4557217398  0.00982372955316
-1.21341265811  887  236  236.429475829  17.7815457605  0.0282395943438
-1.21341265811  888  255  254.426712259  20.7320440148  -0.0201767851152
-1.21341265811  888  273  272.856253696  22.1442984626  -0.00577210438194
-1.21341265811  889  291  291.660728295  22.7567608312  0.038014397266
-1.21341265811  889  309  310.534148846  0.351934377447  0.071438992311
-1.21341265811  890  329  328.53339354  21.1461441184  -0.0139135207993
-1.21341265811  890  347  347.178698983  20.1720724616  0.0152391561313
-1.21341265811  890  365  366.080948769  21.5624683286  0.0589752133782
-1.21341265811  891  385  385.271948587  0.329687188369  -7.81983504915
-1.21341265811  891  403  403.23585629  18.2766821306  0.0330858337358
-1.21341265811  891  422  422.115392195  0.222686639945  0.0300974737819
-1.21341265811  891  441  441.299505226  18.9592022288  0.0342304544285
-1.21341265811  891  461  460.435143597  18.2738664672  0.00807404541923
-1.21341265811  892  480  480.054312393  20.141860402  0.0232489107418
-1.21341265811  892  500  499.943455214  21.088919584  0.02033338222
-1.21341265811  892  520  519.993533312  0.265465536261  0.0260280552477
-1.21341265811  892  541  540.418686713  23.0757446888  0.00217336484538
-1.21341265811  892  561  561.560569303  27.0863432515  0.0317926206331
-1.21341265811  892  583  582.867902879  29.1728924514  0.0144852967338
-1.21341265811  892  605  605.057234478  30.3491831467  0.0282805623812
-1.21341265811  891  628  627.811536622  31.7845222244  0.0272328045669
-1.21341265811  891  651  650.823812509  28.2703768068  0.0304290082928
-1.21341265811  891  673  673.869113376  23.5907426815  0.0498931851976
-1.21341265811  891  696  696.512993763  20.4889871017  0.0331285700863
-1.21341265811  890  719  719.354968726  18.1087844749  0.0228902597125
-1.21341265811  890  742  742.837070878  16.6803084619  0.0387943209479
-1.21341265811  889  766  766.075256053  15.2285144789  0.0164357122867
-1.21341265811  889  790  789.98943922  14.1507660629  0.0147285301884
-1.21341265811  888  814  814.028018634  13.2623079282  0.0140822641737
-1.21341265811  887  838  838.510642037  12.9933228123  0.0218622479068
-1.21341265811  887  863  863.284242437  12.6557600632  0.0170408959312
-1.21341265811  886  888  888.244532308  12.749047843  0.0301086993086
-1.21341265811  885  914  913.898291568  12.5296199282  0.00826431745105
-1.21341265811  884  940  939.697020399  12.9568637185  0.014651326296
-1.21341265811  883  966  966.024669605  13.0299801727  0.022790557693
-1.21341265811  882  993  992.640203394  13.1436244501  0.0223812580371
-1.21341265811  881  1020  1031.0867594  37.1846242056  78.7035432058
-1.01937265811  876  3  2.90409333044  0.0679756453629  -0.233284855693
-1.01937265811  877  19  19.1378305909  5.85844993984  -0.00949424461879
-1.01937265811  878  35  35.0024294078  6.05912443284  -0.0179138862484
-1.01937265811  879  51  51.027548828  6.23096076809  -0.018494859806
-1.01937265811  880  67  67.1762037156  6.38339017053  -0.00944860550059
-1.01937265811  880  83  83.3945405676  6.6691097593  0.00114416313492
-1.01937265811  881  100  99.7601313175  6.94707302171  -0.0108050922034
-1.01937265811  882  116  116.320365258  7.2506609569  0.014818626425
-1.01937265811  883  133  132.946957494  7.8616316929  0.0104131909064
-1.01937265811  883  150  149.67243156  8.42121093409  0.0018528236418
-1.01937265811  884  167  166.552890368  9.26960672393  -0.0007709424119
-1.01937265811  884  184  183.637512818  10.7367274713  0.0081713662141
-1.01937265811  885  201  200.943692336  13.1589724038  0.0112698715136
-1.01937265811  886  219  218.530875166  14.2291514348  -0.00330010998044
-1.01937265811  886  236  236.313670725  18.0014092657  0.0278028406392
-1.01937265811  887  254  254.548027826  20.1736090888  0.0346299414035
-1.01937265811  887  273  272.842888174  22.2581793122  -0.00286503461864
-1.01937265811  888  291  291.536582429  0.265549405732  0.0262799564223
-1.01937265811  888  309  310.222269848  22.3957356979  0.0561411968587
-1.01937265811  889  328  328.652759286  21.486858648  0.0362413103495
-1.01937265811  889  347  347.045090416  20.3044156741  0.0125837980679
-1.01937265811  889  366  365.586282195  19.1203463652  -0.000976139139147
-1.01937265811  890  385  385.286818059  0.328555154589  -7.56078926449
-1.01937265811  890  403  403.091041654  18.5652612338  0.0272055188972
-1.01937265811  890  422  422.081138125  18.4459067517  0.0283585191593
-1.01937265811  890  441  441.237555268  19.316117698  0.0342966823906
-1.01937265811  890  461  460.386529422  18.2302555158  0.00506214391746
-1.01937265811  891  480  480.026471727  0.24268704538  0.027974943982
-1.01937265811  891  500  499.882265468  20.8745320544  0.0161509541223
-1.01937265811  891  521  519.75047984  21.844867163  -0.0166891197954
-1.01937265811  891  541  540.324231513  23.2474651599  -0.000132536896993
-1.01937265811  891  562  561.270734971  26.6931928278  -0.00654294368492
-1.01937265811  891  584  583.30793011  0.172994954835  -8.83495322887
-1.01937265811  891  606  604.754956408  30.1840330928  -0.00840059783501
-1.01937265811  890  628  627.738113328  30.8519870838  0.0222437826894
-1.01937265811  890  651  650.761358094  27.0930712466  0.0257978350468
-1.01937265811  890  673  673.723613233  23.5607856522  0.0484751840554
-1.01937265811  890  696  696.449508016  20.4274310567  0.0340027055558
-1.01937265811  889  719  719.416693633  0.228546044743  0.0283158564678
-1.01937265811  889  743  742.563525002  15.8501716195  0.00674546826392
-1.01937265811  888  766  766.120300022  14.9843320522  0.016750246586
-1.01937265811  888  790  789.942481691  14.1385357811  0.0147333879764
-1.01937265811  887  814  813.97262552  13.1995690286  0.0134505846125
-1.01937265811  887  838  838.52858242  12.8738613311  0.0206269334848
-1.01937265811  886  863  863.241548063  12.65711483  0.0167675513485
-1.01937265811  885  888  888.21537931  12.6773456386  0.0304730437901
-1.01937265811  884  914  913.882874335  12.5908006317  0.00607701681556
-1.01937265811  883  940  939.720668367  12.9577007984  0.0152141295249
-1.01937265811  882  966  966.007591139  12.9429507186  0.0221002609478
-1.01937265811  881  993  992.591364537  13.1450465201  0.0164127285643
-1.01937265811  880  1020  1018.57999865  10.8309244598  0.0
-0.825332658109  875  3  2.82610488741  5.17736333973  -0.240675051556
-0.825332658109  876  19  19.0403387816  5.7512356926  -0.0103832921123
-0.825332658109  877  35  34.9251040958  6.01887234726  -0.0181979941328
-0.825332658109  878  51  50.893313115  6.25753833713  -0.0236004782831
-0.825332658109  879  67  67.0741752204  6.41018514168  -0.00857910250275
-0.825332658109  879  83  83.3868735147  6.69358288941  0.00155907995004
-0.825332658109  880  100  99.6791447632  6.98161359821  -0.0143797507775
-0.825332658109  881  116  116.236582364  7.30358191448  0.0127018738746
-0.825332658109  882  133  132.885313647  7.86945727756  0.00999840721306
-0.825332658109  882  150  149.544179917  8.43387972892  -0.00265857490361
-0.825332658109  883  167  166.467265583  9.2170074522  -0.00210753519165
-0.825332658109  884  184  183.604352581  10.6527600949  0.00265637633618
-0.825332658109  884  201  200.821550805  13.0184142759  0.00713870744236
-0.825332658109  885  219  219.202739617  0.361900474455  -5.18985494666
-0.825332658109  885  236  236.179896889  17.8229604042  0.0250303269815
-0.825332658109  886  254  254.474216314  0.246100187698  0.0283291492793
-0.825332658109  886  273  272.6743018  22.1884327335  -0.00802524800097
-0.825332658109  887  291  291.43850556  22.3552734859  0.0184753374391
-0.825332658109  887  309  310.085874513  22.1048237506  0.0545194222464
-0.825332658109  888  328  328.641370718  0.256206052082  0.0259004126867
-0.825332658109  888  347  347.028837383  20.3918485874  0.0140362517814
-0.825332658109  888  365  -33762.8900897  140169.782794  -0.107501426168
-0.825332658109  889  385  385.293072115  0.331306895611  -7.43255354769
-0.825332658109  889  403  403.079279938  0.224927317276  0.0296386960964
-0.825332658109  889  421  422.328684512  0.264859007016  0.0718625724612
-0.825332658109  889  441  441.141260472  19.5337872804  0.0315139144186
-0.825332658109  890  461  460.423654478  18.0718776477  0.0072161606284
-0.825332658109  890  480  479.971233719  18.8191688874  0.0245061179806
-0.825332658109  890  499  499.939690256  21.2840377562  0.054397921377
-0.825332658109  890  520  519.965534809  21.7634217221  0.0219903963957
-0.825332658109  890  541  540.351221955  23.5629144697  -0.00159555471935
-0.825332658109  890  562  561.266976907  26.9788284553  -0.00586249363403
-0.825332658109  890  584  582.559291187  27.5369898027  -0.0145743017258
-0.825332658109  890  605  605.033107914  30.9331665274  0.0291377931892
-0.825332658109  890  628  627.395202814  31.1531182061  0.01633675285
-0.825332658109  889  650  650.911223151  28.3986335241  0.054971463675
-0.825332658109  889  673  673.736136362  23.8214135475  0.0447248271379
-0.825332658109  889  696  696.491246832  20.3744896588  0.0346562349597
-0.825332658109  888  719  719.355548027  17.7801119887  0.0223774569222
-0.825332658109  888  742  742.642963957  0.204474802398  0.0316993258575
-0.825332658109  887  766  766.135447872  15.1545079569  0.0216684625424
-0.825332658109  887  790  789.84488155  14.0707926817  0.0125490925476
-0.825332658109  886  814  813.943141105  13.2589745109  0.0130975193708
-0.825332658109  886  838  838.441526981  12.7466121413  0.0227865786709
-0.825332658109  885  863  863.201866898  12.6658267958  0.0153993999824
-0.825332658109  884  888  888.252604164  12.6918669774  0.0317253010727
-0.825332658109  883  914  913.806085713  12.434258776  0.00329959209303
-0.825332658109  882  940  939.684993921  12.967472744  0.0125664964965
-0.825332658109  881  966  965.987102889  13.0838657806  0.0241609539688
-0.825332658109  880  993  992.654308702  13.1341175587  0.0212114091411
-0.825332658109  879  1020  1018.58021257  10.9140383534  0.0
-0.631292658109  875  3  2.64854141016  5.02744246268  -0.273852293164
-0.631292658109  875  19  18.9301159941  5.86036951454  -0.0225367955587
-0.631292658109  876  35  34.8155853432  6.00303253569  -0.0211750896069
-0.631292658109  877  51  50.7935676786  6.23250762197  -0.0256431771542
-0.631292658109  878  67  66.9328936177  6.47037071449  -0.0208214627801
-0.631292658109  879  83  83.2202046039  6.72318308546  -0.00466978389419
-0.631292658109  879  99  99.6212111811  7.03189124795  0.0149846703487
-0.631292658109  880  116  116.17090868  7.34191875284  0.0127956804906
-0.631292658109  881  133  132.793053936  7.88666203208  0.0123182459997
-0.631292658109  881  149  149.527342638  8.7563722305  0.029070794955
-0.631292658109  882  167  166.421959905  9.39467181989  -0.00304228967809
-0.631292658109  883  183  183.609746903  11.3925795296  0.0406160576051
-0.631292658109  883  201  200.674025647  12.9456565866  -0.000536114645125
-0.631292658109  884  219  218.332331193  14.3974466515  -0.00820947097531
-0.631292658109  884  236  236.104589923  17.666883574  0.0200513496886
-0.631292658109  885  254  254.315677282  20.3799219844  0.0214084263607
-0.631292658109  885  272  272.916890604  22.5385843437  0.0429285730387
-0.631292658109  886  291  291.268743467  22.6523759665  0.0126036594703
-0.631292658109  886  309  310.055080286  0.330373444785  0.0574379208243
-0.631292658109  887  329  328.272070221  21.2208992854  -0.0222361376319
-0.631292658109  887  347  346.933279635  20.2753486551  0.00916415001034
-0.631292658109  887  365  365.603425397  19.6381657456  0.0351965791427
-0.631292658109  888  384  384.219224647  0.229390980812  0.0300891599723
-0.631292658109  888  403  402.940601856  18.7306103287  0.025814446301
-0.631292658109  888  422  421.819217023  18.2921008535  0.0173740048605
-0.631292658109  888  441  440.97879929  18.5368597625  0.0272499655892
-0.631292658109  889  460  460.514216976  19.5961206792  0.043792230388
-0.631292658109  889  480  479.907174115  18.817723777  0.0219797377484
-0.631292658109  889  499  499.347580082  21.7988658682  0.0
-0.631292658109  889  520  519.866362067  21.9263688153  0.0186277235962
-0.631292658109  889  541  540.366006436  23.1452195999  0.000657345870422
-0.631292658109  889  561  561.53241154  26.6626445179  0.0324944043988
-0.631292658109  889  584  582.586625671  0.338344160331  -0.0204266848663
-0.631292658109  889  605  604.945435886  31.7339013139  0.0266811681114
-0.631292658109  889  628  627.507222316  31.4700015013  0.00873903494322
-0.631292658109  888  650  650.92781561  31.786068247  0.0609638503429
-0.631292658109  888  674  673.42126172  23.1671761117  0.00781454793164
-0.631292658109  888  696  696.443286926  20.3044662098  0.0344802835484
-0.631292658109  887  719  719.294136647  17.9454081754  0.0253124150707
-0.631292658109  887  742  742.597854873  16.7948818976  0.0285919209911
-0.631292658109  886  766  766.15143829  15.0977026666  0.0176818397333
-0.631292658109  886  790  789.736146896  14.2865080626  0.00800926408407
-0.631292658109  885  814  813.930025522  13.2851011599  0.0146949741288
-0.631292658109  885  838  838.43115498  12.9402049813  0.0162879654966
-0.631292658109  884  863  863.191148631  12.6185030798  0.0163954393568
-0.631292658109  883  888  888.252745118  12.569089423  0.0326882529446
-0.631292658109  882  914  913.827993926  12.3944633488  0.00152801555632
-0.631292658109  881  940  939.631927191  12.91158717  0.0118327384501
-0.631292658109  880  966  965.990019407  13.0519037586  0.021333961031
-0.631292658109  879  993  992.643001975  13.2064791582  0.0211048442064
-0.631292658109  878  1020  1022.35342764  38.1944326479  27.5318926086
-0.437252658109  874  3  2.62867219571  4.95916858856  -0.277824310682
-0.437252658109  874  19  18.8597668434  5.80102733224  -0.013277278624
-0.437252658109  875  35  34.6862662211  6.03053478109  -0.0323156697976
-0.437252658109  876  51  50.7092199031  6.23416948289  -0.0290616431877
-0.437252658109  877  67  66.8477425158  6.50173161033  -0.0226044785878
-0.437252658109  878  83  83.1648168888  6.74100203681  -0.00414343551398
-0.437252658109  878  99  99.5010772696  7.0144668362  0.0080763496091
-0.437252658109  879  116  116.048689052  7.28355705852  0.00663997532113
-0.437252658109  880  133  132.651633874  7.81896762843  -0.00245540478744
-0.437252658109  880  149  149.468411579  8.76717236794  0.0316869164757
-0.437252658109  881  167  168.918776045  0.086180104368  10.9988063041
-0.437252658109  882  183  183.493593196  11.1315746328  0.0342576552515
-0.437252658109  882  201  200.644955602  12.9113126465  -0.00420348758017
-0.437252658109  883  219  219.293574544  0.0944139689731  -6.27578941959
-0.437252658109  883  236  236.064314743  18.0561966734  0.0121156186349
-0.437252658109  884  254  254.221432544  20.3251311941  0.0220983338167
-0.437252658109  884  272  272.660234275  22.0873762497  0.0369154241706
-0.437252658109  885  291  291.17483628  22.5647650258  0.00307474569395
-0.437252658109  885  309  309.957616493  24.6081853803  0.0486264005907
-0.437252658109  886  329  328.207561216  0.256667748524  -0.0271339048744
-0.437252658109  886  347  346.845306925  20.4377105321  -0.000739078361851
-0.437252658109  886  365  365.448685122  19.571827273  0.0353466307463
-0.437252658109  887  383  384.518765993  20.7948751302  0.0783990568194
-0.437252658109  887  403  402.841689788  18.6268733159  0.0201218991831
-0.437252658109  887  422  421.803215024  18.381707445  0.0180064661236
-0.437252658109  887  441  440.930362684  18.5234823073  0.0238093183987
-0.437252658109  888  460  460.346033005  19.5229344472  0.0383083221304
-0.437252658109  888  480  479.977472873  0.227557883498  0.0279102821664
-0.437252658109  888  499  499.365247825  21.7619687008  0.0
-0.437252658109  888  520  519.880174523  22.145012585  0.0227650297092
-0.437252658109  888  541  540.268361994  22.9205924902  -0.00418875467176
-0.437252658109  888  561  561.444418937  25.4029341276  0.0315109561191
-0.437252658109  888  582  583.228641957  32.5210755817  0.0535709137986
-0.437252658109  888  606  604.720423294  29.5655291494  -0.000630633487185
-0.437252658109  888  627  627.828084178  0.475218924284  0.0455507268585
-0.437252658109  887  651  650.432292977  28.3265161661  0.0205653802409
-0.437252658109  887  673  673.66545305  23.7149593247  0.0442509374344
-0.437252658109  887  696  696.379721673  20.1032648854  0.0311342649324
-0.437252658109  886  719  719.30105625  17.779582113  0.022409376745
-0.437252658109  886  742  742.577698988  16.7867457368  0.0279969170512
-0.437252658109  886  766  765.974505693  15.0326186255  0.0149849105507
-0.437252658109  885  790  789.697085509  14.172278531  0.00607481872151
-0.437252658109  884  814  813.89989186  13.218886748  0.0101919965568
-0.437252658109  884  838  838.427538403  12.9267749716  0.0219226419118
-0.437252658109  883  863  863.138463761  12.5763276032  0.0162444723486
-0.437252658109  882  888  888.190376007  12.5785427215  0.0288247433421
-0.437252658109  881  914  913.811863983  12.5537555329  0.00585674999781
-0.437252658109  880  940  939.593226338  12.900461081  0.00905948797056
-0.437252658109  879  966  965.959426884  13.1381041984  0.0240755526202
-0.437252658109  878  993  992.628163451  12.9227818963  0.0211216313804
-0.243212658109  873  3  2.47755802335  0.0674774500615  -0.306105694708
-0.243212658109  874  19  18.7764949004  5.80139627471  -0.0196609400414
-0.243212658109  874  35  34.5640734235  6.0492293965  -0.0354190402887
-0.243212658109  875  51  50.6019450768  6.21543240697  -0.0329375082337
-0.243212658109  876  67  66.7578648537  6.46218533317  -0.0257222052326
-0.243212658109  877  83  83.0725479636  6.77764040233  0.00394825794334
-0.243212658109  877  99  99.3878877772  7.05963487392  -0.00158230308364
-0.243212658109  878  116  115.922714976  7.32186624702  -0.000154285646941
-0.243212658109  879  133  132.550079344  7.84401451055  -0.0035779060861
-0.243212658109  879  149  149.389989913  8.53409965084  0.0246927012704
-0.243212658109  880  166  166.334466741  9.30626198399  0.0351153003583
-0.243212658109  881  183  183.401369042  11.369813402  0.0382793266658
-0.243212658109  881  201  200.572870115  12.1840538436  -0.00325641150323
-0.243212658109  882  218  218.191053807  15.0895405183  0.0175908641841
-0.243212658109  882  236  235.909359897  17.7066582334  0.0142024085297
-0.243212658109  883  254  254.108416119  20.1534792869  0.0159493381376
-0.243212658109  883  272  272.64843189  22.1094556682  0.0307715983554
-0.243212658109  884  291  291.062732387  22.3446834379  -0.00130879663058
-0.243212658109  884  309  309.892104933  22.1568038168  0.0476880135622
-0.243212658109  885  328  328.279367851  21.4371070743  0.0126918460822
-0.243212658109  885  346  347.077081136  20.655111925  0.0508965573341
-0.243212658109  885  365  365.487476304  19.4241447983  0.0322992508917
-0.243212658109  886  384  384.028359575  18.8971265488  0.0203307482441
-0.243212658109  886  403  402.834175886  18.6837729546  0.0192055615828
-0.243212658109  886  422  421.747106616  18.4544722231  0.0200164020005
-0.243212658109  887  441  440.904351042  18.4543087597  0.0268590863934
-0.243212658109  887  460  460.317742495  19.3996046655  0.0397038451689
-0.243212658109  887  480  479.892138923  18.9472312787  0.0225021267656
-0.243212658109  887  499  499.801914191  21.6608210716  0.0497100564148
-0.243212658109  887  520  519.767262324  21.9682463172  0.0173239573726
-0.243212658109  887  540  540.420438384  24.3090331132  0.0279184273289
-0.243212658109  887  562  561.089973388  25.0403254174  -0.00585639603536
-0.243212658109  887  582  583.006704435  29.4569724293  0.049635634496
-0.243212658109  887  605  604.858210918  31.4615831003  0.0232796384415
-0.243212658109  887  627  627.624569314  0.4782724353  0.046611591547
-0.243212658109  886  651  650.433937238  0.345151239618  0.0194581172297
-0.243212658109  886  674  673.342323143  23.5252511226  0.011728100819
-0.243212658109  886  696  696.31580904  20.1660529679  0.0287394314721
-0.243212658109  886  719  719.181960837  17.8240324338  0.023707285403
-0.243212658109  885  742  742.496173412  16.9059107249  0.0285927069196
-0.243212658109  885  766  765.988959024  15.0471979101  0.0141230602005
-0.243212658109  884  790  789.694183153  13.9820931993  0.00621167376364
-0.243212658109  883  814  813.829162607  13.3590336708  0.0111820493587
-0.243212658109  883  838  838.356990032  13.0270435244  0.0174047378896
-0.243212658109  882  863  863.08786551  12.6326909462  0.0134796515826
-0.243212658109  881  888  888.131348174  12.6153417222  0.0294037272994
-0.243212658109  880  914  913.772747493  12.4890131565  0.00125910928966
-0.243212658109  879  940  939.610539722  13.1693771986  0.0149052517487
-0.243212658109  878  966  965.948276117  12.9351387406  0.0192636340362
-0.243212658109  877  993  992.603418205  13.2557615261  0.0211837479177
-0.243212658109  876  1020  1022.16789871  37.7734905708  60.9478410368
-0.0491726581088  872  3  2.40188263055  4.82475383691  -0.323245100746
-0.0491726581088  873  19  18.6242572332  5.73500756256  -0.0249842652461
-0.0491726581088  873  34  34.5228936679  6.13929308636  -0.00336727456381
-0.0491726581088  874  50  50.5687879149  6.20791664229  0.00612576730452
-0.0491726581088  875  67  66.6659595404  6.44706376118  -0.0291111351502
-0.0491726581088  876  83  82.9851414656  6.70382906461  -0.00943762186691
-0.0491726581088  876  99  99.3078675262  7.02484775241  0.00260865617564
-0.0491726581088  877  116  115.829484194  7.30627143105  -0.00327867648132
-0.0491726581088  878  133  132.47631511  7.82676165223  -0.00547303814623
-0.0491726581088  878  149  149.28389489  8.46650677717  0.0256534993898
-0.0491726581088  879  166  166.233231722  9.32019769665  0.028907313547
-0.0491726581088  880  183  183.320582427  11.1416639403  0.0266251492125
-0.0491726581088  880  201  200.470952421  12.0965555948  -0.00354277310639
-0.0491726581088  881  218  218.165134238  15.2298666282  0.0179049892874
-0.0491726581088  881  236  236.011767936  18.0320976689  0.0114527866023
-0.0491726581088  882  254  254.035422001  20.143168486  0.0124654659126
-0.0491726581088  882  272  272.458275099  21.7759748695  0.0310849453905
-0.0491726581088  883  291  290.967902816  22.2339836425  0.00256308407577
-0.0491726581088  883  309  309.795824418  22.1184563807  0.0316973409201
-0.0491726581088  884  327  328.750744311  0.360150333067  0.0793254696304
-0.0491726581088  884  347  346.682813308  20.1418649227  -0.00134924280163
-0.0491726581088  885  365  365.384826456  19.6143496439  0.035080397741
-0.0491726581088  885  383  384.261280763  0.27656249124  0.0685601251239
-0.0491726581088  885  403  402.252924009  0.33555509973  -8.95374341916
-0.0491726581088  885  422  421.654738451  18.3874561955  0.0209791010267
-0.0491726581088  886  441  440.996452042  18.1365816776  0.0260620224048
-0.0491726581088  886  460  460.267823548  19.5290148859  0.0395137520658
-0.0491726581088  886  480  479.76837666  18.7776607242  0.0164500660819
-0.0491726581088  886  499  499.68635883  0.262986904116  0.0442034611271
-0.0491726581088  886  520  519.67365071  21.9601880934  0.0146118521054
-0.0491726581088  886  541  540.094481679  22.6184522221  -0.00987280705805
-0.0491726581088  886  562  561.102445557  25.173211886  -0.00731906570462
-0.0491726581088  886  583  582.614875267  29.3342881377  0.0131151250241
-0.0491726581088  886  605  604.917487965  30.6768150973  0.0207957078738
-0.0491726581088  886  628  627.345545188  31.508305785  0.0157550881157
-0.0491726581088  886  651  650.277381507  28.1289376514  0.0105617304171
-0.0491726581088  885  673  673.541348044  24.1875939207  0.0409197431799
-0.0491726581088  885  696  696.269728799  0.247252747652  0.0261610125594
-0.0491726581088  885  719  719.235157183  18.0172575362  0.0233302529263
-0.0491726581088  884  742  742.399087686  16.3688056129  0.0221144830259
-0.0491726581088  884  765  766.057810826  14.8976364686  0.0399277740672
-0.0491726581088  883  790  789.638913006  13.5687360606  0.00453042028827
-0.0491726581088  883  813  813.941791164  13.4300777067  0.0262471533571
-0.0491726581088  882  838  838.309668454  13.0022827282  0.0175235417539
-0.0491726581088  881  863  863.07467485  12.4594359084  0.0131372517289
-0.0491726581088  880  888  888.106714442  12.6223587708  0.0256578886217
-0.0491726581088  879  914  913.708061245  12.6421425087  0.00482791545784
-0.0491726581088  878  940  939.629695858  12.8984371955  0.0129976075531
-0.0491726581088  877  966  965.916938693  13.2234435095  0.0238141084394
-0.0491726581088  876  993  992.553182062  13.0927042321  0.0152883819533
-0.0491726581088  875  1020  1022.15706704  37.4771430663  67.5558274916
0.144867341891  871  3  2.29442964512  0.0670130383962  -0.35219460154
0.144867341891  872  19  18.5791998661  5.64707853382  -0.0303629619073
0.144867341891  872  34  34.4567641573  6.0896551905  0.000299050232799
0.144867341891  873  50  50.438108444  6.2716205706  -0.00328154041409
0.144867341891  874  67  66.5424309098  6.47577049101  -0.0324975511847
0.144867341891  875  83  82.8809907512  6.68380284308  -0.00863768913246
0.144867341891  875  99  99.2545063329  7.00958639638  -0.00210947212651
0.144867341891  876  116  115.733788797  7.37233935462  -0.00395218781008
0.144867341891  877  133  132.368766342  7.79419158679  -0.00910087658691
0.144867341891  878  149  149.245052691  8.43885499197  0.024566073884
0.144867341891  878  166  166.109563505  9.28259327011  0.023343416311
0.144867341891  879  183  183.25188654  11.2001339659  0.0250434238475
0.144867341891  879  201  200.370709711  12.2283203372  -0.0138295798529
0.144867341891  880  218  218.06601531  14.0971442416  0.0254444572395
0.144867341891  880  235  235.94974533  17.5536000163  0.0542114373632
0.144867341891  881  254  254.086243296  20.0144835104  0.0129632994335
0.144867341891  882  272  272.555944125  21.3935799303  0.0276566232593
0.144867341891  882  291  290.832988398  22.3095379017  -0.000542367262696
0.144867341891  882  309  309.625159715  21.683208171  0.0289881432414
0.144867341891  883  327  328.603638852  23.5904538968  0.0758809549427
0.144867341891  883  347  346.6243275  19.99475682  -0.00279910364407
0.144867341891  884  365  365.445956741  19.1664165363  0.0308988665881
0.144867341891  884  383  384.289302746  20.6804993428  0.0707562184974
0.144867341891  884  403  402.272006113  0.330663378756  -8.62023092138
0.144867341891  884  422  421.56249889  18.4268622223  0.0123166595229
0.144867341891  885  441  440.870623419  18.2830098662  0.0239452987222
0.144867341891  885  460  460.152356655  19.073923738  0.0326871609388
0.144867341891  885  480  479.748321666  20.0319949415  0.0182421573919
0.144867341891  885  500  499.349963123  19.4656913876  -0.00132442586883
0.144867341891  885  519  519.349536155  22.0427226046  0.0
0.144867341891  885  540  540.292925108  24.1887243027  0.0246668432188
0.144867341891  885  562  560.84620864  25.2112318317  -0.015514067163
0.144867341891  885  583  582.520322573  29.0553926407  0.00821410503272
0.144867341891  885  605  604.631644245  30.4145016673  0.0101951540242
0.144867341891  885  628  627.426940169  0.386759411406  0.0182357682468
0.144867341891  885  651  650.526706509  27.9908681872  0.0101402079975
0.144867341891  884  673  673.507479311  23.5710346034  0.0393942321087
0.144867341891  884  695  696.566662249  21.7457738086  0.0661490988082
0.144867341891  884  719  719.148316815  17.6033767689  0.0251989607272
0.144867341891  883  742  742.470101729  16.826321715  0.0287108240761
0.144867341891  883  766  765.890741681  14.5491785758  0.0113861827808
0.144867341891  882  789  789.801025901  14.1902452483  0.0286286625527
0.144867341891  882  813  813.820651049  13.3446265778  0.0283207472886
0.144867341891  881  838  838.263428163  12.8421600118  0.0148215458661
0.144867341891  880  863  863.033360081  12.4994398815  0.0138702176198
0.144867341891  879  888  888.095952179  12.9081584068  0.032353256856
0.144867341891  878  914  913.730474837  12.5567337  0.00320537673316
0.144867341891  877  940  939.538864313  13.1739172074  0.0139648987216
0.144867341891  876  966  965.977455276  13.1338144047  0.0210965215744
0.144867341891  875  993  992.544716302  13.290409999  0.022341445257
0.144867341891  874  1020  1018.5818631  10.7982853288  0.0
0.338907341891  870  3  2.22891015973  0.0637518040307  -0.358925043083
0.338907341891  871  18  18.5539282905  5.83475547763  0.0264721205249
0.338907341891  871  34  34.3801112228  6.16273115665  -0.00451595985562
0.338907341891  872  50  50.3471006026  6.27435367593  -0.00704026664435
0.338907341891  873  66  66.4928945128  6.43271209286  0.00278279893451
0.338907341891  874  83  82.7634843138  6.68246626219  -0.0155039599025
0.338907341891  875  99  99.1172299126  6.98161088177  -0.00176397445885
0.338907341891  875  116  115.62801784  7.35459547084  -0.0103861743267
0.338907341891  876  132  132.37686104  7.75212446205  0.0292695355199
0.338907341891  877  149  149.092826636  8.56314074254  0.0256193790218
0.338907341891  877  166  166.038573055  9.30061289843  0.0207355183963
0.338907341891  878  183  183.141605556  11.1954233076  0.0220089780374
0.338907341891  878  201  200.2970533  12.1904584149  -0.00608541958497
0.338907341891  879  218  217.943134764  15.2306998659  0.0144109654216
0.338907341891  880  236  235.795715958  17.5005232439  -0.00286782314709
0.338907341891  880  254  253.882472932  20.0420812907  0.00358456360788
0.338907341891  881  272  272.329010978  0.271435806237  0.0258871913866
0.338907341891  881  291  290.712272334  22.1625733925  -0.00773693295719
0.338907341891  881  309  309.684928406  21.9297609768  0.0317322339167
0.338907341891  882  327  328.271696068  21.395776932  0.0590657998907
0.338907341891  882  346  346.649930299  20.3137883439  0.0367141424254
0.338907341891  883  365  365.27106201  0.239596027957  0.0275103339335
0.338907341891  883  383  384.151857084  21.0799417287  0.0660752757627
0.338907341891  883  403  402.5584157  18.2624544844  0.00911015604571
0.338907341891  883  422  421.54534416  18.7773013857  0.00793063035656
0.338907341891  884  441  440.85441896  18.2814422623  0.0270010906007
0.338907341891  884  460  460.144323579  0.234559625667  0.0284315614772
0.338907341891  884  480  479.574751322  20.1626183653  0.0139880950504
0.338907341891  884  500  499.38215624  19.4711774864  0.0044638206244
0.338907341891  884  519  519.241269824  23.5185809232  0.0
0.338907341891  884  541  539.924251459  23.1808079656  -0.0161681785373
0.338907341891  884  561  561.026993397  0.327480768913  0.0203539448527
0.338907341891  884  584  582.354847868  27.6180941847  -0.0248148346727
0.338907341891  884  605  604.561258614  30.6226125924  0.0111868634687
0.338907341891  884  628  627.342734627  31.7794402357  0.0154222478083
0.338907341891  884  650  650.700208317  0.38404566194  0.0479980841848
0.338907341891  883  673  673.361802067  23.6812678963  0.0367365473462
0.338907341891  883  695  696.513024788  21.9737342634  0.0633991009533
0.338907341891  883  719  719.144561163  17.6305923212  0.0204176061951
0.338907341891  882  742  742.399685132  16.8140621827  0.0265426962915
0.338907341891  882  766  765.884301238  14.5622132731  0.00895352153641
0.338907341891  881  789  789.760656863  14.2170877551  0.0292202264024
0.338907341891  881  814  813.7794266  13.4362502485  0.00794041150193
0.338907341891  880  838  838.31207727  12.8345530658  0.0178116999812
0.338907341891  879  863  863.005324011  12.4849371977  0.012891187214
0.338907341891  878  888  888.066801868  12.7234152596  0.0259878202059
0.338907341891  877  914  913.656602885  12.7027586906  0.00247951877044
0.338907341891  876  940  939.651221398  13.0771803038  0.0159347014629
0.338907341891  875  966  965.889768592  13.2303497513  0.0234960097245
0.338907341891  874  992  992.638883871  12.8889613099  0.0376250693374
0.532947341891  869  3  2.13741432463  4.39985788801  -0.384121317568
0.532947341891  870  18  18.4566642265  5.78497583626  0.0140109948102
0.532947341891  871  34  34.2362155985  6.10456741928  -0.00483815598932
0.532947341891  871  50  50.232564371  6.2828604785  -0.0114211609515
0.532947341891  872  66  66.4034541976  6.41480963882  0.00175932110899
0.532947341891  873  83  82.6655064548  6.69474552229  -0.0159128100558
0.532947341891  874  99  99.0622362432  7.00627066123  -0.000163183407559
0.532947341891  874  116  115.541337869  7.34465526355  -0.0109452400051
0.532947341891  875  132  132.255005896  7.79445347265  0.0236228371692
0.532947341891  876  149  149.039589172  8.42273783927  0.0203865764488
0.532947341891  876  166  165.909256012  9.24859709383  0.0153511955665
0.532947341891  877  183  183.036238357  11.2301506523  0.016603061807
0.532947341891  878  201  200.247441418  12.141646716  -0.010803000823
0.532947341891  878  218  217.838045779  14.2103680517  0.0175449113224
0.532947341891  879  235  235.791729699  17.7052431482  0.0504729302507
0.532947341891  879  254  253.656238414  19.9287269366  -0.00348004813087
0.532947341891  880  272  272.397764086  21.8496721933  0.0210492716419
0.532947341891  880  290  290.828099978  22.1868097951  0.0457454569224
0.532947341891  881  309  309.346242915  22.3368475207  0.017873652643
0.532947341891  881  328  327.90346708  20.8939909592  0.00530282906692
0.532947341891  881  346  346.566936085  20.533791468  0.0338965376811
0.532947341891  882  365  365.183991632  19.7431923649  0.0241952197101
0.532947341891  882  384  383.776526585  19.0142788654  0.0108774306508
0.532947341891  882  403  402.483950911  18.454594473  0.00460313211333
0.532947341891  882  421  421.702207874  19.9725208421  0.0522914724266
0.532947341891  883  441  440.745387242  18.1574392805  0.0233072888776
0.532947341891  883  460  460.10747901  19.3117293516  0.0269799642869
0.532947341891  883  480  479.549804056  19.0076151557  0.0163226571821
0.532947341891  883  499  499.486315329  20.5898272577  0.0426137834819
0.532947341891  883  519  519.600522121  23.3454129667  0.0370823884567
0.532947341891  883  541  539.834146552  23.2629135876  -0.0156365834869
0.532947341891  883  561  561.048246936  0.308433814506  0.0223590532995
0.532947341891  883  582  582.673983887  29.373407407  0.0371360962785
0.532947341891  883  605  604.480931398  30.6526473853  0.0117275749882
0.532947341891  883  628  627.221970959  30.8946996718  0.00918694941487
0.532947341891  883  650  650.573684567  0.384864844888  0.0480402497083
0.532947341891  882  673  673.190002584  23.9104387377  0.0319978846643
0.532947341891  882  695  696.377499861  22.026316221  0.0613516048244
0.532947341891  882  719  719.105156921  17.8928327805  0.0187325890762
0.532947341891  881  742  742.360932598  16.8728097885  0.0266272007329
0.532947341891  881  766  765.831277949  14.5372159145  0.00584737815599
0.532947341891  880  789  789.723430823  14.239811444  0.0292330902736
0.532947341891  880  814  813.74195449  13.4096653757  0.0138278743287
0.532947341891  879  838  838.291098121  12.9392500154  0.0186306871544
0.532947341891  878  863  862.998829448  12.6733017668  0.0101965675677
0.532947341891  877  888  888.071218826  12.8787946766  0.0304963872582
0.532947341891  876  914  913.756730637  12.6783597429  0.00167401726534
0.532947341891  876  940  939.565167061  13.1506270016  0.0175383257505
0.532947341891  874  966  965.912697556  13.024571277  0.019854498439
0.532947341891  873  992  992.522904721  13.6812990575  0.0326684618186
0.532947341891  872  1020  1018.59509504  11.2199250383  0.0
0.726987341891  868  3  2.04204758324  0.0630437355711  -0.415284259105
0.726987341891  869  18  18.3394682904  5.78366981972  0.0122570635399
0.726987341891  870  34  34.178607847  6.09047516104  -0.00726280319455
0.726987341891  870  50  50.1172836088  6.23244214625  -0.0151339949967
0.726987341891  871  66  66.2832889411  6.40842069621  -0.00253646042462
0.726987341891  872  83  82.5397311272  6.58682416427  -0.0197363152424
0.726987341891  873  99  98.9802779104  7.10406927727  0.000831585092359
0.726987341891  873  115  115.490381109  7.36499073959  0.0171442922123
0.726987341891  874  132  132.172363912  7.82122621049  0.0184355877367
0.726987341891  875  149  148.943166433  8.50183610921  0.0212167010286
0.726987341891  875  166  165.759115276  9.33331335665  0.00403438041142
0.726987341891  876  183  182.97858245  10.5750411173  0.0185741231896
0.726987341891  877  200  200.268262992  12.9406005652  0.0248550222471
0.726987341891  877  218  217.700480545  14.025458533  0.0070711259664
0.726987341891  878  235  235.738083786  17.5271196954  0.0431320699851
0.726987341891  878  254  253.60683337  20.3158658404  -0.00838601668057
0.726987341891  879  272  272.198717281  22.102309561  0.0187719210158
0.726987341891  879  291  290.496929337  22.1671080503  -0.012177784615
0.726987341891  880  309  309.364862626  22.2101860591  0.011593284474
0.726987341891  880  327  328.072107085  21.1826964779  0.050029708164
0.726987341891  880  346  346.569288467  20.5924210724  0.0348181788168
0.726987341891  881  365  364.9594743  19.6929357106  0.0125154293093
0.726987341891  881  383  384.049134849  20.719450541  0.059333626842
0.726987341891  881  403  402.420901966  18.5939323275  0.00545724685213
0.726987341891  882  421  421.6968611  19.6672509163  0.0497984391884
0.726987341891  882  441  440.490327769  18.2443967332  0.0100786836007
0.726987341891  882  460  460.029950406  0.238197921574  0.0270111765728
0.726987341891  882  480  479.544186766  18.8692475667  0.00840842073451
0.726987341891  882  499  499.440380393  20.9082350993  0.0412685928281
0.726987341891  882  519  519.666626627  0.29486149859  0.0390885752692
0.726987341891  882  541  541.29902958  0.274119738883  -7.97828785092
0.726987341891  882  562  560.756983538  25.4742962943  -0.0185678041712
0.726987341891  882  582  582.730529685  29.13469066  0.0359517661703
0.726987341891  882  605  604.470089515  33.1233103915  0.0118776677943
0.726987341891  882  629  627.217669897  30.3631619477  -0.0129133769985
0.726987341891  882  651  650.131698283  27.9864722172  0.0106404886415
0.726987341891  881  673  673.167246039  24.224999889  0.0346683619066
0.726987341891  881  696  695.956175988  20.517132578  0.0215924254266
0.726987341891  881  719  719.030586567  17.7802944044  0.0163181731149
0.726987341891  880  742  742.318815942  16.880150746  0.0228379967031
0.726987341891  880  766  765.762309206  14.5750277055  0.00468210430888
0.726987341891  879  789  789.668392266  14.3565516729  0.0293975063292
0.726987341891  879  813  813.839896356  13.5519928421  0.0286616118898
0.726987341891  878  838  838.248801723  12.9511227532  0.0178922776702
0.726987341891  877  863  863.023400115  12.8789099271  0.0150003449371
0.726987341891  876  888  888.117205812  12.7506583474  0.0295499505805
0.726987341891  876  914  913.637223555  12.5752084996  0.00203053591305
0.726987341891  875  940  939.577225949  13.0015286088  0.0124930771248
0.726987341891  874  966  965.75413153  13.0703380242  0.0194034860045
0.726987341891  872  992  992.58407548  13.4386850295  0.0293323695165
0.726987341891  871  1020  1018.60664589  11.533064689  0.0
0.921027341891  867  2  1.90836822269  0.0631462104186  -0.455287211526
0.921027341891  868  18  18.182234728  5.73583423501  -0.000314456698341
0.921027341891  869  34  34.0650129044  6.13661456597  -0.00308099399687
0.921027341891  869  50  50.0275970162  6.30217960732  -0.0214341632819
0.921027341891  870  66  66.1829746522  6.39529828774  -0.00802857255524
0.921027341891  871  82  82.484701429  6.60845927535  0.00943630392282
0.921027341891  872  99  98.8693785831  6.9494048869  -0.0108480097013
0.921027341891  872  115  115.433425119  7.29115078458  0.0187419636306
0.921027341891  873  132  132.100700553  7.81687727469  0.0191837595579
0.921027341891  874  149  148.837924339  8.42555751588  0.0129880567875
0.921027341891  874  166  165.674704689  9.45490008773  0.00562704913373
0.921027341891  875  183  182.02851632  23.1093882667  -99.5812740409
0.921027341891  876  200  200.216535297  12.7647766521  0.0168537469563
0.921027341891  876  218  217.629675457  13.9756467347  0.00273962884702
0.921027341891  877  235  235.644575623  17.8827955393  0.045696305736
0.921027341891  877  254  253.54846208  20.435995194  -0.0125235993014
0.921027341891  878  272  272.127687296  21.8792663295  0.00890450462938
0.921027341891  878  290  290.754180337  22.5193632963  0.0385405756401
0.921027341891  879  309  309.251394293  22.1834076277  0.0150084894045
0.921027341891  879  327  327.875098746  21.0764119738  0.0418535407348
0.921027341891  879  346  346.402789144  20.7334112467  0.0207362152983
0.921027341891  880  365  364.857572705  19.7231867101  0.00849353851425
0.921027341891  880  383  383.78490845  19.0490862662  0.0524625825284
0.921027341891  880  402  402.531511847  18.8563788867  0.047147122686
0.921027341891  881  421  421.507798054  20.0521855487  0.0468792166724
0.921027341891  881  441  440.49081624  18.344333277  0.00840517425481
0.921027341891  881  460  459.933343831  20.0402185875  0.0237420439044
0.921027341891  881  480  479.423592714  18.7181395087  0.00269574775602
0.921027341891  881  499  499.336513017  20.5011316605  0.0343776201166
0.921027341891  881  519  519.596486688  21.7189259028  0.0430525982048
0.921027341891  881  540  540.010279454  23.1665948572  0.0206855435519
0.921027341891  881  561  560.983367334  25.3058904851  0.0189280962657
0.921027341891  881  582  582.598136554  28.6006404084  0.0337276748475
0.921027341891  881  605  604.509627098  31.4132767947  0.0144045938579
0.921027341891  881  628  627.337525571  31.0502577843  0.0105381355161
0.921027341891  881  650  650.340550342  28.3704863729  0.0443605340822
0.921027341891  880  673  673.273640208  23.6529161105  0.0320779988064
0.921027341891  880  696  695.948417978  20.7343965281  0.0219357027695
0.921027341891  880  719  718.927709649  17.8881377107  0.0172342432334
0.921027341891  879  742  742.237049363  16.1499109056  0.0167731143318
0.921027341891  879  765  765.821854428  15.3006662365  0.0268249275951
0.921027341891  878  789  789.634196098  14.1911150392  0.0245697726511
0.921027341891  878  813  813.737345536  13.5043766296  0.0257274283498
0.921027341891  877  838  838.207360215  12.9232696234  0.0157743832443
0.921027341891  876  863  862.959946122  12.6777887945  0.0105362577452
0.921027341891  875  888  888.030222822  12.8367585562  0.03111538557
0.921027341891  875  914  913.665489141  12.3105002848  0.000316208137682
0.921027341891  874  939  939.581446042  12.7747133647  0.0315959584449
0.921027341891  873  966  965.853552432  13.2894073662  0.0171205439538
0.921027341891  871  992  992.519014513  13.6147259167  0.033284664522
0.921027341891  870  1020  1022.21093193  36.3772562422  52.7530385861
1.11506734189  866  2  1.82877063728  0.0626639844924  -0.488230611255
1.11506734189  867  18  18.0931223565  5.80183116369  0.00123874741959
1.11506734189  868  34  33.9525339968  6.04652814988  -0.0184786169635
1.11506734189  868  50  49.9426196579  6.22561461005  -0.0197558717471
1.11506734189  869  66  66.0563212131  6.42024612517  -0.0129359044633
1.11506734189  870  82  82.3890246495  6.61887987381  0.00601867919882
1.11506734189  871  99  98.768489654  6.99711989554  -0.0103497171333
1.11506734189  871  115  115.339027384  7.47292065087  0.00594496844398
1.11506734189  872  132  131.973704396  7.83342343526  0.0150050641004
1.11506734189  873  149  148.749214603  8.41286333822  0.00843965603941
1.11506734189  873  166  165.614877319  9.48246101322  -0.0045020033596
1.11506734189  874  183  182.727842191  10.6280583465  0.0111142412712
1.11506734189  875  200  200.088257237  12.9427139231  0.0176095309216
1.11506734189  875  218  217.552361406  14.012442231  0.00188689146154
1.11506734189  876  235  235.517578039  17.2330343999  0.0344441617299
1.11506734189  876  253  253.625175657  19.6513377396  0.0359819925629
1.11506734189  877  272  271.975562  21.9793639125  0.00597027177598
1.11506734189  877  291  290.451606561  22.5457141909  -0.0186783178236
1.11506734189  878  309  309.138684464  21.9583044358  7.74629784456e-05
1.11506734189  878  327  327.786411886  21.6708323975  0.0402368452276
1.11506734189  878  346  346.318014527  20.5092900144  0.0225522872707
1.11506734189  879  365  364.88692405  19.7268931775  0.0130533305339
1.11506734189  879  383  383.660163039  18.9621156794  0.0495044189528
1.11506734189  879  402  402.556966459  18.7198776172  0.0467825905736
1.11506734189  880  421  421.53813125  20.0848695502  0.0422746701182
1.11506734189  880  441  440.449180008  18.330030858  0.0131889985952
1.11506734189  880  460  459.812765864  18.5227616852  0.0202349389224
1.11506734189  880  479  479.553182711  20.1301129022  0.0428930435816
1.11506734189  880  499  499.254845965  20.3452012595  0.0291751703254
1.11506734189  880  519  519.473279321  21.9433685229  0.0399258957919
1.11506734189  880  540  539.936073462  22.9471229869  0.0180063033801
1.11506734189  880  561  561.011801654  0.298934850785  0.0215909265922
1.11506734189  880  582  582.366624553  28.7262374363  0.03111477928
1.11506734189  880  605  604.409329195  31.0509545919  0.0110013898416
1.11506734189  880  628  627.040088345  30.8076626475  0.00402559225864
1.11506734189  880  650  650.348542081  28.4593338984  0.041726015221
1.11506734189  880  673  672.986191636  23.4522179814  0.0271457317078
1.11506734189  879  695  696.251221398  22.3627490323  0.0592543279881
1.11506734189  879  719  718.94631045  18.1661791759  0.0171441373203
1.11506734189  878  742  742.134749729  15.9796133769  0.011363648242
1.11506734189  878  765  765.850346264  15.332561377  0.0306136630022
1.11506734189  877  789  789.622073621  14.3033120576  0.0283627333466
1.11506734189  877  814  813.614321149  13.3655787888  0.00402281541576
1.11506734189  876  838  838.150437264  12.999017509  0.0163434316689
1.11506734189  875  863  862.937849218  12.7260516248  0.0166261164355
1.11506734189  875  888  888.034721753  12.683170662  0.0276810726359
1.11506734189  874  914  913.578725014  12.1890314462  0.00150531005219
1.11506734189  873  939  939.579340873  12.9224329798  0.0277604728002
1.11506734189  872  966  965.752820423  13.0206476875  0.0202255138519
1.11506734189  870  992  992.577111222  13.3687262492  0.0304085898307
1.11506734189  869  1020  1026.90358058  37.1937111364  145.896333757
1.30910734189  865  2  1.71926691262  0.0629938662106  -0.54009052828
1.30910734189  866  18  17.9801221641  5.77199974232  -0.00889286596872
1.30910734189  867  34  33.8534064181  6.06890691014  -0.0130244247917
1.30910734189  867  50  49.8720480211  6.24365658312  -0.0226003756235
1.30910734189  868  66  65.9813555087  6.42897426002  -0.0147241150221
1.30910734189  869  82  82.3005977077  6.63527487262  0.00301516962739
1.30910734189  870  99  98.6974478083  7.00737839854  -0.0175004401974
1.30910734189  870  115  115.248846565  7.40207141948  0.0115946607573
1.30910734189  871  132  131.850442234  7.82354027895  0.00745602492673
1.30910734189  872  149  148.648666405  8.38570427451  0.00058374054126
1.30910734189  872  166  165.494449299  9.27806214343  -0.000197866829323
1.30910734189  873  183  182.641814973  10.6257561596  0.00413271344771
1.30910734189  874  200  200.055753194  12.0710944483  0.0236152264966
1.30910734189  874  217  217.551019979  0.184619062178  0.0358526683163
1.30910734189  875  235  235.383448672  0.213803147162  0.0318758608675
1.30910734189  875  253  253.428660882  0.240902566336  0.0286878350713
1.30910734189  876  271  272.161646179  21.7035860293  0.0595177325135
1.30910734189  876  290  290.562515726  22.6269436566  0.0311072417114
1.30910734189  877  309  309.040566339  22.0369637326  0.00309838988275
1.30910734189  877  327  327.748394722  21.5783299865  0.0367071557419
1.30910734189  877  345  346.71750364  0.342051534192  0.082896521024
1.30910734189  878  365  364.816567259  19.7777194301  0.0103671851125
1.30910734189  878  383  383.648770399  19.1809400662  0.0452130469474
1.30910734189  878  402  402.457560186  18.4290915359  0.0389810446069
1.30910734189  879  421  421.496406228  19.8831321874  0.0437696381821
1.30910734189  879  441  440.359184953  18.3099279747  0.0104585295714
1.30910734189  879  460  459.876173417  18.639141015  0.0214791542954
1.30910734189  879  479  479.546947957  0.248670499469  0.0461247039664
1.30910734189  879  499  499.302800884  20.2885323769  0.0296882679219
1.30910734189  879  519  519.551945043  21.7997655904  0.0432705188093
1.30910734189  879  540  539.994889568  23.2219469155  0.0224049861427
1.30910734189  879  561  560.877493014  25.9695976625  0.0131026957465
1.30910734189  879  583  582.065051874  28.9726440744  -0.00283443016872
1.30910734189  879  605  604.443916305  30.91534082  0.0111550183791
1.30910734189  879  628  626.949286342  30.4130871989  0.00214121505151
1.30910734189  879  650  650.31178839  28.2284509487  0.0366468042567
1.30910734189  879  673  673.176678062  23.6101052861  0.0271416450765
1.30910734189  878  695  696.173972655  22.6016897145  0.0566858951065
1.30910734189  878  719  718.976231909  17.9814820437  0.0143576149555
1.30910734189  877  742  742.098511587  16.1795203214  0.0136570278907
1.30910734189  877  765  765.801033786  15.4703957751  0.0323710981941
1.30910734189  876  789  789.582715696  14.1101348136  0.0225983162382
1.30910734189  876  814  813.648632425  13.3446334556  0.00611344120925
1.30910734189  875  838  838.125146795  12.9274960722  0.0162984449992
1.30910734189  874  863  862.927782934  12.6114173612  0.00946675125335
1.30910734189  874  888  887.942333389  12.6362358831  0.0275374632317
1.30910734189  873  914  913.589669534  12.430226293  -0.00272164623424
1.30910734189  872  939  939.552512005  12.9377073979  0.0334814937366
1.30910734189  871  966  965.832061153  13.1513175738  0.0197488162212
1.30910734189  870  992  992.504486401  13.5392933054  0.0316143871357
1.30910734189  868  1020  1029.31862991  36.0868800727  97.6436199868
1.50314734189  864  2  1.63793472718  0.0626630982513  -0.573119680873
1.50314734189  865  18  17.8669103883  5.77331578324  -0.0114332909652
1.50314734189  866  34  33.7395036005  6.00706734574  -0.0223671440254
1.50314734189  867  50  49.7177327745  6.22521242939  -0.024868751287
1.50314734189  867  66  65.8570841209  6.46871540607  -0.0238084190741
1.50314734189  868  82  82.2127900958  6.5970494835  0.000727957290979
1.50314734189  869  99  98.6002490268  6.96980844916  -0.016937676149
1.50314734189  869  115  115.139459381  7.36011366843  0.00767586612771
1.50314734189  870  132  131.76765292  7.78440208309  0.00297164663854
1.50314734189  871  149  148.552706642  8.43018232688  -0.000637026661939
1.50314734189  871  165  165.580011023  9.77883047029  0.036027707591
1.50314734189  872  183  182.529660756  10.5486304364  -0.000945732562391
1.50314734189  873  200  199.987488918  12.1412931861  0.0272979251532
1.50314734189  873  217  217.51999485  0.182780240342  0.0347888795559
1.50314734189  874  235  235.219633626  17.419297513  0.0258162229094
1.50314734189  874  253  253.371683582  19.4888883312  0.030968904489
1.50314734189  875  272  271.736337688  21.6667477084  -0.00376872040194
1.50314734189  875  290  290.448258382  22.9473647982  0.0199616635757
1.50314734189  876  309  308.930509349  22.2940317559  -0.00193705687887
1.50314734189  876  327  327.745794443  21.6888356101  0.0339453610792
1.50314734189  877  345  346.380567211  0.33677443131  0.0743621310657
1.50314734189  877  365  364.706191796  19.8145008041  0.00545760050901
1.50314734189  877  383  383.587505348  19.2365846082  0.041486815875
1.50314734189  877  402  402.392493943  18.7078491135  0.0349029790538
1.50314734189  878  421  421.446428904  19.8536975314  0.0452045171728
1.50314734189  878  441  441.301681594  0.104079703923  -7.48860634477
1.50314734189  878  460  459.752453384  19.5503370184  0.0166678443107
1.50314734189  878  480  479.312344985  18.4630551188  0.00465118816148
1.50314734189  878  499  499.292308137  20.4410270549  0.0331587594857
1.50314734189  878  519  519.564375441  21.9786752807  0.0394085501015
1.50314734189  878  540  539.882039195  22.9749016871  0.0206793041146
1.50314734189  878  561  560.700133294  26.1300189416  0.00647488456031
1.50314734189  878  583  582.164634558  28.9589477412  -0.00171115421167
1.50314734189  878  605  604.433514945  31.201783825  0.0140719779549
1.50314734189  878  627  627.208234471  31.4476917028  0.0404073437699
1.50314734189  878  650  650.194965516  27.949516372  0.0363096553025
1.50314734189  878  673  672.967551279  23.2135298085  0.0271577539572
1.50314734189  877  696  695.78983081  20.5011003828  0.0175688506983
1.50314734189  877  719  718.840013339  17.7874803465  0.0140271131408
1.50314734189  876  742  742.237869323  16.0210818586  0.0181418652269
1.50314734189  876  765  765.753748763  15.5547923635  0.0310243383048
1.50314734189  875  789  789.558113726  14.1539950722  0.0256236915258
1.50314734189  875  814  813.559562032  13.3461953045  0.00365309643714
1.50314734189  874  838  838.102808903  13.0320612937  0.0150295640711
1.50314734189  873  863  862.918804891  12.7424508341  0.0111041854144
1.50314734189  873  888  887.939133526  12.7945407344  0.0221563681978
1.50314734189  872  914  913.618000005  12.5579749961  0.00517160637983
1.50314734189  871  940  939.456978403  13.0470252883  0.0103608433742
1.50314734189  870  966  965.814696247  13.1680383978  0.0232152717939
1.50314734189  869  992  992.56784512  13.0439340199  0.0376771839595
1.69718734189  863  2  1.57156674882  0.0623016872266  -0.614724196995
1.69718734189  864  18  17.753202697  5.7323549829  -0.019912503963
1.69718734189  865  34  33.6488017309  6.03067877084  -0.0238000939725
1.69718734189  866  50  49.6486671544  6.27612647559  -0.0263203520904
1.69718734189  866  66  65.7365813313  6.45719348852  -0.0234573490723
1.69718734189  867  82  82.1029971009  6.65253109649  -0.00538586960693
1.69718734189  868  98  98.5508428528  6.95236802829  0.0148623691714
1.69718734189  869  115  114.95804875  7.4197037518  0.00192749396401
1.69718734189  869  132  131.643994623  7.79480854955  -0.00248266988349
1.69718734189  870  149  148.46367008  8.42099262111  -0.00434490814092
1.69718734189  870  165  165.391826863  9.73457870682  0.0312810271232
1.69718734189  871  183  182.467534199  10.6029941269  -0.00151093994068
1.69718734189  872  200  199.835510745  11.9706015645  0.0120595928658
1.69718734189  872  217  217.38771935  14.9027135842  0.0327914421329
1.69718734189  873  235  235.134603773  17.3095354848  0.0174301993467
1.69718734189  873  253  253.298147058  19.7874211987  0.021009590212
1.69718734189  874  271  271.826842698  21.418104186  0.0414485622251
1.69718734189  874  290  290.269472971  22.4229051637  0.0179370957143
1.69718734189  875  309  308.904325498  22.4343937021  -0.00395665815163
1.69718734189  875  327  327.631636361  21.327987719  0.0287447566286
1.69718734189  876  345  346.426973559  22.8414651068  0.0729558488419
1.69718734189  876  365  364.693334317  20.1128540893  0.00365418136811
1.69718734189  876  383  383.47319972  19.0952016598  0.0374501412832
1.69718734189  876  401  402.56377015  0.299327459911  0.0854409560435
1.69718734189  877  421  421.382808607  20.055854911  0.0387995673609
1.69718734189  877  441  441.306042902  0.104328131149  -7.42454268675
1.69718734189  877  460  459.579926992  18.4619283585  0.0164496410702
1.69718734189  877  479  479.496981543  19.7982331971  0.0424898565044
1.69718734189  877  499  499.29600676  20.15324626  0.0320825171653
1.69718734189  877  519  519.471194966  21.905356769  0.0369898386623
1.69718734189  877  539  540.078630044  24.8920762925  0.0509353297448
1.69718734189  877  561  560.673463957  26.5301878057  0.00733737864484
1.69718734189  877  583  582.103746727  28.7960441491  -0.00603369537092
1.69718734189  877  605  604.258824915  30.2244567094  0.00732106187383
1.69718734189  877  627  627.216627027  31.3226672693  0.0381693072245
1.69718734189  877  650  650.077592488  27.7930972971  0.0369493737924
1.69718734189  877  672  673.352928232  25.8711506558  0.0640243557342
1.69718734189  876  696  695.690840161  20.4532771835  0.0175340720835
1.69718734189  876  719  718.775143005  17.8613753557  0.0119788723531
1.69718734189  876  742  742.057674312  16.1333279632  0.0145656238879
1.69718734189  875  765  765.716601952  0.188217595622  0.0342310673785
1.69718734189  874  790  789.486713098  13.5617915751  0.0011668282471
1.69718734189  874  813  813.667376733  13.6041007801  0.025072380007
1.69718734189  873  838  838.044694009  13.1217223705  0.0170054599151
1.69718734189  872  863  863.008157207  12.5573020601  0.0131291614709
1.69718734189  872  888  887.920516634  12.6205219736  0.028475946222
1.69718734189  871  914  913.546430554  12.6470579511  -0.000537230036364
1.69718734189  870  940  939.453031239  12.9388833245  0.012862563303
1.69718734189  869  966  965.782037373  13.3315870498  0.0179281538962
1.69718734189  868  992  992.475829364  13.0500129563  0.0389315177389
1.89122734189  862  2  1.48823021572  3.31938988313  -0.655875604526
1.89122734189  863  18  17.6289802734  5.58107274358  -0.0242548690637
1.89122734189  864  33  33.5852723232  5.96462067927  0.00746295428503
1.89122734189  865  50  49.5785657472  6.35468613896  -0.0188770522105
1.89122734189  865  66  65.6398870026  6.5543606026  -0.0318410229231
1.89122734189  866  82  82.0044679613  6.651637466  -0.00694616150524
1.89122734189  867  98  98.4494689465  6.97029410211  0.0121857789696
1.89122734189  868  115  114.953243165  7.41563931522  0.00569016019585
1.89122734189  868  132  131.557319014  7.84276603649  -0.0033903067343
1.89122734189  869  148  148.442626958  8.47303562416  0.0335811702881
1.89122734189  870  165  165.399946214  9.80901195263  0.0286899337322
1.89122734189  870  183  182.387914631  10.6877012117  -0.00425097155047
1.89122734189  871  200  199.720501056  12.0064549115  0.008731920834
1.89122734189  871  217  217.301268591  14.9955991848  0.0233573038109
1.89122734189  872  235  235.116465903  17.4657222491  0.0167671206494
1.89122734189  872  253  253.188592439  19.4559383097  0.0236569303677
1.89122734189  873  271  271.789656941  21.1394196094  0.0393545329938
1.89122734189  873  290  290.158915334  22.6793035066  0.0118272089144
1.89122734189  874  309  308.764030179  21.6589443133  -0.00444639162534
1.89122734189  874  327  327.387441417  0.258528712848  0.0266285116496
1.89122734189  875  346  346.027276978  20.9774798947  0.0157424103092
1.89122734189  875  364  364.757698046  0.252035259974  0.0461889033332
1.89122734189  875  383  383.333243015  20.5118236438  0.034521242907
1.89122734189  876  403  402.090170705  18.7807740641  -0.00950919760869
1.89122734189  876  421  421.225788076  19.9244404709  0.034527761569
1.89122734189  876  441  441.30728497  0.10482972163  -7.38542148858
1.89122734189  876  460  459.445299444  18.9155247898  0.00923123010951
1.89122734189  876  479  479.348518248  20.0701694315  0.0400390551082
1.89122734189  876  499  499.083617994  0.249849758504  0.0276446278627
1.89122734189  876  519  519.334540237  22.127068009  0.0331617518456
1.89122734189  876  539  539.422844579  25.1820886763  0.0
1.89122734189  876  561  560.742035524  25.483371621  0.0133646631145
1.89122734189  876  582  582.40123525  29.1590230104  0.0293978478692
1.89122734189  876  605  604.113095483  30.2759207568  0.00210845056726
1.89122734189  876  627  627.089956511  31.1742417683  0.0348634580496
1.89122734189  876  650  649.82612735  27.8803368086  0.029808542671
1.89122734189  876  673  672.874416695  23.6479750611  0.0194040076087
1.89122734189  875  695  695.873669661  20.5922356119  0.047745762362
1.89122734189  875  718  718.886034984  18.9514520164  0.0426893712985
1.89122734189  875  742  742.089640046  16.9884040377  0.0182299113559
1.89122734189  874  766  765.472741535  15.1781446634  0.00755575666557
1.89122734189  874  790  790.285015434  0.325036020769  -6.4810781619
1.89122734189  873  813  813.604330956  13.7107872964  0.0238222561092
1.89122734189  872  838  838.029864021  12.8138793168  0.0111649447013
1.89122734189  872  863  862.868149339  12.7513716481  0.0181549907024
1.89122734189  871  888  887.870549536  12.6238816066  0.024707799943
1.89122734189  870  914  913.550650958  12.6063378399  0.002160778849
1.89122734189  869  940  939.46778881  12.949885453  0.0118829233554
1.89122734189  868  966  965.79463577  13.0739574299  0.0240465615885
1.89122734189  867  992  992.445173428  12.9334881799  0.0323026669294
2.08526734189  862  17  17.5715332944  5.74656500213  0.0274522630901
2.08526734189  863  33  33.4580622122  5.96078359129  0.00367097926334
2.08526734189  864  49  49.5154513626  6.07890905647  -0.0046626917629
2.08526734189  864  65  65.6050528656  6.78636642668  -0.00107563920549
2.08526734189  865  82  81.8437508591  6.66062082115  -0.00602953411434
2.08526734189  866  98  98.3179223344  6.95464839221  0.013689349548
2.08526734189  867  115  114.880812997  7.28624608912  0.00176409661615
2.08526734189  867  131  131.467770943  7.87095535632  0.0265538270814
2.08526734189  868  148  148.315386659  8.51814315271  0.0345810440032
2.08526734189  869  165  165.321843656  9.36177146508  0.0318080376946
2.08526734189  869  182  182.337876933  11.263257838  0.0306306963685
2.08526734189  870  200  199.567670892  12.103033565  0.000953251742709
2.08526734189  870  217  217.146344186  15.3376132536  0.0157620105128
2.08526734189  871  235  235.060701359  17.5557111771  0.0188880534707
2.08526734189  871  253  253.338159469  20.5961862882  0.0149370771654
2.08526734189  872  271  271.80227501  21.1075741082  0.0475834506647
2.08526734189  872  290  290.119451879  23.0660414074  0.0089249551007
2.08526734189  873  308  308.849628627  22.0310127262  0.0402791059576
2.08526734189  873  327  327.256560378  21.4507997649  0.0226443562985
2.08526734189  874  346  345.876316878  20.2349716555  -0.000170646237352
2.08526734189  874  364  364.704953564  0.250821200537  0.0457587442153
2.08526734189  874  383  383.221131884  18.8892114978  0.0306182846997
2.08526734189  875  402  402.17109814  0.225956613836  0.0284664619199
2.08526734189  875  421  421.08279939  0.226254487335  0.0290774245627
2.08526734189  875  440  440.238241743  18.2649653486  0.0420174207009
2.08526734189  875  459  459.672926291  20.0725706649  0.0479808307462
2.08526734189  875  479  479.189276469  19.9882207374  0.0355602905248
2.08526734189  875  499  499.006873457  20.8858897432  0.0240624135321
2.08526734189  875  519  519.455468072  22.2277296197  0.0314634905842
2.08526734189  876  539  539.422844579  25.1820886763  0.0
2.08526734189  876  561  560.50069917  24.63233573  0.0203659668579
2.08526734189  875  582  582.254269732  28.4950982553  0.0225045688198
2.08526734189  875  605  604.272472576  30.8870516677  0.00469297778847
2.08526734189  875  628  626.683802212  28.9063722613  -0.00483941943718
2.08526734189  875  649  650.235658018  32.0403453569  0.0662704982336
2.08526734189  875  673  672.895286651  0.286563546504  0.0232693316521
2.08526734189  874  695  695.881703745  22.1096570408  0.0490551467292
2.08526734189  874  719  718.694121387  17.4274293524  0.00862557308941
2.08526734189  874  742  741.903277844  15.9751723029  0.0160470859614
2.08526734189  873  765  765.641388138  15.4357772111  0.0278492935938
2.08526734189  873  790  790.286041906  0.325930072809  -6.47325273208
2.08526734189  872  813  813.468081893  13.6394367903  0.0181751988102
2.08526734189  871  838  838.013065039  12.9772791511  0.0186850848655
2.08526734189  871  863  862.739999684  12.5638228093  0.00933838589538
2.08526734189  870  888  887.862638244  12.5907211822  0.029703614314
2.08526734189  869  914  913.536261116  12.5373575648  0.000450987728599
2.08526734189  868  940  939.447035813  12.9480392342  0.0136761894142
2.08526734189  867  966  965.786817754  13.0034690975  0.0223883250448
2.08526734189  866  992  992.397167986  12.6979556608  0.0397569945167
