# Band 2C   Etalon 1A   Slice 8
# Distortion map version 06.04.00 - date 2018-10-09
# Trace (isoalpha): Take pixel trace along specified slice, specified alpha position trace is built by taking the pixel in every detector row with alpha value closest to the one specified 
# xpos[i] = np.argmin(alpha_img[i,:])+funcs.find_nearest(alpha_img[i,:][(slice_img[i,:]!=0)],alpha_pos)
#    alpha       x  y      center         FWHM          skewness
0.0  925  10  10.3567065996  5.45674299881  0.0137137643401
0.0  926  26  25.9868774765  5.72158145937  -0.0100320456242
0.0  927  42  41.7218124999  5.9142987888  -0.0229981612841
0.0  927  57  57.662844134  6.30282545976  -0.00212318204319
0.0  928  74  73.6960645091  6.38704715081  -0.025737223078
0.0  929  90  89.9411562191  6.64750386602  -0.00198061642868
0.0  930  106  106.248078531  6.95863411371  0.00903124602154
0.0  930  123  122.579798765  7.32499532279  -0.01008145623
0.0  931  139  139.259623212  7.87133803031  0.0240181703363
0.0  932  156  155.926631917  8.58020488227  0.0139748072768
0.0  932  173  172.758775356  9.67815502111  0.00815054145953
0.0  933  190  189.809587176  11.0786010931  0.0111551550468
0.0  934  207  207.209189174  13.5512491722  0.0218082818886
0.0  934  225  224.676400004  14.5275897127  0.00283508390989
0.0  935  242  242.741840424  17.7534381741  0.0430249294767
0.0  935  261  260.484015229  17.8622370792  -0.0181684631388
0.0  936  278  279.145062011  20.0304073965  0.0520190666968
0.0  936  297  297.182356631  19.8747085545  0.00749776229961
0.0  937  315  315.590868908  0.243491099167  0.0274391922032
0.0  937  334  333.843243153  19.2182329011  -0.000699493587977
0.0  937  352  352.231961208  18.4551714901  0.0244047398302
0.0  938  371  370.705433907  18.4162265306  -0.00123411963133
0.0  938  389  389.410548452  18.4446432272  0.0352591298264
0.0  938  408  408.081055258  18.486208135  0.0272681591828
0.0  938  427  426.795525013  18.902111687  0.0171882541289
0.0  939  446  446.004773725  0.233444632502  0.0287976152174
0.0  939  465  465.206140352  20.8580254976  0.0356114050952
0.0  939  485  484.534478052  20.1071707429  0.00899459445769
0.0  939  504  504.362844477  22.9771244742  0.0356978463841
0.0  939  524  524.552015858  24.09639793  0.0387839281135
0.0  939  545  545.036162668  27.2364319074  0.0252093574245
0.0  939  567  565.590801531  27.6991098614  -0.021431721083
0.0  939  587  587.726084736  0.446517973235  0.0503397460725
0.0  939  610  609.820692963  0.391941038356  0.0180840452875
0.0  939  633  632.071814813  31.4872609257  0.0113783494085
0.0  939  655  655.013291697  26.5194746799  0.0308726287749
0.0  938  677  677.802491286  22.9901933244  0.0458183421387
0.0  938  700  700.350349128  19.2478148412  0.0310376717711
0.0  938  723  723.01500596  17.7177260655  0.0194292490209
0.0  937  746  746.270903512  16.5897013831  0.0246574620375
0.0  937  770  769.565351091  14.5484147772  0.00563239213135
0.0  936  793  793.308383627  14.1017648984  0.0198737510995
0.0  935  817  817.257130877  13.3918684246  0.0184339315318
0.0  935  842  841.686684661  12.8238574692  0.00637621109651
0.0  934  866  866.436346585  12.6262691151  0.0212372466803
0.0  933  891  891.330120851  12.7371835803  0.0352837293315
0.0  932  917  916.840105489  12.5566760475  0.00315286042101
0.0  931  943  942.5376915  12.9013900594  0.0145642665622
0.0  930  969  968.806684748  12.9525113664  0.0162103020808
0.0  929  995  995.405821667  12.8903670083  0.0311263915682
-1.7169604793  933  11  11.39903619  5.41094126836  0.00778784798493
-1.7169604793  934  27  27.0374861623  5.72817531492  -0.015678079115
-1.7169604793  935  43  42.8680518631  5.93207382085  -0.0151138150839
-1.7169604793  936  59  58.7527055064  6.30599117023  -0.0158646354258
-1.7169604793  936  75  74.6899960783  6.32172336232  -0.0173963219041
-1.7169604793  937  91  90.9117514089  6.61401694847  -0.0161918676591
-1.7169604793  938  107  107.287702178  6.90276501839  0.000290317923859
-1.7169604793  939  124  123.531141575  7.56642883178  -0.00662426016987
-1.7169604793  939  140  140.207645223  7.81364450803  0.0217386516697
-1.7169604793  940  157  156.911781833  8.60485280391  0.00932938378275
-1.7169604793  941  174  173.517945642  10.2745155389  -0.00283969148557
-1.7169604793  941  191  190.75860818  11.1293002502  0.00374473617949
-1.7169604793  942  208  208.208378905  12.8251123374  0.0250103978827
-1.7169604793  942  225  225.790994735  15.2477608014  0.0563906639827
-1.7169604793  943  244  243.543981141  16.5117178074  -0.0212288275321
-1.7169604793  943  261  261.616703513  18.6898936453  0.0462653605818
-1.7169604793  944  279  280.148409814  19.5524471939  0.037560372466
-1.7169604793  944  298  298.042862915  17.3974106432  0.0199228065395
-1.7169604793  945  315  317.010284986  20.8466161963  0.0809180764949
-1.7169604793  945  335  334.693335658  18.5438043054  -0.00505330750156
-1.7169604793  946  353  352.931537421  19.1674123229  0.0199786088573
-1.7169604793  946  371  371.813677534  19.4927170208  0.0425229117842
-1.7169604793  946  391  389.966009488  18.2374042356  -0.0193286868082
-1.7169604793  946  409  408.228364122  17.4759139199  0.00371624621565
-1.7169604793  947  428  427.48350541  18.9366177903  0.00229148799809
-1.7169604793  947  447  446.425463599  19.0417743506  -0.00302098388757
-1.7169604793  947  466  465.912000532  19.9400586767  0.023965751344
-1.7169604793  947  485  485.312096116  21.8636312721  0.034301185224
-1.7169604793  947  505  504.988764716  23.2270523319  0.0182917671135
-1.7169604793  947  525  525.169120324  24.21273646  0.025703504535
-1.7169604793  947  546  545.695178906  26.48168431  0.0153695616991
-1.7169604793  947  567  566.618530473  29.8167636181  0.00712124589235
-1.7169604793  947  589  588.068812516  31.9375880795  0.002608498774
-1.7169604793  947  611  610.250441539  33.7786378168  0.0120909000197
-1.7169604793  947  633  633.121820124  31.2794380163  0.0402208131265
-1.7169604793  947  656  655.385355495  26.3971461764  0.0260577595468
-1.7169604793  946  678  678.783030754  0.252881059158  0.0264562580687
-1.7169604793  946  701  700.683051995  19.6573127815  0.0166999925544
-1.7169604793  946  723  723.560611008  17.9058141302  0.0454546528223
-1.7169604793  945  746  746.792498603  16.4628528727  0.0290161378781
-1.7169604793  945  770  769.963766361  14.5938786303  0.0264053737752
-1.7169604793  944  793  793.874113176  13.7802348168  0.0295772462925
-1.7169604793  944  818  817.754300769  14.2104651364  0.00315759797634
-1.7169604793  943  842  842.097662514  12.8708130812  0.0264767150662
-1.7169604793  942  867  866.781598313  12.5723584614  0.0191301392554
-1.7169604793  941  892  891.727581477  11.7554179698  0.0137035212223
-1.7169604793  940  917  917.440280912  11.6789703433  0.00704810323028
-1.7169604793  939  943  943.155855152  12.1069461092  0.0165548855848
-1.7169604793  938  969  969.194625539  12.3301306151  0.0171180966101
-1.7169604793  937  996  995.558548487  12.4232026792  0.023538718093
-1.5229204793  932  11  11.2658210424  5.43343846394  0.00738919162237
-1.5229204793  933  27  26.9030518692  5.76060849398  -0.0145411852382
-1.5229204793  934  43  42.7132090948  5.90731163141  -0.0238791612754
-1.5229204793  935  59  58.6065176131  6.17022195467  -0.023553837295
-1.5229204793  935  75  74.6372513545  6.52091191419  -0.0329413934556
-1.5229204793  936  91  90.8030528917  6.59994792614  -0.0143422010428
-1.5229204793  937  107  107.151912078  6.92415493643  0.00148766063253
-1.5229204793  938  124  123.563056578  7.31331657546  -0.00444518967524
-1.5229204793  938  140  140.066451557  7.84411595244  0.0113815505715
-1.5229204793  939  157  156.784319309  8.60917425838  0.00905735946643
-1.5229204793  940  174  173.640336582  9.70910389799  0.00316938362325
-1.5229204793  940  191  190.645807085  11.07493289  0.00253417045029
-1.5229204793  941  208  208.017883906  12.7751518286  0.017424732715
-1.5229204793  941  225  225.664463011  0.190226859262  0.0362628567137
-1.5229204793  942  243  243.430679819  17.8364710307  0.0284118765641
-1.5229204793  942  261  261.650540803  19.0730206404  0.038065505222
-1.5229204793  943  279  279.943588595  20.3658729415  0.0383811724689
-1.5229204793  943  297  298.388073271  20.1577314399  0.0589010480425
-1.5229204793  944  315  317.04963189  21.8265840732  0.0918037655016
-1.5229204793  944  335  334.606605563  19.0053452697  -0.00554977047022
-1.5229204793  945  353  353.048770779  18.2749633615  0.01494008766
-1.5229204793  945  371  371.749634344  18.1641469817  0.0434303989589
-1.5229204793  945  390  390.019562957  18.2201067647  0.0246525083089
-1.5229204793  946  409  408.280459926  0.329447024384  -9.2184335115
-1.5229204793  946  427  427.748844419  20.3925040637  0.0536692130091
-1.5229204793  946  447  446.386493581  18.9828144739  0.00433647988029
-1.5229204793  946  466  465.721670979  19.5523547038  0.015554337957
-1.5229204793  946  485  485.258757959  21.7118360128  0.0339075967757
-1.5229204793  946  505  504.996179452  22.6908769884  0.0204525361591
-1.5229204793  946  526  524.836130202  24.0962848143  -0.0144235904271
-1.5229204793  946  546  545.468316345  25.6566262555  0.007432909566
-1.5229204793  946  567  566.363822936  29.3846507263  0.00581724460734
-1.5229204793  946  589  587.980200443  30.2201766326  -0.00720916284541
-1.5229204793  946  610  610.231365519  34.5608368242  0.0350342419883
-1.5229204793  946  633  632.957261292  30.6685373111  0.0327083361013
-1.5229204793  946  656  655.526406192  26.8765700006  0.0156629378906
-1.5229204793  946  678  678.134430563  22.6982852339  0.0323978102408
-1.5229204793  945  700  700.839736098  20.0132391071  0.0436127952228
-1.5229204793  945  723  723.675877243  17.5716097117  0.0339172014751
-1.5229204793  944  746  746.825339416  16.3416632986  0.0378867315533
-1.5229204793  944  770  770.10549289  14.6238494988  0.0187515965599
-1.5229204793  943  793  793.877160836  14.0396519892  0.0330782568672
-1.5229204793  943  818  817.726685518  13.3474165253  0.00856541611754
-1.5229204793  942  842  842.146539554  12.9243253064  0.0149871072849
-1.5229204793  941  867  866.842392015  12.5580998217  0.0140349207098
-1.5229204793  940  892  891.754225642  12.130822548  0.021086020407
-1.5229204793  939  917  917.325689842  12.3790896507  0.0155868573119
-1.5229204793  938  943  943.026248468  12.9466849602  0.0211181844552
-1.5229204793  937  969  969.203409405  13.0901704476  0.0261588225178
-1.5229204793  936  996  995.608340891  12.7180085997  0.0177980739465
-1.3288804793  931  11  11.1158189561  5.46381957629  -0.00832862014306
-1.3288804793  932  27  26.7841305767  5.69960008845  -0.0211540522369
-1.3288804793  933  43  42.5783238577  5.9363421392  -0.032192940756
-1.3288804793  934  59  58.493832735  5.99716243674  -0.0366776067857
-1.3288804793  934  74  74.5046187612  6.38651160161  -0.000483890040907
-1.3288804793  935  91  90.6624886662  6.63304081086  -0.0246376241296
-1.3288804793  936  107  107.024225407  6.86009447567  -0.00075975504161
-1.3288804793  937  123  123.513855591  7.35388722864  0.0297910775414
-1.3288804793  937  140  139.971843079  7.94938178469  0.00735904409095
-1.3288804793  938  157  156.673180614  8.60819642084  0.00417073909804
-1.3288804793  939  174  173.506364384  9.75025278051  0.0027764671258
-1.3288804793  939  191  190.555386031  11.1536319488  -0.00298524282297
-1.3288804793  940  208  207.881044698  12.7218893683  0.0130971391706
-1.3288804793  940  225  225.435461249  15.4754749198  0.0326366251524
-1.3288804793  941  243  243.358029961  17.8841217744  0.0239381925731
-1.3288804793  942  261  261.555581845  0.235127808379  0.0290892232164
-1.3288804793  942  279  279.829537739  20.3370195539  0.0402195502025
-1.3288804793  943  297  298.079199827  19.7540516699  0.0510997477057
-1.3288804793  943  315  316.72909574  0.294236536864  0.0765365497539
-1.3288804793  943  335  334.373538802  18.3553489352  -0.0251978128486
-1.3288804793  944  352  353.152566123  18.5518998455  0.0584095910501
-1.3288804793  944  371  371.574914201  18.0780013575  0.0375300961671
-1.3288804793  944  390  389.900330694  18.1508415701  0.0167063402742
-1.3288804793  945  409  408.606805353  18.2833547709  0.00775734918668
-1.3288804793  945  427  427.621852947  18.8781534187  0.0451327312481
-1.3288804793  945  446  446.60058274  19.1612391878  0.0514710525786
-1.3288804793  945  465  465.887988526  20.8706061319  0.0579329636882
-1.3288804793  945  485  485.094337898  21.4246591867  0.0285035570722
-1.3288804793  945  505  504.94865568  22.6997104897  0.0210087486931
-1.3288804793  946  526  524.807210761  24.0029242104  -0.0164310834836
-1.3288804793  946  546  545.468316345  25.6566262555  0.007432909566
-1.3288804793  945  567  566.031920187  29.830223474  -0.00434483194543
-1.3288804793  945  589  587.974979969  30.592475132  -0.0102875525338
-1.3288804793  945  610  610.416768244  0.45108302316  0.0425132058156
-1.3288804793  945  633  632.767669535  31.0696237787  0.0263393417949
-1.3288804793  945  655  655.820677207  27.7926825948  0.0555421526558
-1.3288804793  945  678  678.09959043  22.6128556022  0.0303306710733
-1.3288804793  944  700  700.819880192  21.1771565047  0.0447067139334
-1.3288804793  944  724  723.472389151  17.4908571679  0.00665064207611
-1.3288804793  943  746  746.747263095  16.3590882862  0.0402588499135
-1.3288804793  943  770  770.048086477  14.8827994872  0.0187903002285
-1.3288804793  942  794  793.718076318  13.9395031711  0.00684149783756
-1.3288804793  942  818  817.74001079  13.4137336819  0.011893047232
-1.3288804793  941  842  842.082111122  12.8697262917  0.0164232258529
-1.3288804793  940  867  866.785042829  12.5017365534  0.0105638420051
-1.3288804793  939  892  891.698192107  12.3489749628  0.024627206677
-1.3288804793  939  917  917.245509687  12.453150424  0.0103089631398
-1.3288804793  938  943  942.925126057  13.0238853928  0.0201494161868
-1.3288804793  936  969  969.182146125  13.0187629148  0.0244418820477
-1.3288804793  935  996  995.637419617  12.814936016  0.0207869863438
-1.1348404793  930  11  10.9970663303  5.44803518698  -0.00659468772769
-1.1348404793  931  27  26.6413375941  5.57062835475  -0.0316366591696
-1.1348404793  932  42  42.4850846569  5.88237156165  0.00269423340771
-1.1348404793  933  58  58.4290283031  6.23928788548  0.00676950703726
-1.1348404793  934  74  74.4712154352  6.43052361343  0.00167239486049
-1.1348404793  934  90  90.5986138163  6.63234499129  0.0106129926112
-1.1348404793  935  107  106.9066587  6.83636764969  -0.00353884057726
-1.1348404793  936  123  123.355978984  7.27150453408  0.0170868222551
-1.1348404793  936  140  139.854103444  7.8263487117  0.0111661363255
-1.1348404793  937  157  156.547595238  8.61522676431  -0.00387797360608
-1.1348404793  938  174  173.406636179  9.67287469165  -0.00617004201389
-1.1348404793  938  190  190.536975944  11.733573186  0.0372886687077
-1.1348404793  939  208  207.781258472  12.8768459022  0.014907994408
-1.1348404793  940  225  225.473797752  15.5209496329  0.0301988313382
-1.1348404793  940  243  243.255184206  17.8283259923  0.016852899407
-1.1348404793  941  261  261.404885499  0.24201757092  0.0287881923415
-1.1348404793  941  279  279.651842241  20.2958594613  0.032880421939
-1.1348404793  942  297  297.978658086  19.4778950841  0.0454330929489
-1.1348404793  942  316  316.165775828  19.4881707805  0.00688594686615
-1.1348404793  942  334  334.563702686  19.0128753076  0.0315028947671
-1.1348404793  943  353  352.751214679  18.3964822425  -0.000776006928386
-1.1348404793  943  371  371.467930937  18.1264707267  0.0350053723325
-1.1348404793  943  389  390.12034087  19.8318403001  0.0588290985142
-1.1348404793  944  409  408.453515924  18.3191196073  0.00573489148657
-1.1348404793  944  427  427.431683655  19.7829740387  0.0413432959327
-1.1348404793  944  447  446.281301728  18.887188976  -0.00216047436707
-1.1348404793  944  465  465.744049342  21.1300003062  0.0501821291856
-1.1348404793  944  485  485.029154533  0.261955584499  0.0244601585786
-1.1348404793  945  505  504.943154921  22.6830918954  0.0263770980219
-1.1348404793  945  525  525.038245264  0.294016085859  0.0215201535652
-1.1348404793  945  545  545.685710584  27.3413945007  0.0405283784712
-1.1348404793  945  567  566.305234473  29.6356472022  -0.00195512935689
-1.1348404793  944  589  588.093263746  32.0704305927  -0.0119455111031
-1.1348404793  944  611  609.840731512  33.1230566388  1.48539399513e-05
-1.1348404793  944  633  632.624899431  0.377244149477  0.0176795262043
-1.1348404793  944  656  655.285455674  26.7428014519  0.0119588756011
-1.1348404793  944  678  677.976980886  22.3722227359  0.0280515883832
-1.1348404793  943  700  700.848420005  21.3292895095  0.0480046615569
-1.1348404793  943  724  723.41217057  17.3866256605  0.00652065773626
-1.1348404793  943  746  746.702920857  0.199218048851  0.034861726647
-1.1348404793  942  770  769.944918214  14.9669122788  0.0146491804341
-1.1348404793  941  794  793.653200777  14.0539960091  0.00986936194578
-1.1348404793  941  818  817.640274326  13.3616258837  0.00880234535517
-1.1348404793  940  842  841.989096848  12.8280954456  0.01467243239
-1.1348404793  939  866  866.807854335  12.9929113886  0.030225658113
-1.1348404793  939  892  891.692509491  12.3315219643  0.0229597145276
-1.1348404793  938  917  917.131068292  12.4513759977  0.00972148135349
-1.1348404793  937  943  942.947229022  12.9998887774  0.0160368993285
-1.1348404793  935  969  969.064131883  13.1734870743  0.0244823943142
-1.1348404793  934  996  995.599988363  12.5867071544  0.0168179396166
-0.9408004793  929  11  10.9357460302  5.49097569424  -0.00280650742215
-0.9408004793  930  27  27.8122084457  0.043857225652  10.2621465251
-0.9408004793  931  42  42.3403695216  5.90827608275  -0.000913184326345
-0.9408004793  932  58  58.2824523902  6.21039785945  -0.00370729994895
-0.9408004793  933  74  74.3629400181  6.39468080691  0.009103655777
-0.9408004793  933  90  90.5106987318  6.76198884957  0.00444126662791
-0.9408004793  934  107  106.743580957  6.92207904212  -0.00950078992889
-0.9408004793  935  123  123.247030733  7.28395903476  0.0172651640244
-0.9408004793  936  140  139.819481782  7.8700429618  0.0100833184592
-0.9408004793  936  156  156.504875295  8.61791676372  0.0369898593214
-0.9408004793  937  173  173.38400962  9.66268677732  0.033885074715
-0.9408004793  937  190  190.551796688  11.825155779  0.034365573628
-0.9408004793  938  208  207.635627422  12.883445061  0.00313788932775
-0.9408004793  939  225  225.358184272  15.8976539317  0.0249872657
-0.9408004793  939  243  243.196244974  18.0597594134  0.0164736932204
-0.9408004793  940  261  261.297021674  19.3003631577  0.015395049802
-0.9408004793  940  279  279.529199995  0.248925593635  0.0283591546962
-0.9408004793  941  297  297.941132758  19.7374951643  0.0428271776632
-0.9408004793  941  315  316.425181796  21.5673417041  0.0638257171999
-0.9408004793  942  335  335.275698612  0.323230637319  -7.84046049938
-0.9408004793  942  352  352.999596514  18.506599092  0.0502916833958
-0.9408004793  942  371  371.322464765  18.4154814153  0.0259857302631
-0.9408004793  943  390  389.282578703  0.329267186602  -9.16146173136
-0.9408004793  943  409  408.392328348  18.3786150587  0.00524582096325
-0.9408004793  943  427  427.323990192  19.7588635103  0.0379591493817
-0.9408004793  943  447  447.286698538  0.330160820042  -7.54590985348
-0.9408004793  943  465  465.537092369  20.5887386016  0.0452638127342
-0.9408004793  944  485  485.075691197  0.262160177946  0.0254769414744
-0.9408004793  944  505  504.809099015  22.6755394661  0.015414910494
-0.9408004793  944  525  524.868552617  24.2875499976  0.0106233162948
-0.9408004793  944  546  545.219936204  25.4481432196  -0.00158055792791
-0.9408004793  944  566  566.484110973  29.7631374925  0.0338517645326
-0.9408004793  944  589  587.786207738  32.6346200571  -0.0128690309316
-0.9408004793  943  611  609.824436893  33.8097303897  0.003850031443
-0.9408004793  943  633  632.573758039  30.4280059174  0.0199947783865
-0.9408004793  943  655  655.486909532  26.816835116  0.0474706916114
-0.9408004793  943  678  677.881655081  0.275268709131  0.0242125891892
-0.9408004793  942  700  700.706435256  19.8651817942  0.038512124922
-0.9408004793  942  723  723.486674386  0.216222858191  0.0312797111447
-0.9408004793  942  746  746.649251711  16.2821614681  0.0374636293982
-0.9408004793  941  770  769.874419006  14.9204256964  0.0143159880585
-0.9408004793  941  794  793.628097167  14.0159478355  0.00599428118838
-0.9408004793  940  818  817.533458338  13.1923497171  0.00412007129641
-0.9408004793  939  842  841.92267076  12.6748039125  0.0144638995432
-0.9408004793  938  867  866.671816485  12.5107987576  0.00671256513502
-0.9408004793  938  892  891.5902386  12.3064727875  0.0244378218546
-0.9408004793  937  917  917.165519486  12.5527345405  0.00654008151201
-0.9408004793  936  943  942.875491269  12.7952192544  0.0203992533832
-0.9408004793  935  969  969.054547417  13.080294857  0.0214659955621
-0.9408004793  933  996  995.538531523  12.7719312544  0.0191207462549
-0.7467604793  929  11  10.7462034998  5.31926077842  -0.0123873282626
-0.7467604793  929  26  26.4169030858  5.82293946293  -0.00394198671005
-0.7467604793  930  42  42.2307801593  5.90082115449  -0.00103449629207
-0.7467604793  931  58  58.1618089629  6.24060231831  -0.00947975672531
-0.7467604793  932  74  74.2354551136  6.34964047748  -0.00349959559755
-0.7467604793  932  90  90.3580764375  6.64356781698  0.00682604625666
-0.7467604793  933  107  106.643254824  6.92842011961  -0.0139691796458
-0.7467604793  934  123  123.146884376  7.30236848885  0.0111457245362
-0.7467604793  935  140  139.64329584  8.07521913146  0.00748751493251
-0.7467604793  935  156  156.380539521  8.65448090994  0.030250472647
-0.7467604793  936  173  173.253661386  9.70070270367  0.029216170755
-0.7467604793  937  190  190.289660593  11.1804486121  0.0296380211008
-0.7467604793  937  207  207.627402822  0.165398719296  0.0397812825163
-0.7467604793  938  225  225.234892548  15.4679637882  0.0207027474724
-0.7467604793  938  243  242.990790204  17.7940002341  0.00437270505416
-0.7467604793  939  261  261.116015445  19.3006177245  0.00959284646421
-0.7467604793  939  279  279.31440887  20.4061370222  0.0182865434851
-0.7467604793  940  297  297.835054933  19.5231245608  0.0327189470076
-0.7467604793  940  315  316.168070063  19.3849831407  0.0509940690652
-0.7467604793  941  334  334.354580278  19.6265670101  0.0253389454364
-0.7467604793  941  353  352.26784111  0.342283959473  -8.54943476759
-0.7467604793  941  371  371.225044715  18.0955015022  0.0219777355856
-0.7467604793  942  390  389.261257181  0.331087440034  -8.8189550141
-0.7467604793  942  409  409.306137736  0.105993265223  -7.35218745665
-0.7467604793  942  427  427.239683238  18.6115560673  0.032088823236
-0.7467604793  942  446  446.290418622  18.7511014161  0.0352329999677
-0.7467604793  942  465  465.501595821  0.260589716593  0.0448481699447
-0.7467604793  943  485  484.871793873  21.6026166108  0.0198806604234
-0.7467604793  943  505  504.666358397  21.3670585724  0.013535923493
-0.7467604793  943  524  524.386363327  24.6151054151  0.0
-0.7467604793  943  545  545.445003979  27.3746134553  0.0308621089317
-0.7467604793  943  567  566.146816257  29.597009595  -0.00553045542101
-0.7467604793  943  589  587.832877551  33.1845957479  -0.0152898034633
-0.7467604793  943  611  609.792703153  33.7764314018  0.000819538044579
-0.7467604793  942  633  632.51322136  0.375252480189  0.016906786989
-0.7467604793  942  655  655.438971097  26.4271398697  0.0431981820179
-0.7467604793  942  678  677.875395067  22.7303322891  0.0199529255614
-0.7467604793  942  700  700.597661218  19.9997702335  0.0415727473501
-0.7467604793  941  723  723.391989855  17.9031943471  0.0256670151816
-0.7467604793  941  746  746.570243676  0.203999071211  0.0322804592306
-0.7467604793  940  770  769.801386969  14.427580103  0.0138727851097
-0.7467604793  940  793  793.567096377  14.0686664341  0.026982961155
-0.7467604793  939  817  817.587983892  13.334256209  0.0219763148956
-0.7467604793  938  842  841.838581935  12.7178037479  0.00896764799531
-0.7467604793  937  867  866.58041392  12.6076486202  0.0068085847754
-0.7467604793  937  892  891.529093913  12.4613743509  0.0173087319054
-0.7467604793  936  917  917.054862286  12.4671993663  0.00884742075059
-0.7467604793  935  943  942.828282677  13.0057998378  0.0149061389298
-0.7467604793  934  969  968.960922414  13.0287898815  0.0227784775577
-0.7467604793  932  996  995.543291459  12.7067819128  0.0170220278273
-0.5527204793  928  11  10.6690209946  5.35237719672  -0.0169427818185
-0.5527204793  928  26  26.326353292  5.80271896622  0.0013063050174
-0.5527204793  929  42  42.0758079867  5.93793357024  -0.0110736913061
-0.5527204793  930  58  58.0139841733  6.21077981549  -0.0157380870348
-0.5527204793  931  74  74.114820022  6.3565287306  -0.0055174274373
-0.5527204793  932  90  90.2862546549  6.67244956705  0.000584525886285
-0.5527204793  932  106  106.558338085  6.85853190917  0.0162850409081
-0.5527204793  933  123  123.042150734  7.30731136729  0.00891341098613
-0.5527204793  934  140  139.588962983  7.89823415101  0.00141223969444
-0.5527204793  934  156  156.190124443  8.73516822404  0.0217942413862
-0.5527204793  935  173  173.139382441  9.72524971714  0.0239376273048
-0.5527204793  936  190  190.231648345  11.0518524472  0.0286600110907
-0.5527204793  936  207  207.487012797  13.4870318642  0.0351705736824
-0.5527204793  937  225  225.098780754  15.6972283592  0.0134053127079
-0.5527204793  937  243  242.818018695  17.8540663939  -0.00537030383213
-0.5527204793  938  261  260.983297217  19.039321951  0.00612907165687
-0.5527204793  938  279  279.183220883  20.0637430504  0.00820743052824
-0.5527204793  939  297  297.660770858  19.5188673626  0.0316816591002
-0.5527204793  939  315  316.051072239  19.5669231965  0.0498132145056
-0.5527204793  940  333  334.809040233  21.2012929608  0.0810768780265
-0.5527204793  940  353  352.412897913  18.1411014637  -0.011657142973
-0.5527204793  940  371  371.03811928  18.0231293188  0.0127152284942
-0.5527204793  941  390  389.524526338  18.1636523128  0.00112054700562
-0.5527204793  941  408  408.367494188  18.4655357946  0.040774613119
-0.5527204793  941  427  427.004584738  18.9636746264  0.019793216633
-0.5527204793  941  446  446.061972454  19.2425390273  0.0254482208715
-0.5527204793  942  465  465.477676993  20.8728920523  0.0420913680094
-0.5527204793  942  485  484.834527803  21.4676067738  0.0201147148943
-0.5527204793  942  505  504.53061447  22.8509849124  0.00736556258227
-0.5527204793  942  525  524.581680481  24.4894527163  0.0129759622981
-0.5527204793  942  546  545.015617902  25.1929558505  -0.0157301880184
-0.5527204793  942  566  566.487484602  29.7749262985  0.0321966793047
-0.5527204793  942  589  587.589224224  0.398294020478  -0.01682657566
-0.5527204793  942  611  609.687556227  33.4999616184  0.000657232246616
-0.5527204793  941  633  632.435947937  31.1052655856  0.0157246321226
-0.5527204793  941  655  655.248459238  27.0760072017  0.0402578333714
-0.5527204793  941  678  677.690064996  22.2105145836  0.0155242694098
-0.5527204793  941  700  700.696515189  20.0535492639  0.0385795558117
-0.5527204793  940  723  723.293697837  18.0395657012  0.026765209995
-0.5527204793  940  746  746.508773646  0.202949731901  0.0317083297018
-0.5527204793  939  770  769.675654877  14.490486686  0.00816454654711
-0.5527204793  939  793  793.50612545  14.3017190846  0.022387406532
-0.5527204793  938  817  817.521819874  13.5887686347  0.0204643178959
-0.5527204793  937  842  841.823530837  12.8085166764  0.0100664505365
-0.5527204793  937  867  866.578392331  12.6373865125  0.00516532661548
-0.5527204793  936  892  892.283266459  0.344125851956  -6.19514268632
-0.5527204793  935  917  916.997822705  12.5195067138  0.00530347139337
-0.5527204793  934  943  942.786249692  12.8570865448  0.0171410748426
-0.5527204793  933  969  968.920693115  13.1749881024  0.018288981263
-0.5527204793  932  996  995.380708979  12.742850792  0.0188773422511
-0.3586804793  927  11  10.5835899682  5.37217508483  -0.00879300190117
-0.3586804793  927  26  26.220721514  5.81646739534  -0.000356496725225
-0.3586804793  928  42  41.9408624051  5.93322121401  -0.0201379216492
-0.3586804793  929  58  57.8672212949  6.20743331583  -0.0215753161277
-0.3586804793  930  74  73.971265467  6.40798799933  -0.0122852484512
-0.3586804793  931  90  90.1983907139  6.7273095385  0.00995708707742
-0.3586804793  931  106  106.434459711  6.96811852115  0.0017596655389
-0.3586804793  932  123  122.878484467  7.25746858371  0.000572795651874
-0.3586804793  933  140  139.425946076  7.91394921811  -0.00648110757171
-0.3586804793  933  156  156.132673557  8.73533698024  0.0161750919683
-0.3586804793  934  173  172.992204885  9.76743324611  0.014763588916
-0.3586804793  935  190  190.112323707  11.2824170169  0.0256456573483
-0.3586804793  935  207  207.350293235  13.4885212209  0.0257334787603
-0.3586804793  936  225  224.951360901  15.5861899019  0.00601061863031
-0.3586804793  936  243  242.685991796  17.5254159033  -0.00570928784928
-0.3586804793  937  261  260.861976681  19.012147547  0.00110407526449
-0.3586804793  937  279  279.06537946  20.2957106791  -0.0056498440133
-0.3586804793  938  297  297.51165021  19.9466650623  0.0208481921307
-0.3586804793  938  315  315.892370738  20.0095457799  0.0396367892454
-0.3586804793  939  334  334.260861426  19.1489724694  0.0204909925902
-0.3586804793  939  352  352.573786621  18.3243062929  0.0383783562335
-0.3586804793  939  371  370.80458233  18.5419291773  -0.00238689124198
-0.3586804793  940  389  389.651153247  18.4986226424  0.046585828039
-0.3586804793  940  408  408.224571634  18.475045978  0.034256125865
-0.3586804793  940  427  426.98197485  18.9252892976  0.0227654397863
-0.3586804793  940  446  446.00758877  19.2273449817  0.0245963523615
-0.3586804793  941  465  465.347538534  21.0915322208  0.0425713783362
-0.3586804793  941  485  484.776761873  20.0215954514  0.0184844895786
-0.3586804793  941  504  504.712237771  22.7826546112  0.0478508332557
-0.3586804793  941  525  524.565003713  24.3034388867  0.00793739110387
-0.3586804793  941  545  545.22853148  0.301834744647  0.0209785156634
-0.3586804793  941  566  566.370106222  28.4866443889  0.0370518718615
-0.3586804793  941  587  588.076836754  33.5719652834  0.0563699089755
-0.3586804793  941  610  609.412399551  33.1748551554  0.0
-0.3586804793  940  633  632.53158846  30.2891369441  0.0136420215721
-0.3586804793  940  655  655.189972591  27.3543131961  0.0383915264376
-0.3586804793  940  678  677.553475562  22.1899767137  0.0130366230662
-0.3586804793  940  700  700.524445562  19.4834529568  0.03697280676
-0.3586804793  939  723  723.188666592  17.8526244609  0.0246609523298
-0.3586804793  939  746  746.403315472  16.5692256672  0.0275431671957
-0.3586804793  938  770  769.65563301  14.555521718  0.00512357183703
-0.3586804793  938  793  793.478309053  14.3050666005  0.0234893441893
-0.3586804793  937  817  817.457485639  13.6016278923  0.0205475689815
-0.3586804793  936  842  841.826562708  12.793014462  0.0103225839605
-0.3586804793  936  867  866.47344801  12.5841892907  0.00994709364679
-0.3586804793  935  892  891.422787174  12.2722486764  0.0199922120633
-0.3586804793  934  917  916.930113836  12.4718188981  0.00678249194875
-0.3586804793  933  943  942.691676205  12.8874232705  0.0130371352074
-0.3586804793  932  969  968.894669072  12.8937820411  0.0228632819253
-0.3586804793  931  996  995.375956545  12.8021220516  0.0149276047296
-0.1646404793  926  10  10.4827910041  5.45319075192  0.0218174525348
-0.1646404793  927  26  26.0326656435  5.81226591195  -0.00465951265504
-0.1646404793  927  42  41.7972814287  6.05267656788  -0.0331414188908
-0.1646404793  928  58  57.737338979  6.21589960058  -0.0282904090779
-0.1646404793  929  74  73.8414820239  6.45832257387  -0.0175866158495
-0.1646404793  930  90  90.0706741931  6.68707280175  0.00175680139679
-0.1646404793  930  106  106.300544285  7.002397972  0.00235553627542
-0.1646404793  931  123  122.723177185  7.23909024043  -0.00305059176936
-0.1646404793  932  139  139.387401131  7.86061111393  0.0283808732476
-0.1646404793  932  156  155.948554365  8.57894689121  0.013709800706
-0.1646404793  933  173  172.900001215  9.80169931316  0.0151590669743
-0.1646404793  934  190  190.003939351  11.112498026  0.0207956768473
-0.1646404793  934  207  207.247441115  13.5468593135  0.0223534533274
-0.1646404793  935  225  224.893043313  14.6422473483  0.0104081574831
-0.1646404793  935  242  242.857635656  17.7782901203  0.0429781139519
-0.1646404793  936  261  260.621013399  17.8660386993  -0.0138237852149
-0.1646404793  936  278  279.014634679  20.0048413848  0.0511681373444
-0.1646404793  937  297  297.325935762  19.8951424564  0.010189513388
-0.1646404793  937  315  315.775314369  20.1099091979  0.0260053034352
-0.1646404793  938  334  334.039426428  19.2570030355  0.0103827105374
-0.1646404793  938  352  352.447787236  18.1746571602  0.0330858799278
-0.1646404793  938  371  370.684088468  18.3742364369  -0.00164507012556
-0.1646404793  939  389  389.561749123  18.4647309063  0.0420142739786
-0.1646404793  939  408  408.176817357  18.6502994575  0.0278460981131
-0.1646404793  939  427  426.911753492  18.868633252  0.022337389527
-0.1646404793  939  446  446.036507187  19.5064720424  0.0245201381292
-0.1646404793  940  465  465.294254052  21.0192339175  0.0394352422822
-0.1646404793  940  485  484.576040366  20.2818151953  0.0122566927139
-0.1646404793  940  504  513.014298816  55.7643161532  99.4289401556
-0.1646404793  940  525  524.445731745  24.2580773254  0.00362501810923
-0.1646404793  940  545  545.096987031  25.3802009621  0.0181273870633
-0.1646404793  940  566  566.283311207  28.221787944  0.037160086819
-0.1646404793  940  587  587.934118171  32.9738588919  0.0554978225318
-0.1646404793  940  610  609.740230773  33.091985288  0.0208744621518
-0.1646404793  940  633  632.157406343  30.6780599693  0.016239184407
-0.1646404793  939  655  655.059424987  26.3973060205  0.0328415478654
-0.1646404793  939  677  677.774938061  23.0161017754  0.0475900554714
-0.1646404793  939  700  700.384116559  19.3867377054  0.0352469624347
-0.1646404793  938  723  723.090197934  17.7974094274  0.0206827325768
-0.1646404793  938  746  746.272710798  16.6634665385  0.0265543779611
-0.1646404793  937  770  769.595692246  15.078170797  0.00906028262977
-0.1646404793  937  794  794.289190646  0.318668953887  -6.47782487488
-0.1646404793  936  817  817.349573561  13.4972475312  0.0170843354374
-0.1646404793  935  842  841.652679696  12.8357666466  0.00924648065316
-0.1646404793  935  867  866.431388632  12.5364852147  0.00265264337753
-0.1646404793  934  891  891.452793785  12.8206461874  0.036688243473
-0.1646404793  933  917  916.91256691  12.5484874549  0.00623180213686
-0.1646404793  932  943  942.680262284  12.9081917058  0.015941484499
-0.1646404793  931  969  968.851566301  12.875881943  0.0176844504088
-0.1646404793  930  995  995.450040284  12.7793941626  0.0373633888384
0.0293995207  925  10  10.3513670323  5.48587104876  0.0191871354314
0.0293995207  926  26  25.9710115798  5.77097079552  -0.00723837782523
0.0293995207  926  42  41.6681418854  5.92428837392  -0.0352495416425
0.0293995207  927  57  57.6575104481  6.19872418408  0.00635021123994
0.0293995207  928  74  73.6960645091  6.38704715081  -0.025737223078
0.0293995207  929  90  89.9639925249  6.66386584508  0.000785782169699
0.0293995207  929  106  106.23448181  6.98095410119  0.00621437956078
0.0293995207  930  123  122.601107244  7.29581892827  -0.00785964879756
0.0293995207  931  139  139.259623212  7.87133803031  0.0240181703363
0.0293995207  932  156  155.917519948  8.60364881  0.0135937520809
0.0293995207  932  173  172.758013946  9.67559479271  0.00801199739503
0.0293995207  933  190  189.809587176  11.0786010931  0.0111551550468
0.0293995207  933  207  207.146293193  13.6904122615  0.0163222576076
0.0293995207  934  225  224.676400004  14.5275897127  0.00283508390989
0.0293995207  934  242  242.632535591  17.4381328113  0.0365316124927
0.0293995207  935  261  260.484015229  17.8622370792  -0.0181684631388
0.0293995207  936  278  279.149357233  20.0177941067  0.0522402205987
0.0293995207  936  297  297.182356631  19.8747085545  0.00749776229961
0.0293995207  936  315  315.488589551  19.4150266375  0.02228521947
0.0293995207  937  334  333.843243153  19.2182329011  -0.000699493587977
0.0293995207  937  352  352.231961208  18.4551714901  0.0244047398302
0.0293995207  938  371  370.658242454  18.4416857628  -0.003803381918
0.0293995207  938  389  389.410548452  18.4446432272  0.0352591298264
0.0293995207  938  408  408.081055258  18.486208135  0.0272681591828
0.0293995207  938  427  426.745770315  18.9511112565  0.0163742063025
0.0293995207  939  446  445.957091788  19.2778636147  0.0311694302216
0.0293995207  939  465  465.206140352  20.8580254976  0.0356114050952
0.0293995207  939  485  484.534478052  20.1071707429  0.00899459445769
0.0293995207  939  504  504.362844477  22.9771244742  0.0356978463841
0.0293995207  939  524  524.552015858  24.09639793  0.0387839281135
0.0293995207  939  545  545.036162668  27.2364319074  0.0252093574245
0.0293995207  939  567  565.590801531  27.6991098614  -0.021431721083
0.0293995207  939  587  587.726084736  0.446517973235  0.0503397460725
0.0293995207  939  610  609.820692963  0.391941038356  0.0180840452875
0.0293995207  939  633  632.071814813  31.4872609257  0.0113783494085
0.0293995207  938  655  654.960808176  25.5781167586  0.0256322678175
0.0293995207  938  677  677.802491286  22.9901933244  0.0458183421387
0.0293995207  938  700  700.350349128  19.2478148412  0.0310376717711
0.0293995207  937  723  723.02259361  17.6979276555  0.0190975947492
0.0293995207  937  746  746.196235423  15.9087015185  0.0200572484208
0.0293995207  936  769  769.651105845  14.9836715677  0.0300900995721
0.0293995207  936  793  793.308383627  14.1017648984  0.0198737510995
0.0293995207  935  817  817.265635037  13.37327877  0.0184150537616
0.0293995207  935  842  841.681222578  12.8222655184  0.00579342810721
0.0293995207  934  866  866.431896872  12.6145502491  0.0220548562205
0.0293995207  933  891  891.331621127  12.7294665469  0.0350281214246
0.0293995207  932  917  916.880130026  12.5967619399  0.00511863981795
0.0293995207  931  943  942.548793241  12.8550153475  0.0130035982417
0.0293995207  930  969  968.836848787  12.9585778361  0.0199315688117
0.0293995207  929  995  995.416826066  12.9194358681  0.0299833622004
0.2234395207  924  10  10.2136051594  5.44338348871  0.0128102929175
0.2234395207  925  26  25.8470843373  5.78233641158  -0.00369316939789
0.2234395207  926  42  41.5861624552  5.87530015228  -0.0358216843373
0.2234395207  926  57  57.5234773377  6.18781511622  0.00592167093598
0.2234395207  927  74  73.5536794101  6.41192722856  -0.0283681621838
0.2234395207  928  90  89.7833720806  6.6317037394  -0.0104009828264
0.2234395207  929  106  106.063791389  6.96631707386  0.00236405298632
0.2234395207  929  122  122.531215589  7.3367988008  0.0216771049574
0.2234395207  930  139  139.135822058  7.88803051562  0.0188673774561
0.2234395207  931  156  155.786719135  8.79592623641  0.0118442826241
0.2234395207  931  173  172.584230694  9.70072264888  -0.00123269451416
0.2234395207  932  190  189.738153723  11.0273254419  0.00615081766597
0.2234395207  932  207  206.990159736  13.5735815043  0.0155151628106
0.2234395207  933  225  224.538685436  14.7952579692  -0.0067799916543
0.2234395207  934  242  242.620028011  0.211864471083  0.0313292717886
0.2234395207  934  261  260.363947449  18.005103416  -0.0277982226607
0.2234395207  935  278  279.398585492  21.3164034162  0.116609325423
0.2234395207  935  297  297.090687416  19.8896693383  0.00645577013375
0.2234395207  935  315  315.513763688  19.6218388461  0.0211169760159
0.2234395207  936  333  334.004042436  19.4922684199  0.0436407045715
0.2234395207  936  352  352.161652406  18.463133296  0.0198968521125
0.2234395207  937  371  370.272871657  0.350402393076  -8.36966654722
0.2234395207  937  389  389.282377511  18.4797732842  0.0318919012138
0.2234395207  937  408  407.929522201  18.6048912726  0.0255133042718
0.2234395207  937  427  426.625555097  18.7866084213  0.0116306484799
0.2234395207  938  446  445.885253158  19.369385953  0.0241364846767
0.2234395207  938  465  465.092297305  20.7332667339  0.0334872524272
0.2234395207  938  485  484.482296445  21.6965445328  0.0082510528528
0.2234395207  938  505  505.292012383  0.371335409867  -7.74295680462
0.2234395207  938  524  524.522603784  24.4422853007  0.0372598135595
0.2234395207  938  545  544.915743996  25.9718843798  0.0185615910402
0.2234395207  938  566  565.73004108  29.6308187158  0.00694761230041
0.2234395207  938  588  587.277855774  29.5187156014  0.00532586854427
0.2234395207  938  609  610.150870317  33.1525897989  0.06247590807
0.2234395207  938  632  632.452689206  0.437740360099  0.0440778115137
0.2234395207  937  655  654.838649039  26.0465839112  0.0261968872281
0.2234395207  937  677  677.579544832  0.286169253425  0.0409626786559
0.2234395207  937  700  700.140773213  19.5772333504  0.0252270830058
0.2234395207  936  723  723.111058682  17.3318439564  0.0187660703113
0.2234395207  936  746  746.080973059  15.9818096968  0.013854369759
0.2234395207  936  769  769.503946699  15.1681248394  0.0295563626843
0.2234395207  935  793  793.249209416  14.1107772731  0.0185330993535
0.2234395207  934  817  817.261612978  13.393032307  0.0189550002275
0.2234395207  934  841  841.639064162  12.7917148417  0.0234187638308
0.2234395207  933  866  866.363867552  12.6705160478  0.0207447721031
0.2234395207  932  891  891.312211414  12.8380303148  0.0311831945449
0.2234395207  931  917  916.745325122  12.2860702864  0.00387094620843
0.2234395207  930  942  942.582257011  12.9322257863  0.0263729454459
0.2234395207  929  969  968.759096604  13.0263114434  0.0174830458141
0.2234395207  928  995  995.337082195  12.7452875811  0.0324587367687
0.4174795207  923  10  10.0755100268  5.51730111917  0.0143097772711
0.4174795207  924  26  25.7248294676  5.56224639044  -0.021015990777
0.4174795207  925  41  41.5055760033  6.06040712829  0.0109060191462
0.4174795207  925  57  57.3935817395  6.25288809828  -0.00734214509937
0.4174795207  926  73  73.4769978521  6.441275773  0.00682885465647
0.4174795207  927  90  89.65619039  6.66546810252  -0.015228125052
0.4174795207  928  106  106.029805634  6.90131796409  0.00543380988857
0.4174795207  928  122  122.443618853  7.3029557016  0.0185281102441
0.4174795207  929  139  139.038991342  7.93562931268  0.0166399012404
0.4174795207  930  156  155.252229243  0.323080925322  -7.2700330536
0.4174795207  930  173  172.482766792  9.68395892494  -0.00386358211352
0.4174795207  931  190  189.632788532  10.9451668638  0.00289476868445
0.4174795207  932  207  206.922489644  13.5996982417  0.00763812961749
0.4174795207  932  225  224.384052148  15.9054840383  -0.0126666181984
0.4174795207  933  243  243.187766296  0.328587923305  -5.3272982398
0.4174795207  933  260  260.386064114  19.5433771981  0.025337286725
0.4174795207  934  278  278.911964961  20.0772756459  0.0430923056721
0.4174795207  934  297  296.948909997  19.9444225936  -0.00302547602207
0.4174795207  935  315  315.354415087  19.6429004582  0.0164394000985
0.4174795207  935  333  334.572275423  17.8310011717  0.121265305943
0.4174795207  935  352  352.024647826  18.5407400647  0.00975308039687
0.4174795207  936  371  370.393624362  18.3860265328  -0.0108438391747
0.4174795207  936  389  389.116591427  18.5321552949  0.0235033194495
0.4174795207  936  407  408.031626888  19.8934933072  0.0621516951056
0.4174795207  936  427  426.574879923  18.4383887379  0.0173717737301
0.4174795207  937  445  445.988707082  20.5248391772  0.0607311024631
0.4174795207  937  465  464.9949186  20.6097526802  0.0301031004425
0.4174795207  937  485  484.359265973  20.4975334821  0.00442921732192
0.4174795207  937  504  504.305565084  22.8510170557  0.0366224831186
0.4174795207  937  525  524.089652925  24.4364175751  -0.005659520651
0.4174795207  937  545  544.8281677  26.025413712  0.0149721945252
0.4174795207  937  566  565.795098652  0.339497940903  0.0190959347014
0.4174795207  937  587  587.245570725  32.0774946085  0.0262051390262
0.4174795207  937  609  609.940842095  0.511785588459  0.0557564185134
0.4174795207  937  632  632.292050491  31.9242673335  0.0418926588857
0.4174795207  936  655  654.971472393  25.8250482992  0.0234316266765
0.4174795207  936  677  677.505979354  22.723558521  0.0396334649759
0.4174795207  936  700  699.9859071  19.8106516499  0.0208535306937
0.4174795207  936  723  722.784489946  17.4184727231  0.0133724711638
0.4174795207  935  746  745.949702205  15.9260693192  0.014059638505
0.4174795207  935  769  769.535227373  15.1668824086  0.024019701781
0.4174795207  934  793  793.205345362  14.1750841322  0.0205636731598
0.4174795207  933  817  817.258993665  13.5558191783  0.0197470548954
0.4174795207  933  841  841.548450312  13.0016521312  0.0189943769243
0.4174795207  932  866  866.289451998  12.7029069447  0.0188016131233
0.4174795207  931  891  891.190132827  12.7504658329  0.0287340465874
0.4174795207  930  917  916.738349059  12.2774454645  0.00196891078015
0.4174795207  929  942  942.573791796  13.0311955642  0.0301970734638
0.4174795207  928  969  968.731160639  13.0336344292  0.0180543543021
0.4174795207  927  995  995.279118518  12.7252906928  0.0277387363534
0.6115195207  922  10  9.85591445703  5.39957837997  -0.0390152657693
0.6115195207  923  26  25.5694487256  5.58668288055  -0.0277755322211
0.6115195207  924  41  41.4047133919  6.00628574665  0.00602803201029
0.6115195207  924  57  57.2648117326  6.24778908436  -0.00863440613719
0.6115195207  925  73  73.3539238061  6.41774879523  0.00364486672639
0.6115195207  926  89  89.5785804023  6.68440662411  0.0167785640224
0.6115195207  927  106  105.929283788  7.02647552129  0.0120820657342
0.6115195207  927  122  122.290081674  7.41180268997  0.00398242024932
0.6115195207  928  139  138.844327098  7.99536288453  0.00498878895988
0.6115195207  929  156  155.661558201  8.79292345439  0.0149111915579
0.6115195207  929  172  172.42273106  10.2644710691  0.0243979324202
0.6115195207  930  190  189.496510801  11.0336288043  -0.00284415801551
0.6115195207  931  207  206.744611266  13.8370285882  0.00318031148067
0.6115195207  931  225  224.282874596  14.5308006263  -0.00982025544022
0.6115195207  932  242  242.289382346  17.7506852663  0.017337515444
0.6115195207  932  260  260.316697329  19.4146156085  0.0219836823886
0.6115195207  933  278  278.732975851  20.2594717783  0.0323609753273
0.6115195207  933  297  296.688003781  20.0945100478  -0.00758085306817
0.6115195207  934  315  315.321959274  19.240210281  0.0104785672241
0.6115195207  934  333  333.730056291  19.0610305911  0.03516851754
0.6115195207  934  352  351.926205575  18.6761402389  0.00652138688122
0.6115195207  935  371  370.377743504  18.319602745  -0.00434515252685
0.6115195207  935  389  389.074630502  18.6366738332  0.0231658589047
0.6115195207  935  407  407.894100407  19.9911118465  0.060830280828
0.6115195207  936  427  426.286006855  0.328974411595  -8.36416759932
0.6115195207  936  445  445.69188309  20.1451987343  0.0461631678688
0.6115195207  936  465  464.835052893  20.7559399374  0.024763534438
0.6115195207  936  485  484.26271004  20.2620769007  0.00180643184405
0.6115195207  936  504  504.159292842  22.7698366803  0.0296490774806
0.6115195207  936  524  524.244724459  24.5939480921  0.0306683707123
0.6115195207  936  545  544.727104657  26.1232639643  0.0123392505559
0.6115195207  936  566  565.734850802  29.7075445436  0.0120292977327
0.6115195207  936  589  588.311998184  0.179093902443  -8.63193763766
0.6115195207  936  609  609.883318054  0.517371889566  0.0562931094118
0.6115195207  936  632  632.252101873  31.2831994097  0.0391227785646
0.6115195207  936  655  654.792700027  25.7058689112  0.0250075439029
0.6115195207  935  677  677.340947201  22.8460312401  0.0386920703302
0.6115195207  935  699  700.313234664  21.2870013711  0.0582055941776
0.6115195207  935  723  722.778001904  17.404716864  0.0115988162563
0.6115195207  934  746  745.858284644  15.7943988116  0.00951439581518
0.6115195207  934  769  769.452300542  15.0110826777  0.0240335644487
0.6115195207  933  793  793.156207517  14.1524066113  0.0224044461131
0.6115195207  932  817  817.174006889  13.3883293033  0.012749055357
0.6115195207  932  841  841.597103159  13.0069810443  0.0248340124607
0.6115195207  931  866  866.274867811  12.7644588628  0.0184196719755
0.6115195207  930  891  891.11708506  12.6696767501  0.0269421629959
0.6115195207  929  917  916.687690433  12.3210196848  0.00297277478279
0.6115195207  928  942  942.525664616  12.7453553341  0.0262186332148
0.6115195207  927  969  968.664372403  13.1764246681  0.0195189668243
0.6115195207  926  995  995.21224088  12.7627747863  0.0272423820338
0.8055595207  921  10  9.77702845426  5.37156896125  -0.00615203741678
0.8055595207  922  25  25.501227641  5.71768606652  0.0116112826654
0.8055595207  923  41  41.2840236825  6.05090916711  0.00781729959107
0.8055595207  923  57  57.184454521  6.33598242218  -0.0134241119498
0.8055595207  924  73  73.2255032448  6.40954615924  0.000591918739926
0.8055595207  925  89  89.4362380746  6.66994046067  0.0116634303551
0.8055595207  926  106  105.77628829  6.93956657419  -0.00342814372797
0.8055595207  926  122  122.165784507  7.36801746565  0.00766265095291
0.8055595207  927  139  138.719285286  7.92100094861  -0.00150243868788
0.8055595207  928  156  155.50510078  8.70257939396  0.000790386900093
0.8055595207  928  172  172.332841443  10.1245843498  0.0279120416197
0.8055595207  929  190  190.250582255  0.45942133088  -4.29943778165
0.8055595207  930  207  206.671018169  12.7109211188  -0.000178211453836
0.8055595207  930  224  224.357735602  15.5814675676  0.0291331755087
0.8055595207  931  242  242.207697976  17.8945588124  0.0198280521972
0.8055595207  931  260  260.200914981  19.2618262812  0.0145511275317
0.8055595207  932  278  278.554351964  20.6040086867  0.0226248246307
0.8055595207  932  297  296.598106117  20.1822446854  -0.0135876582281
0.8055595207  933  315  315.13062131  19.668359592  0.0114948713572
0.8055595207  933  333  333.48502285  19.4135920276  0.0259434885455
0.8055595207  933  352  351.852555406  19.0420650374  -0.00545660049542
0.8055595207  934  370  370.465332392  18.2727899317  0.0359832897512
0.8055595207  934  389  388.978601795  18.7082585681  0.0183624857732
0.8055595207  934  407  407.772563641  20.002167412  0.0524183506562
0.8055595207  935  427  426.550822376  18.5789342468  0.0113499746739
0.8055595207  935  445  445.562059036  20.2974079644  0.0463692538881
0.8055595207  935  465  464.766023116  20.6915414744  0.0231470363107
0.8055595207  935  485  485.309012188  0.344948018802  -7.6936793863
0.8055595207  935  504  504.073254039  21.7482514147  0.0324494951328
0.8055595207  935  523  524.511290039  24.5821321399  0.0712026382661
0.8055595207  935  544  544.962486098  26.1669504211  0.0551514165998
0.8055595207  935  565  565.993960686  30.3023512426  0.051418823954
0.8055595207  935  587  587.517400289  31.9514559676  0.0419738233113
0.8055595207  935  609  609.548949926  35.6846409732  0.0409477827632
0.8055595207  935  633  631.87889831  30.248009086  0.00597922035056
0.8055595207  935  655  654.704455983  0.32621687898  0.0206601383507
0.8055595207  934  677  677.289334992  23.0039045235  0.0343320041998
0.8055595207  934  699  700.203780734  21.4060382799  0.0555327784408
0.8055595207  934  723  722.686578336  17.3673434429  0.0143384090654
0.8055595207  933  745  746.009449241  16.3281677501  0.0382533782962
0.8055595207  933  769  769.338072799  15.1201447214  0.0202964331416
0.8055595207  932  793  793.148079361  14.3279760126  0.0181694179607
0.8055595207  932  817  817.013444716  13.5050786381  0.0167363142069
0.8055595207  931  842  842.294825788  0.388416447038  -6.06543609308
0.8055595207  930  866  866.216285338  12.8917646349  0.0168805733064
0.8055595207  929  891  891.079250666  12.6996324429  0.0294200260656
0.8055595207  928  917  916.630088012  12.175672309  -0.00320933006593
0.8055595207  927  942  942.488796546  12.8362466564  0.0315645852331
0.8055595207  926  969  968.556858684  13.0146795233  0.0131215241425
0.8055595207  925  995  995.18565058  12.7789958139  0.0278978364258
0.9995995207  920  10  9.64862386991  5.29484267904  -0.0222755038464
0.9995995207  921  25  25.3396207422  5.74444360394  0.00536165213667
0.9995995207  922  41  41.1354734533  5.91610250218  -0.00578233686409
0.9995995207  923  57  57.0318408429  6.25007362141  -0.0106764495745
0.9995995207  923  73  73.051100737  6.47335143027  -0.0140221783742
0.9995995207  924  89  89.287709351  6.60200397565  0.0079293359796
0.9995995207  925  106  105.608047763  6.94766605143  -0.0113173074156
0.9995995207  925  122  122.130511089  7.36157122745  0.00906391367607
0.9995995207  926  139  138.591690915  7.9055599127  -0.00597599943014
0.9995995207  927  156  157.907966304  0.0827968689388  10.8746040884
0.9995995207  927  172  172.286794844  9.75084255952  0.0262178993115
0.9995995207  928  189  189.309929452  11.6469793761  0.0292527171293
0.9995995207  929  207  206.598312498  12.782573825  0.0014359957676
0.9995995207  929  224  224.193663264  15.4545833017  0.0216229231377
0.9995995207  930  242  242.075042423  17.6454400402  0.0110332453654
0.9995995207  930  260  260.045891348  19.2688005415  0.00874251181778
0.9995995207  931  278  278.420625928  20.537461117  0.0238310971511
0.9995995207  931  297  296.480541264  20.0205186937  -0.0179749316336
0.9995995207  932  315  314.938203175  19.6333291506  -0.00177143361764
0.9995995207  932  333  333.340361869  19.1898190431  0.0198167475426
0.9995995207  932  351  351.877461874  18.9689749532  0.0431220638827
0.9995995207  933  370  370.223532172  18.6407766056  0.0240593739864
0.9995995207  933  389  388.852010285  18.5346994537  0.0148568482986
0.9995995207  933  407  407.657819236  0.247745008511  0.0464659986395
0.9995995207  934  427  426.4261016  18.5815536318  0.000557233907612
0.9995995207  934  445  445.508038231  0.254743824873  0.0451428492882
0.9995995207  934  465  464.57898511  20.7786859396  0.0148925537354
0.9995995207  934  485  484.056012359  20.2086127021  -0.00731157243959
0.9995995207  934  504  503.985063042  21.3625230001  0.0278317943596
0.9995995207  934  523  524.332268545  26.2758215572  0.0645364170345
0.9995995207  934  545  544.479993572  25.3920213867  0.00804552950743
0.9995995207  934  565  565.94665233  30.0695155391  0.0462238963169
0.9995995207  934  587  587.440149359  32.09808105  0.038279678984
0.9995995207  934  609  609.39511046  35.2547409256  0.0363874922516
0.9995995207  934  633  631.750651087  30.7937845143  -0.00133210092696
0.9995995207  934  655  654.719744943  26.6920699502  0.0228408519717
0.9995995207  933  677  677.239536798  23.0979096638  0.0383285325513
0.9995995207  933  700  699.791063147  19.6738080819  0.0130873241156
0.9995995207  933  723  722.631181593  17.4159851177  0.0109733634263
0.9995995207  932  746  745.791351096  15.7306315574  0.00501667752804
0.9995995207  932  769  769.261948649  15.0957663444  0.0198159306874
0.9995995207  931  793  793.026258787  14.2623320741  0.0138305343015
0.9995995207  931  817  816.989579126  13.299360264  0.0124241747243
0.9995995207  930  841  841.427303675  13.0295552606  0.0195233134278
0.9995995207  929  866  866.164707895  12.7234743813  0.0177574541268
0.9995995207  928  891  891.080588588  12.5950617613  0.0270315749363
0.9995995207  927  917  916.56300957  12.3986565738  0.0050759121335
0.9995995207  926  942  942.468352682  12.7243673277  0.0261153141611
0.9995995207  925  969  968.526884179  13.0967006867  0.0156677703954
0.9995995207  924  995  995.122967225  12.7775967262  0.0236018629539
1.1936395207  919  9  9.54419683587  5.47246529537  0.0270510257081
1.1936395207  920  25  25.1881571444  5.72749200249  -0.00160575170787
1.1936395207  921  41  41.0035307076  5.9741124469  -0.00843017041569
1.1936395207  922  57  56.9255354642  6.22707603498  -0.0125232144581
1.1936395207  922  73  72.8935542985  6.50677031478  -0.0208089634331
1.1936395207  923  89  89.1693338373  6.57665678833  0.000401975539436
1.1936395207  924  105  105.53289902  6.8470443368  0.0167023159506
1.1936395207  925  122  121.947032953  7.33244625283  0.00785170684975
1.1936395207  925  138  138.548577101  7.90067540614  0.032962435449
1.1936395207  926  155  155.306474739  8.71194192647  0.03278504292
1.1936395207  927  172  172.108906732  9.6884087948  0.0214065294679
1.1936395207  927  189  189.188896262  11.6125159313  0.0234243488004
1.1936395207  928  207  206.464838888  12.5797448357  -0.00619986733796
1.1936395207  928  224  224.022053477  15.4207856186  0.0147122638781
1.1936395207  929  242  241.940626765  17.6375260722  0.00902110939591
1.1936395207  929  260  259.926754902  19.7262586627  -0.000790244240388
1.1936395207  930  278  278.2186423  20.3086440025  0.0176018230755
1.1936395207  930  297  296.25284536  18.6416530959  -0.0383936504214
1.1936395207  931  314  315.142338826  19.538647623  0.0491300122536
1.1936395207  931  333  333.29022879  19.3346329987  0.0168866679204
1.1936395207  932  351  351.964790387  18.6343292848  0.0426330552721
1.1936395207  932  370  370.18176995  18.6512585455  0.0265431527167
1.1936395207  932  389  388.279106771  0.33387164959  -8.43677789082
1.1936395207  932  407  407.457494654  19.4344941651  0.0390551013473
1.1936395207  933  427  427.301467786  0.323560816669  -7.3734227665
1.1936395207  933  445  445.356379818  20.3812547939  0.0386091822489
1.1936395207  933  465  464.461454537  19.5838642767  0.00551332481783
1.1936395207  933  484  484.098957016  21.298367052  0.0296155210475
1.1936395207  933  504  503.861132248  22.8860180155  0.0193402009064
1.1936395207  933  524  523.877757587  24.0683984006  0.0183108132877
1.1936395207  933  544  544.513612183  0.322766580582  0.0359886497693
1.1936395207  933  565  565.736111538  30.1219986428  0.0449971008855
1.1936395207  933  587  587.132047593  31.8138425341  0.0303703624329
1.1936395207  933  609  609.24413874  32.9629290537  0.0392004658706
1.1936395207  933  632  631.810239212  0.390010423129  0.0296045372053
1.1936395207  933  655  654.610390708  26.6259109372  0.0188966448968
1.1936395207  932  677  677.290972618  22.1916650771  0.0330119898205
1.1936395207  932  700  699.747129566  19.565010155  0.0154419291838
1.1936395207  932  723  722.640140751  17.4220957326  0.00912691510169
1.1936395207  931  746  745.714202833  15.858511604  0.00686540711733
1.1936395207  931  769  769.241934109  15.0292649703  0.0190339579733
1.1936395207  930  793  792.871015087  14.2963332691  0.013149127716
1.1936395207  930  817  816.902326126  13.1299031207  0.0141105535088
1.1936395207  929  841  841.328833678  12.9834647518  0.0172028187433
1.1936395207  928  866  866.103712208  12.6641871226  0.015380325966
1.1936395207  927  891  891.03220661  12.7138056779  0.0336320333711
1.1936395207  926  917  916.535820716  12.1711604007  -0.00121024697747
1.1936395207  925  942  942.3404084  13.1016676487  0.0271931217073
1.1936395207  924  969  968.479460598  12.9795971432  0.0122115046922
1.1936395207  923  995  995.135639186  12.9132467416  0.030313500608
1.3876795207  918  9  9.40315974921  5.48348988491  0.0211604296864
1.3876795207  919  25  25.0585555721  5.65420134209  -0.00981403143986
1.3876795207  920  41  40.8589088369  5.9418350829  -0.0177925743103
1.3876795207  921  57  56.8095157669  6.25497669832  -0.0085299387094
1.3876795207  921  73  72.769266227  6.51623686994  -0.0297694730194
1.3876795207  922  89  89.0321791154  6.55945951575  -0.0053673780981
1.3876795207  923  105  105.414562422  6.86989529953  0.0133285837663
1.3876795207  924  122  121.898031878  7.30184159219  0.00414276442602
1.3876795207  924  138  138.42191279  7.90999086777  0.0277532298544
1.3876795207  925  155  155.156016002  8.6963824361  0.0228325711405
1.3876795207  926  172  171.99054289  9.65823283909  0.0182788174535
1.3876795207  926  189  189.054411185  10.9768695587  0.0220824373988
1.3876795207  927  206  206.507815079  13.4679482327  0.0363436557125
1.3876795207  927  224  223.933827645  14.6448166186  0.0091216548442
1.3876795207  928  241  241.981317998  0.21991014213  0.0527287917071
1.3876795207  928  260  259.756254363  19.3629185891  0.00135646220464
1.3876795207  929  278  278.110458852  20.1904196961  0.00720275377641
1.3876795207  929  296  296.512883057  20.5279580389  0.0193973937075
1.3876795207  930  314  314.982372084  19.7081275386  0.0430429949198
1.3876795207  930  333  333.126734216  19.4914876488  0.00722395576119
1.3876795207  931  351  351.686094645  19.2150979095  0.0401056046167
1.3876795207  931  370  370.069547899  18.6132178908  0.0201426018836
1.3876795207  931  388  -45931.743239  190141.827517  -0.122955644038
1.3876795207  931  407  407.519947383  18.3098715037  0.0395137525697
1.3876795207  932  426  426.357240819  18.3798744976  0.0381797575521
1.3876795207  932  445  445.317031779  20.4767379807  0.0379088781877
1.3876795207  932  465  464.447771153  19.5723049339  0.00605962457682
1.3876795207  932  483  484.206986378  21.973221463  0.0674379137153
1.3876795207  932  503  504.091159077  23.2361377297  0.0593117602384
1.3876795207  932  524  523.987475981  0.274317144445  0.0236983251732
1.3876795207  932  543  544.82110061  29.1257807719  0.0752965896057
1.3876795207  932  566  565.438900294  27.7366469232  0.0047162297214
1.3876795207  932  587  586.951379869  32.1437301699  0.0222938135136
1.3876795207  932  609  609.135377569  33.4203777865  0.035588116348
1.3876795207  932  632  631.646921996  31.1559687249  0.0264771060077
1.3876795207  932  655  654.449681059  26.0915226028  0.0143585824235
1.3876795207  932  677  677.055209012  22.2992495048  0.0290768859374
1.3876795207  931  699  699.948270393  20.7757845139  0.0511222549539
1.3876795207  931  723  722.520842994  17.3644494625  0.00614721695298
1.3876795207  930  746  745.611345103  15.6667323365  0.00111333931574
1.3876795207  930  769  769.205277538  15.0856720943  0.019603777547
1.3876795207  929  793  792.844442689  14.1830350841  0.0154771425344
1.3876795207  929  817  816.895493881  13.4066297916  0.00883261735405
1.3876795207  928  841  841.272042892  12.9862530429  0.0192583185616
1.3876795207  927  866  865.971715897  12.7013730139  0.013455540193
1.3876795207  926  891  890.941788522  12.4008321901  0.0245952016422
1.3876795207  925  917  916.471765931  12.3214136907  0.000861905649656
1.3876795207  924  942  942.401873844  12.7611489269  0.023914204161
1.3876795207  923  969  969.320296797  0.38875364306  -5.70613134144
1.3876795207  922  995  995.074378365  12.7074025156  0.0261332798449
1.5817195207  917  9  9.29347235152  5.55052456067  0.0188830879025
1.5817195207  918  25  24.9084101986  5.66451545527  -0.0123578079548
1.5817195207  919  41  40.7128377072  5.94206576641  -0.0238344506516
1.5817195207  920  57  56.6941131457  6.21796442416  -0.0188412490227
1.5817195207  920  73  72.6542242063  6.33318547487  -0.0266891599969
1.5817195207  921  89  88.8952204307  6.5805716748  -0.0112114573448
1.5817195207  922  105  105.315324839  6.92565574651  0.00980968886506
1.5817195207  923  122  121.790304821  7.50775872882  0.00888551898983
1.5817195207  923  138  138.271786675  7.8796440879  0.0204879295304
1.5817195207  924  155  154.981069502  8.62902826377  0.0142919047567
1.5817195207  925  172  171.869018333  9.93308429787  0.0251311010162
1.5817195207  925  189  188.958831818  10.8920017085  0.0134351553433
1.5817195207  926  206  206.324695314  13.3631406375  0.023747366176
1.5817195207  926  224  223.758450436  14.2529258822  0.015452142447
1.5817195207  927  241  241.787878284  17.5067467383  0.0378647894304
1.5817195207  927  260  259.656468566  18.063625685  -0.00725675883825
1.5817195207  928  277  278.222772922  20.1897094032  0.0572844281103
1.5817195207  928  296  296.338515654  0.241612205812  0.028312915618
1.5817195207  929  314  314.809527342  19.5899148572  0.0346222506515
1.5817195207  929  333  332.976305431  19.2407218439  0.00305682015278
1.5817195207  930  351  351.69496795  18.9518521527  0.0371674276305
1.5817195207  930  370  369.944639203  18.4808725637  0.012590301894
1.5817195207  930  388  388.747780488  0.233088976957  0.0496472959842
1.5817195207  931  407  407.260198994  19.8937791304  0.0363304201261
1.5817195207  931  427  426.059333124  18.5374808668  -0.00803811106726
1.5817195207  931  445  445.173894573  20.2412715277  0.032980894067
1.5817195207  931  465  464.315583398  19.3979247075  0.00555901429785
1.5817195207  931  483  484.174633532  21.4415385819  0.0602796847976
1.5817195207  931  503  503.358040068  23.1022794578  0.0
1.5817195207  931  524  508.882953738  54.372238994  -63.342740956
1.5817195207  931  544  544.353862764  26.0878587491  0.0307870297489
1.5817195207  931  565  565.512489188  29.4896678841  0.0318502659753
1.5817195207  931  587  586.940973752  32.36703322  0.0220121300036
1.5817195207  931  609  608.98159993  32.7343481568  0.0289059538409
1.5817195207  931  632  631.650560327  31.8621694537  0.02551609064
1.5817195207  931  654  654.683202505  27.0559358696  0.0503448791516
1.5817195207  931  677  677.076829769  22.4255685049  0.0267006016061
1.5817195207  930  699  699.811135514  20.6709563863  0.046909110256
1.5817195207  930  723  722.413178188  17.3626689777  0.00297125563562
1.5817195207  929  745  745.761621222  16.3352509496  0.0364702175888
1.5817195207  929  769  769.1146223  15.0879280978  0.0197679434646
1.5817195207  928  793  792.742048083  13.8983090429  0.00518304074868
1.5817195207  928  817  816.855556405  13.3485015646  0.0128060461491
1.5817195207  927  841  841.252494447  12.9185611853  0.0202565329167
1.5817195207  926  866  865.938647344  12.640416209  0.00810702751087
1.5817195207  925  891  890.908767157  12.5400894037  0.0267163554407
1.5817195207  924  917  916.569721308  12.2577551119  0.00261045562382
1.5817195207  924  942  942.343566382  12.9097269707  0.0305814452903
1.5817195207  922  968  968.566536752  13.0416672132  0.0301282225619
1.5817195207  921  995  995.00397364  12.777508577  0.0295015271132
1.7757595207  916  9  9.16593935749  5.45331051059  0.0147536452981
1.7757595207  917  25  24.7809426455  5.66634100932  -0.0206103804659
1.7757595207  918  41  40.5971950913  5.93999571896  -0.0314210427425
1.7757595207  919  57  56.5870557194  6.23716580473  -0.0171565683286
1.7757595207  919  73  72.5739372504  6.41022853842  -0.0281855058192
1.7757595207  920  89  88.7747732183  6.56266680328  -0.0104234604525
1.7757595207  921  105  105.121523886  6.95768134328  -0.00525289717486
1.7757595207  922  122  121.637492349  7.45243081538  0.00035326204734
1.7757595207  922  138  138.155455666  7.94186395099  0.0187521017872
1.7757595207  923  155  154.890252716  8.63152210447  0.011303732932
1.7757595207  924  172  171.780274598  9.7949099149  0.013954611139
1.7757595207  924  189  188.814737112  10.8894348994  0.00867780969115
1.7757595207  925  206  206.224557166  12.5704637417  0.0217028822731
1.7757595207  925  223  223.813434016  15.3568756497  0.0494096489119
1.7757595207  926  241  -6779.7432466  28951.5469295  -0.124531367302
1.7757595207  926  259  259.455308598  0.237670960688  0.0294586696807
1.7757595207  927  277  278.046236163  19.8682725934  0.0477460708434
1.7757595207  927  296  296.256643097  20.0643509341  0.0151605702864
1.7757595207  928  314  314.760962242  19.3717151181  0.0336807502504
1.7757595207  928  332  333.076648405  19.3597929958  0.0455540199759
1.7757595207  929  351  351.541979677  19.0690807085  0.0353589305923
1.7757595207  929  370  369.845486209  18.3608756222  0.00780145029969
1.7757595207  929  388  388.669224434  0.23149449934  0.0494888060611
1.7757595207  930  407  407.36026406  18.7437293163  0.0415729505142
1.7757595207  930  426  426.163016121  0.228273576685  0.0288781117979
1.7757595207  930  445  445.090885484  20.3173592874  0.0312802142066
1.7757595207  930  465  465.277391593  0.331006274021  -7.70265769061
1.7757595207  930  484  483.808722795  20.3591456906  0.0185693413666
1.7757595207  930  503  503.806502773  22.6246562962  0.0494103218883
1.7757595207  930  524  523.804744196  23.9255972891  0.0136852843767
1.7757595207  930  544  544.335634515  25.8642507882  0.0281774511175
1.7757595207  930  565  565.367925893  0.384166102475  0.0303315543016
1.7757595207  930  587  586.664087583  0.387637364508  0.0180314854953
1.7757595207  930  609  609.007221111  32.6418285329  0.0298775796897
1.7757595207  930  632  631.581909165  31.1771910586  0.0220345478188
1.7757595207  930  654  654.586768577  0.37009396587  0.0514453771981
1.7757595207  930  677  676.919399466  0.274998778378  0.0254628575399
1.7757595207  929  699  699.666657613  20.8783952429  0.045787091708
1.7757595207  929  723  722.347624594  17.252046816  0.00272974637724
1.7757595207  928  746  745.654531964  15.5631137601  0.00742873703326
1.7757595207  928  769  768.92908573  15.3226174382  0.0205874516211
1.7757595207  927  793  792.638800572  13.9682870838  0.00827812652614
1.7757595207  927  817  816.75801564  13.4437506469  0.00907380732191
1.7757595207  926  841  841.143184387  13.0054029137  0.0195928858243
1.7757595207  925  866  865.896110464  12.5753517999  0.0117389784694
1.7757595207  924  891  890.919774517  12.4846780213  0.0241833349298
1.7757595207  924  917  917.293722071  0.361280408233  -5.93178192715
1.7757595207  923  942  942.351302636  13.0046070722  0.0288893701347
1.7757595207  921  969  969.322387347  0.386817623791  -5.67402034641
1.7757595207  920  995  994.997379936  12.5154240812  0.0239702217913
1.9697995207  915  9  8.98310463052  5.50424450773  -0.00580310912841
1.9697995207  916  25  24.6374651091  5.51719641049  -0.0197836758086
1.9697995207  917  40  40.515885184  5.93309474198  0.0134130536597
1.9697995207  918  56  56.4879408086  6.15544163178  0.00434040527
1.9697995207  919  73  72.4831444917  6.41935333512  -0.0273576765379
1.9697995207  919  89  88.6029174952  6.71228686564  -0.0233409846079
1.9697995207  920  105  104.980171658  6.93285642904  -0.00161206310113
1.9697995207  921  121  121.555129817  7.36934563328  0.0288060494934
1.9697995207  921  138  138.029883434  8.21054926638  0.00238254225981
1.9697995207  922  155  154.753209647  8.68338592023  0.0105842043095
1.9697995207  923  172  171.632880163  9.68198566003  0.00359388833072
1.9697995207  923  189  188.647827385  11.1765410428  -0.00168942856348
1.9697995207  924  206  206.100198773  13.4241414393  0.0148826405445
1.9697995207  924  224  223.590549975  14.6414091109  7.09151641272e-05
1.9697995207  925  241  241.599521726  17.7090092863  0.0376490553522
1.9697995207  926  259  259.782897954  19.0160969582  0.0371903261811
1.9697995207  926  277  277.927344211  19.8017014368  0.0518769957228
1.9697995207  926  295  296.450607483  20.2570564439  0.0638969384453
1.9697995207  927  314  314.501337297  0.235144650837  0.0287113129019
1.9697995207  927  332  332.942764222  21.4345007778  0.0413891676186
1.9697995207  928  352  351.252979775  18.844616637  -0.0157751327042
1.9697995207  928  370  369.288839628  0.337192128749  -8.94369422799
1.9697995207  928  388  388.47061152  18.3899226187  0.0429187198451
1.9697995207  929  407  407.215519355  18.3229179522  0.0367132520779
1.9697995207  929  426  426.026843381  18.801178364  0.0248405959689
1.9697995207  929  445  444.911876931  19.5496071522  0.0255704589425
1.9697995207  929  464  464.237821088  20.8807642236  0.0350565365939
1.9697995207  929  484  483.707899808  22.0646684211  0.0189125958228
1.9697995207  929  504  503.425403233  22.935288043  0.00567937050909
1.9697995207  930  524  523.69537394  23.576748012  0.00808909197566
1.9697995207  930  544  544.335634515  25.8642507882  0.0281774511175
1.9697995207  930  565  565.258974076  29.9796835424  0.034784512301
1.9697995207  929  588  586.443694802  30.2139150418  -0.0170761212263
1.9697995207  929  609  609.063789982  33.0584460029  0.0295567827451
1.9697995207  929  632  631.830168107  31.4163007066  0.0270973509933
1.9697995207  929  654  654.471509635  27.4771467599  0.0473338975331
1.9697995207  929  677  676.827542012  22.409596808  0.0229960501601
1.9697995207  928  699  699.604993859  19.7517767451  0.0376170026026
1.9697995207  928  722  722.369368681  17.6340769002  0.0269430333922
1.9697995207  928  745  745.463581573  0.204271642302  0.0341557876397
1.9697995207  927  769  768.886241734  14.4926669637  0.0146378686701
1.9697995207  926  792  792.775257376  14.165003312  0.0275391975155
1.9697995207  926  817  816.745370802  13.5119693612  0.0115271099982
1.9697995207  925  841  841.058721673  12.8215927408  0.0140084375644
1.9697995207  924  866  865.801767539  12.64050456  0.010066001927
1.9697995207  924  891  890.630654196  12.6075778038  0.0238203447309
1.9697995207  923  917  917.311201525  0.373045429701  -5.57131748225
1.9697995207  922  942  942.160742514  12.7532298042  0.027429620863
1.9697995207  920  969  968.299762624  13.0472799008  0.0101241134175
1.9697995207  919  995  994.863977215  13.0964580346  0.0277087853887
2.1638395207  914  9  8.68229894824  5.59720359119  -0.0736623115949
2.1638395207  915  24  24.4935365978  5.73849358705  0.0289187251161
2.1638395207  916  40  40.3565170703  5.86370583031  0.0252659098654
2.1638395207  917  56  56.2568120925  6.08807279208  -0.0139092839791
2.1638395207  918  72  72.4745543628  5.98734902693  -0.0177573829067
2.1638395207  918  88  88.4629262368  6.88487130828  -0.00289086321301
2.1638395207  919  105  104.82022517  6.83658181504  0.00877900341215
2.1638395207  920  121  121.339991144  7.16811624351  0.00425196589395
2.1638395207  920  138  138.006044388  8.58330820329  0.00138036375261
2.1638395207  921  155  154.519055677  8.57291572925  0.0
2.1638395207  922  172  171.457781208  9.5434398433  -0.0137222554113
2.1638395207  922  189  188.425463226  11.9783088085  -0.0251270021599
2.1638395207  923  206  205.931830479  13.5925278039  0.0156554749668
2.1638395207  924  224  223.93518036  14.190853234  0.01254939985
2.1638395207  924  241  241.299591762  17.7410220821  0.0341892290921
2.1638395207  925  259  259.698960357  18.3377658089  0.0256950439303
2.1638395207  925  277  277.695012785  19.959573928  0.0448290201109
2.1638395207  926  295  296.681640777  18.9904765534  0.0622221925962
2.1638395207  926  314  314.293715685  19.674448418  0.0227909856508
2.1638395207  926  332  332.842258508  20.9533274569  0.0235250295942
2.1638395207  927  351  351.222410386  18.697895099  0.0222932024912
2.1638395207  927  370  369.616353673  18.3435971489  0.00770814696812
2.1638395207  927  388  388.207820299  0.22713990681  0.0283725562246
2.1638395207  928  407  407.137081851  18.3544881963  0.0354718227792
2.1638395207  928  425  426.114911591  20.4213131004  0.0644284740597
2.1638395207  928  445  444.700598713  19.3002742362  0.0227547775493
2.1638395207  928  464  464.058011432  21.1983222331  0.0322297911467
2.1638395207  928  484  483.397818868  21.6774841465  0.0102655438802
2.1638395207  929  504  503.901816304  0.265218786251  0.024055017035
2.1638395207  929  523  523.987966362  26.4949725454  0.0515883911953
2.1638395207  929  545  543.921977878  26.1665695836  -0.0135834984068
2.1638395207  929  565  565.162522103  30.4680523017  0.0275376248274
2.1638395207  928  587  586.042768672  35.6536264827  0.00946210805705
2.1638395207  928  609  609.073548746  34.6752741575  0.02946300899
2.1638395207  928  632  631.761141223  32.0060861757  0.0203283233376
2.1638395207  928  654  654.258122643  27.4913387527  0.0386778881016
2.1638395207  928  677  676.892826877  22.499149069  0.0202301700244
2.1638395207  927  699  699.730204261  20.0484431144  0.0483241591075
2.1638395207  927  722  722.348847601  17.2526316206  0.0230356633815
2.1638395207  927  745  745.359116998  16.2076209696  0.0303843521746
2.1638395207  926  769  768.915581831  14.3297252384  0.00917470749626
2.1638395207  926  791  792.616307801  14.9019105743  0.0542634141197
2.1638395207  925  817  816.682609805  13.3991651599  0.00535310187052
2.1638395207  924  841  841.030127015  12.6846378601  0.00718932254329
2.1638395207  923  866  865.665410962  13.3060111877  0.0169060527211
2.1638395207  923  891  891.309721098  0.431643715175  -5.34360183782
2.1638395207  922  916  916.321450523  11.9828198355  0.0248657153889
2.1638395207  921  942  942.059474389  12.477419273  0.0232484136641
2.1638395207  920  969  970.80421575  0.21407544768  12.8302843506
2.1638395207  918  995  994.745711185  13.7816240208  0.0207189479657
