# Band 2C   Etalon 1B   Slice 7
# Distortion map version 06.04.00 - date 2018-10-09
# Trace (isoalpha): Take pixel trace along specified slice, specified alpha position trace is built by taking the pixel in every detector row with alpha value closest to the one specified 
# xpos[i] = np.argmin(alpha_img[i,:])+funcs.find_nearest(alpha_img[i,:][(slice_img[i,:]!=0)],alpha_pos)
#    alpha       x  y      center         FWHM          skewness
0.0  872  4  3.63913222468  1.8988929561  0.0333935073393
0.0  872  17  17.367413565  1.78068048385  0.0252245762979
0.0  873  31  31.2668717704  1.77695196858  0.00938031258325
0.0  874  45  45.3133868464  1.75218801919  0.00959185205641
0.0  874  59  59.3564827854  1.74810645607  -0.00648199081321
0.0  875  74  73.6282418568  1.75614079274  -0.00135611332994
0.0  876  88  88.0146339939  1.74786913598  -0.010864953141
0.0  876  102  102.429118169  1.7819502374  -0.0198005052454
0.0  877  117  117.074457033  1.80668471709  -0.0286396722102
0.0  878  132  131.88364116  1.82935735705  0.0497556161845
0.0  878  147  146.689934604  1.80043244708  0.0110232046878
0.0  879  162  161.748833406  1.79286168044  0.0169067954694
0.0  879  177  176.829712267  1.7640566578  -0.00728175439551
0.0  880  192  192.168312252  1.79213361213  -0.00021010058103
0.0  880  208  207.566028476  1.81201033321  0.0261989252056
0.0  881  223  223.164011633  1.79594838192  -0.00374527811981
0.0  881  239  238.818577012  1.77421126982  -0.0159797094978
0.0  882  255  254.736173136  1.73408743954  -0.0101251264169
0.0  882  271  270.712917273  1.70258447545  -0.0124174991839
0.0  883  287  286.938902913  1.7406114484  0.00101564012629
0.0  883  303  303.227622309  1.76388416616  0.0135835997573
0.0  883  320  319.653080048  1.76114167109  0.0159706178723
0.0  884  336  336.331427176  1.78579844793  0.0277855976616
0.0  884  353  353.04732978  1.83987211482  0.0055629518565
0.0  884  370  369.96719675  1.84846438211  0.0114789475297
0.0  885  387  387.104226169  1.86386588885  0.00415734833142
0.0  885  404  404.341915585  1.86594105296  0.00585027710662
0.0  885  422  421.75873127  1.87577666896  0.0053574030419
0.0  885  439  439.360158436  1.89021918717  0.00436058687092
0.0  885  457  457.119089526  1.89558489339  -0.00500294771679
0.0  886  475  475.095478637  1.92292925591  -0.0246850324265
0.0  886  493  493.24269474  1.92089054676  -0.0103387545527
0.0  886  512  511.547759247  1.84859443642  -0.00494954007596
0.0  886  530  530.043034102  1.86881566748  -0.0224867116
0.0  886  549  548.699957034  1.8221268408  -0.0436158730351
0.0  886  568  567.592987367  1.82896646463  -0.016466833278
0.0  886  587  586.660096332  1.82977997148  -0.0119084016315
0.0  886  606  605.92693106  1.93436977999  0.00884064311074
0.0  886  625  625.361611808  1.86664675191  0.0250240458708
0.0  885  645  644.984515293  1.96086553103  0.00901818084873
0.0  885  665  664.831090262  1.98115038245  -0.00305097929027
0.0  885  685  684.914667959  2.00869612638  0.0107708626328
0.0  885  705  705.21392145  2.04786778424  0.0310615967904
0.0  884  726  725.639120031  2.04983913353  0.0107921857426
0.0  884  746  746.347095802  2.09465150749  -0.00361318375953
0.0  883  767  767.238340374  2.11897004523  -0.0148546544106
0.0  883  788  788.398332193  2.10301996114  -0.0281019757613
0.0  882  810  809.788921582  2.0681357408  -0.0499017435394
0.0  882  831  831.455031661  2.06047364227  -0.0237389727799
0.0  881  853  853.32800852  2.05840896369  -0.00698681084298
0.0  880  875  875.412571702  2.03883400588  -0.00557584869777
0.0  880  898  897.748376266  2.08844119601  -0.0203555853119
0.0  879  920  920.384934126  2.13468366234  0.0161378451316
0.0  878  943  943.244668836  2.19737690663  0.00332507315931
0.0  877  966  966.370422689  2.19469473512  -0.00527035194524
0.0  876  990  989.752982231  2.27206747794  -0.0202337619452
0.0  875  1013  1013.43631136  2.33880180699  -0.0138437048125
-1.79553265811  880  5  4.50439374795  1.80062856191  0.00676035496655
-1.79553265811  881  18  18.2843534426  1.76375718509  0.0113835269355
-1.79553265811  882  32  32.1803006969  1.75942309107  0.0117200973954
-1.79553265811  882  46  46.1002221322  1.7551932716  -0.0034681774974
-1.79553265811  883  60  60.2363135902  1.75855550478  -0.0174396115044
-1.79553265811  884  74  74.4943645187  1.72495910292  -0.00778901429149
-1.79553265811  884  89  88.7643859989  1.77599360977  -0.0177603356045
-1.79553265811  885  103  103.282567764  1.80964049403  -0.0406935296047
-1.79553265811  886  118  117.909647646  1.78972177658  -0.0211338461099
-1.79553265811  886  133  132.599504011  1.81149416665  -0.018068715863
-1.79553265811  887  148  147.498534757  1.81003061674  -0.00617447752161
-1.79553265811  887  162  162.443767171  1.84677249215  -0.0388936288424
-1.79553265811  888  178  177.640505817  1.79191717431  0.00392237542098
-1.79553265811  889  193  192.958647729  1.78710058475  0.0395607515587
-1.79553265811  889  208  208.322393306  1.78481717182  -0.00628847462824
-1.79553265811  890  224  223.905396649  1.77543754088  -0.0133759138977
-1.79553265811  890  240  239.576926629  1.74532494566  -0.0133903949585
-1.79553265811  890  255  255.419255181  1.75827992407  -0.00430216548998
-1.79553265811  891  271  271.45079864  1.71340333284  -0.00230698417452
-1.79553265811  891  288  287.555288245  1.72543090179  -0.0158022303984
-1.79553265811  892  304  303.890680283  1.73753074846  -0.0117646990254
-1.79553265811  892  320  320.341655073  1.73178416212  0.0162969819882
-1.79553265811  892  337  336.899703577  1.81695521961  0.00197973262507
-1.79553265811  893  354  353.701770055  1.79794709064  0.0101602222664
-1.79553265811  893  371  370.575013118  1.8163609033  -0.00722010687808
-1.79553265811  893  388  387.645352819  1.82970963221  -0.00022671929154
-1.79553265811  894  405  404.946231019  1.85896115427  -0.0114647243586
-1.79553265811  894  422  422.3582196  1.84800639267  -0.00227505137411
-1.79553265811  894  440  439.912312639  1.88628843499  -0.0200170162745
-1.79553265811  894  458  457.662644716  1.87404877142  -0.00624923721658
-1.79553265811  894  476  475.583030966  1.88720049626  -0.0242017217195
-1.79553265811  894  494  493.690912108  1.84722401579  -0.0322549910274
-1.79553265811  895  512  512.049047743  1.85421302723  -0.0335255182896
-1.79553265811  895  531  530.537115039  1.79765779772  -0.0230022442843
-1.79553265811  895  549  549.209198186  1.83992484668  -0.023577594014
-1.79553265811  895  568  568.066862309  1.85535885019  -0.0107727813984
-1.79553265811  894  587  587.068658612  1.89227415266  -0.00137277912813
-1.79553265811  894  606  606.323784559  1.87360755428  0.014707514508
-1.79553265811  894  626  625.737105025  1.91856658346  -0.0159871712547
-1.79553265811  894  645  645.399318506  1.9187267518  0.0178522271658
-1.79553265811  894  665  665.241316319  1.97050602893  0.0200015081403
-1.79553265811  894  685  685.297998694  1.96653090708  0.0159097902186
-1.79553265811  893  705  705.499872878  2.01799027444  0.00959844872877
-1.79553265811  893  726  725.963541177  2.06814643407  -0.00726814836569
-1.79553265811  893  747  746.637036491  2.04212235053  -0.0494474643189
-1.79553265811  892  768  767.530834599  2.08557140624  -0.038429577559
-1.79553265811  892  789  788.673895729  2.09073543047  -0.06115428057
-1.79553265811  891  810  810.051153921  2.10600037198  -0.0558708041476
-1.79553265811  890  832  831.709910896  1.99553781526  -0.0484894701209
-1.79553265811  890  854  853.521191225  2.06284985981  -0.0300072236626
-1.79553265811  889  876  875.596829286  2.06662099875  -0.0305618140881
-1.79553265811  888  898  897.908897927  2.12363603383  -0.0315156065359
-1.79553265811  888  921  920.523971678  2.06109179912  -0.0619087769587
-1.79553265811  887  943  943.394512944  2.19725544818  -0.0091815834682
-1.79553265811  886  966  966.484742911  2.20113200284  -0.0360190882544
-1.79553265811  885  990  989.860417546  2.31934741691  -0.0367823904578
-1.79553265811  884  1014  1013.54030482  2.32210213924  -0.0202865868024
-1.60149265811  879  4  4.39192610525  1.81224449308  -0.000330927439797
-1.60149265811  880  18  18.1899579793  1.78390079609  0.022183818836
-1.60149265811  881  32  32.0840324783  1.77838858699  0.00884649164311
-1.60149265811  881  46  45.9881814642  1.75580208389  -0.0340108343681
-1.60149265811  882  60  60.149016345  1.75343060722  -0.0044003201149
-1.60149265811  883  74  74.4118710096  1.7597178656  -0.0156160787425
-1.60149265811  883  89  88.6925957565  1.88162588642  -0.0497570532998
-1.60149265811  884  103  103.18993658  1.82178038876  -0.0365936684553
-1.60149265811  885  118  117.819746528  1.80664147833  -0.0108790187917
-1.60149265811  885  133  132.507452064  1.81599967191  -0.0141498695154
-1.60149265811  886  147  147.416582855  1.84296869  -0.00741342494793
-1.60149265811  886  162  162.398665645  1.85581581468  -0.00747604995624
-1.60149265811  887  178  177.553701423  1.80600139717  0.0128127959172
-1.60149265811  888  193  192.843126245  1.79500543909  -0.0178425584511
-1.60149265811  888  208  208.238241667  1.80502321871  -0.00438906688845
-1.60149265811  889  224  223.819807531  1.7926014412  -0.0196914038765
-1.60149265811  889  240  239.49944031  1.75759499372  -0.0038241572467
-1.60149265811  890  255  255.39324077  1.73442392026  -0.0113692229526
-1.60149265811  890  271  271.383499772  1.73260793075  0.00755821079992
-1.60149265811  890  287  287.486307722  1.721871364  -0.00823870974069
-1.60149265811  891  304  303.822226119  1.75609457838  -0.000512690338361
-1.60149265811  891  320  320.25747012  1.75450128926  0.00721098360131
-1.60149265811  892  337  336.883616966  1.79572390417  -0.00339714128378
-1.60149265811  892  354  353.624253574  1.82367634625  0.00128308070102
-1.60149265811  892  371  370.512104679  1.81916089763  -8.38101765387e-05
-1.60149265811  892  388  387.58911199  1.82563300152  0.00156731366184
-1.60149265811  893  405  404.87925547  1.87176261127  -0.00909536901546
-1.60149265811  893  422  422.295540856  1.87617836863  -0.00320013682258
-1.60149265811  893  440  439.844973763  1.86658945546  -0.0157685322707
-1.60149265811  893  458  457.616240693  1.86861902507  0.00729695794547
-1.60149265811  893  476  475.528705799  1.88103492256  -0.00907558611113
-1.60149265811  894  494  493.690695456  1.84590158011  -0.0318131774816
-1.60149265811  894  512  511.979576869  1.88553404994  -0.0528437646278
-1.60149265811  894  530  530.483792794  1.81847444367  -0.0208240051514
-1.60149265811  894  549  549.154544037  1.87602736314  -0.0265033751888
-1.60149265811  894  568  568.026550414  1.89616930462  -0.0134218000599
-1.60149265811  894  587  587.076638546  1.89165215162  0.000511978436643
-1.60149265811  893  606  606.280104824  1.87852285613  0.0187301554213
-1.60149265811  893  626  625.678130955  1.89502097285  -0.0172849301736
-1.60149265811  893  645  645.351165245  1.92443101927  0.0108430706806
-1.60149265811  893  665  665.202424718  1.98730399016  0.0217648412021
-1.60149265811  893  685  685.251408595  1.98046498033  0.0166797276154
-1.60149265811  892  705  705.464569272  2.00013829779  0.0122578296769
-1.60149265811  892  726  725.919137454  2.06059470125  -0.0138050382346
-1.60149265811  892  747  746.600660136  2.08359107479  -0.0273739391123
-1.60149265811  891  767  767.493984769  2.1114119218  -0.0373459549301
-1.60149265811  891  789  788.636702849  2.08678604988  -0.0612008824532
-1.60149265811  890  810  810.012934997  2.0960990798  -0.0642979140857
-1.60149265811  890  832  831.644617472  2.06659436604  -0.0491970082751
-1.60149265811  889  854  853.498167367  2.03437277409  -0.0269292081736
-1.60149265811  888  876  875.571884371  2.07556355074  -0.031052455119
-1.60149265811  887  898  897.867438108  2.09295345388  -0.0504692190128
-1.60149265811  887  921  920.519903791  2.13577196607  -0.0243956425393
-1.60149265811  886  943  943.376274774  2.20129512388  -0.00421782316239
-1.60149265811  885  966  966.462998275  2.20043521245  -0.036486088444
-1.60149265811  884  990  989.847563666  2.31419346447  -0.0361749928157
-1.60149265811  883  1014  1013.51945815  2.350043036  -0.0282045791125
-1.40745265811  878  4  4.3100840764  1.79976202399  0.00783245297129
-1.40745265811  879  18  18.0726772756  1.79323180988  0.021723199422
-1.40745265811  880  32  31.9775659008  1.77775168097  0.0142864560886
-1.40745265811  881  46  45.9458096347  1.86459995946  0.0037536253904
-1.40745265811  881  60  60.0375308144  1.77575143149  -0.0051960668511
-1.40745265811  882  74  74.3209499755  1.76630171039  -0.0109060248983
-1.40745265811  883  89  88.6056835595  1.82093747655  -0.0390802277674
-1.40745265811  883  103  103.09562569  1.80867574498  -0.0257186638607
-1.40745265811  884  118  117.728453427  1.82013763136  -0.00313052644111
-1.40745265811  884  132  132.418729093  1.81565137545  -0.0133288597732
-1.40745265811  885  147  147.306157233  1.83548261726  -0.0299070127828
-1.40745265811  886  162  162.373550196  1.80140363906  0.000533314565579
-1.40745265811  886  177  177.457687017  1.82442011661  -0.00248783494815
-1.40745265811  887  193  192.754470756  1.76858536782  -0.0102157882414
-1.40745265811  887  208  208.147112085  1.80179427306  -0.000416860249206
-1.40745265811  888  224  223.742691552  1.78924818018  -0.00195774772139
-1.40745265811  888  239  239.433987028  1.75556349128  0.00915752680993
-1.40745265811  889  255  255.315321157  1.77281524928  -0.0082834223251
-1.40745265811  889  271  271.298359404  1.73776576146  0.00407811849837
-1.40745265811  889  287  287.448125813  1.7580530084  -0.00240269876151
-1.40745265811  890  304  303.738831703  1.75853762411  -0.00861666950755
-1.40745265811  890  320  320.1887544  1.76816754413  0.0198789870727
-1.40745265811  891  337  336.81375337  1.79785444032  -0.000586939098024
-1.40745265811  891  354  353.555188829  1.81661716405  0.00851612121436
-1.40745265811  891  370  370.458301189  1.82451839451  0.00364571420252
-1.40745265811  892  388  387.533996495  1.86115578734  -0.0101600833558
-1.40745265811  892  405  404.806997202  1.87159298229  -0.0118999452418
-1.40745265811  892  422  422.225254264  1.88908884967  -0.00293089694326
-1.40745265811  892  440  439.777068009  1.88855077764  -0.0200070469942
-1.40745265811  892  458  457.552624188  1.88549694949  0.00404383697745
-1.40745265811  892  475  475.471020973  1.90051331446  -0.0176850311705
-1.40745265811  893  494  493.643506562  1.84686525429  -0.0218658880109
-1.40745265811  893  512  511.916264048  1.87074371319  -0.0679672586257
-1.40745265811  893  530  530.43175675  1.82709200713  -0.0106236113452
-1.40745265811  893  549  549.087026411  1.8951693476  -0.0299489094011
-1.40745265811  893  568  567.963097027  1.8741727536  -0.0197206678497
-1.40745265811  893  587  587.004572394  1.89769906104  -0.0145534183989
-1.40745265811  892  606  606.246147599  1.79639037299  -0.0140228264345
-1.40745265811  892  626  625.62276594  1.8877524995  -0.0181581595002
-1.40745265811  892  645  645.30810383  1.9454182931  0.0227923680688
-1.40745265811  892  665  665.154280757  2.000595528  0.0146846122944
-1.40745265811  892  685  685.206221414  2.0094928473  0.0146676132626
-1.40745265811  891  705  705.422436752  2.03152079127  0.00306109829184
-1.40745265811  891  726  725.885730151  2.05538539399  -0.00977664639559
-1.40745265811  891  747  746.573975523  2.07146536408  -0.0169231695269
-1.40745265811  890  767  767.466606345  2.11349155297  -0.0294969208736
-1.40745265811  890  789  788.603538859  2.06298529201  -0.0510444150593
-1.40745265811  889  810  809.980936436  2.10588568446  -0.0587639598628
-1.40745265811  889  832  831.611004213  2.04850470993  -0.0536002582842
-1.40745265811  888  853  853.478762697  2.04255973384  -0.0233170366812
-1.40745265811  887  876  875.567059834  2.06431263827  -0.00948852080949
-1.40745265811  887  898  897.863564871  2.06857910512  -0.0393209929213
-1.40745265811  886  920  920.480250832  2.12912359913  -0.0264056289201
-1.40745265811  885  943  943.371763573  2.19131261751  0.00446478076733
-1.40745265811  884  966  966.464221358  2.20747064188  -0.0183046283062
-1.40745265811  883  990  989.828665402  2.26648070115  -0.0314223648243
-1.40745265811  882  1013  1013.47609952  2.31362775299  -0.0382340559644
-1.21341265811  877  4  4.17718132708  1.8675469281  -0.0511451683304
-1.21341265811  878  18  17.9737711682  1.79278941128  0.0164454164935
-1.21341265811  879  32  31.8698806091  1.77438280883  0.00986166725988
-1.21341265811  880  46  45.9171019425  1.75351613962  0.0613546577308
-1.21341265811  880  60  59.9364422771  1.76926610833  -0.00724550721566
-1.21341265811  881  74  74.2136421519  1.75882225402  -0.0134517992446
-1.21341265811  882  89  88.5783753326  1.76945791641  -0.0270780110303
-1.21341265811  882  103  103.003610005  1.81222373059  -0.0170167631893
-1.21341265811  883  118  117.636896303  1.82000642698  -0.00302171522514
-1.21341265811  883  132  132.310233213  1.87567556357  -0.0674482512109
-1.21341265811  884  147  147.223762278  1.83690745114  -0.0322067626714
-1.21341265811  885  162  162.279665135  1.82070172113  -0.00800641582028
-1.21341265811  885  177  177.371881258  1.81977769592  -0.00430553634859
-1.21341265811  886  193  192.681296357  1.78386854357  0.00365220617658
-1.21341265811  886  208  208.062373737  1.79140571149  -0.000483559388475
-1.21341265811  887  224  223.654768751  1.78303428204  -0.00262641289328
-1.21341265811  887  239  239.34508815  1.77602249396  0.00281416019548
-1.21341265811  888  255  255.232367987  1.76653121957  -0.0136030779435
-1.21341265811  888  271  271.216715167  1.74549598723  0.00566348067906
-1.21341265811  889  287  287.416381464  1.70754461037  0.00230464923121
-1.21341265811  889  304  303.668852314  1.74274590758  -0.00340728833173
-1.21341265811  889  320  320.11284673  1.77629573418  0.0195701775391
-1.21341265811  890  337  336.745100547  1.80492096495  0.000279276632858
-1.21341265811  890  353  353.482592384  1.82635888627  0.0100824996259
-1.21341265811  890  370  370.389376597  1.83419546696  0.00401955503724
-1.21341265811  891  388  387.516215049  1.83807673296  -0.00133560059477
-1.21341265811  891  405  404.728793786  1.85280209737  -0.0175437998276
-1.21341265811  891  422  422.160219338  1.88852046131  0.00493575860471
-1.21341265811  891  440  439.718333365  1.88388779611  -0.00768170282302
-1.21341265811  891  457  457.487345879  1.89033554458  -0.00131986826302
-1.21341265811  892  475  475.471032418  1.90001679827  -0.0175588077553
-1.21341265811  892  494  493.590333565  1.85770539099  -0.012524766722
-1.21341265811  892  512  511.824479676  1.82285370076  -0.125089875601
-1.21341265811  892  530  530.379298489  1.83578557473  -0.00618417019391
-1.21341265811  892  549  549.033638975  1.88161007674  -0.0354339266813
-1.21341265811  892  568  567.904154718  1.84717797802  -0.0288287668744
-1.21341265811  892  587  586.959231116  1.91398425404  -0.0158403647773
-1.21341265811  892  606  606.223031975  1.89885270433  0.00812707718613
-1.21341265811  891  626  625.605880438  1.89257104502  0.00207541775597
-1.21341265811  891  645  645.266089706  1.95550466675  0.0249913256025
-1.21341265811  891  665  665.113314635  1.97931086631  0.0177983709483
-1.21341265811  891  685  685.156745153  2.0170597608  0.0136099167096
-1.21341265811  890  705  705.386469137  2.03901985536  0.00982287069802
-1.21341265811  890  726  725.842173377  2.06926716655  -0.0145553420086
-1.21341265811  890  747  746.549080245  2.06671694164  -0.0127940700274
-1.21341265811  889  767  767.453088491  2.10941453425  -0.0182502057843
-1.21341265811  889  789  788.578024176  2.09964616713  -0.051931285874
-1.21341265811  888  810  809.945807147  2.09801384887  -0.0542365417161
-1.21341265811  888  832  831.601684965  2.05265015566  -0.041735323872
-1.21341265811  887  853  853.456608706  2.05328712439  -0.0250793925749
-1.21341265811  886  876  875.526154128  2.06470190967  -0.0174634145783
-1.21341265811  886  898  897.847943473  2.10532733003  -0.0373059165076
-1.21341265811  885  920  920.480303383  2.10751509062  -0.0152685909907
-1.21341265811  884  943  943.352625161  2.19438540645  0.00348614992547
-1.21341265811  883  966  966.440860828  2.19742343467  -0.0182397519008
-1.21341265811  882  990  989.821159641  2.27194798888  -0.0290703459444
-1.21341265811  881  1013  1013.47874761  2.32533515847  -0.0209500886001
-1.01937265811  876  4  4.14327866838  1.89385044849  0.0107610068572
-1.01937265811  877  18  17.8689313056  1.7912277913  0.0177341926846
-1.01937265811  878  32  31.7697212074  1.76792528549  0.00980730439026
-1.01937265811  879  46  45.7940252608  1.74033900817  0.00934067312765
-1.01937265811  879  60  59.8350039907  1.74022638064  -0.00473787076889
-1.01937265811  880  74  74.115108353  1.76761982559  -0.0136996309576
-1.01937265811  881  88  88.4919738799  1.77855868728  -0.0175135861564
-1.01937265811  881  103  102.902698792  1.80191130464  -0.0234892975464
-1.01937265811  882  118  117.551496357  1.82076559346  -0.00352700273508
-1.01937265811  883  132  132.308985402  1.91684438676  0.0257761513784
-1.01937265811  883  147  147.133502287  1.81709095686  -0.0292216369457
-1.01937265811  884  162  162.187883367  1.80284902804  -0.0154266824758
-1.01937265811  884  177  177.286535735  1.82345170905  -0.0123276409818
-1.01937265811  885  193  192.598940183  1.78873996379  0.00332840310034
-1.01937265811  885  208  207.984052995  1.78937736566  0.008859034064
-1.01937265811  886  224  223.587197669  1.77762189138  0.00139609987596
-1.01937265811  886  239  239.27187679  1.7759684862  0.0115400795615
-1.01937265811  887  255  255.151591179  1.77016419167  -0.0172629069722
-1.01937265811  887  271  271.120556062  1.76085021848  -0.0038775475457
-1.01937265811  888  287  287.351006554  1.73007316785  0.00289989507157
-1.01937265811  888  304  303.599509723  1.73999793775  -0.00380007605091
-1.01937265811  888  320  320.0363836  1.77971462917  0.0168137532369
-1.01937265811  889  337  336.679688151  1.78754607746  0.0107846758368
-1.01937265811  889  353  353.417173977  1.82747003239  0.00447929262718
-1.01937265811  889  370  370.315089966  1.84502317894  0.0166558499612
-1.01937265811  890  387  387.467984733  1.85624435178  0.0174468908633
-1.01937265811  890  405  404.661101027  1.86001760307  -0.00723833120295
-1.01937265811  890  422  422.084791492  1.87558588883  -0.00149952274608
-1.01937265811  890  440  439.650992817  1.88009143293  -0.00447199572512
-1.01937265811  890  457  457.436169134  1.91034689691  0.00451743559558
-1.01937265811  891  475  475.39813486  1.89536714483  -0.0225509624909
-1.01937265811  891  494  493.535056425  1.87446120778  -0.00702917007195
-1.01937265811  891  512  511.803890081  1.86169795271  -0.0430111988086
-1.01937265811  891  530  530.319919371  1.86222567677  -0.00299043479704
-1.01937265811  891  549  548.972126667  1.87004846048  -0.0371484576274
-1.01937265811  891  568  567.858495559  1.87048634748  -0.0265403521925
-1.01937265811  891  587  586.902510578  1.88592091999  -0.0221601507799
-1.01937265811  891  606  606.187387925  1.90071295583  0.0271118090377
-1.01937265811  890  626  625.567775076  1.89947644967  0.00160578660468
-1.01937265811  890  645  645.212676575  1.96287059726  0.0180387395908
-1.01937265811  890  665  665.070424535  1.99073314576  0.00953245535346
-1.01937265811  890  685  685.125039057  2.03023382776  0.00865155922348
-1.01937265811  890  705  705.392320976  1.99842543779  0.0435736936648
-1.01937265811  889  726  725.819012882  2.05176638985  -0.0037186398643
-1.01937265811  889  747  746.526111734  2.04181320638  -0.0001260076916
-1.01937265811  888  767  767.411008745  2.11071999139  -0.0250085201022
-1.01937265811  888  789  788.553050721  2.10596319933  -0.0554753434748
-1.01937265811  887  810  809.908289446  2.10421150121  -0.0622050596398
-1.01937265811  887  832  831.573835855  2.06156132241  -0.0330716108988
-1.01937265811  886  853  853.426431055  2.07416204574  -0.0167208026802
-1.01937265811  885  876  875.50739478  2.06100992697  -0.0129759993668
-1.01937265811  885  898  897.836731183  2.09976521864  -0.0302282934874
-1.01937265811  884  920  920.466185418  2.10849431714  -0.00665250085766
-1.01937265811  883  943  943.341816312  2.19764961432  0.0062307561483
-1.01937265811  882  966  966.43309637  2.19877195096  -0.0109017759158
-1.01937265811  881  990  989.800696457  2.27156017399  -0.0320155858839
-1.01937265811  880  1013  1013.48158456  2.30127512753  -0.0208845074949
-0.825332658109  876  4  4.04826277013  1.91380156463  0.0114350048653
-0.825332658109  876  18  17.769025525  1.78012288369  0.0176707725675
-0.825332658109  877  32  31.6787086018  1.77507696013  0.0137577302908
-0.825332658109  878  46  45.7029674599  1.72859375218  0.0184455494401
-0.825332658109  878  60  59.7372790627  1.73355906398  -0.00144744491142
-0.825332658109  879  74  74.0144134608  1.777815851  -0.00410324346427
-0.825332658109  880  88  88.3984279531  1.77618489669  -0.0237503063263
-0.825332658109  880  103  102.804188998  1.7908234933  -0.0234753418159
-0.825332658109  881  117  117.463095502  1.83263017206  -0.00872972410727
-0.825332658109  882  132  132.246695236  1.79826639061  0.00595277077066
-0.825332658109  882  147  147.039794642  1.79966371544  -0.0276705330625
-0.825332658109  883  162  162.095837186  1.79961289559  -0.0128793492227
-0.825332658109  883  177  177.190659147  1.81424588376  -0.0164458149431
-0.825332658109  884  193  192.522188019  1.79666738515  0.00748465816024
-0.825332658109  884  208  207.900586291  1.78802638364  0.0124272482416
-0.825332658109  885  223  223.49969274  1.78968682474  0.00296633035462
-0.825332658109  885  239  239.180109828  1.79471227581  0.00470912650449
-0.825332658109  886  255  255.06530306  1.7792723215  -0.0193911476061
-0.825332658109  886  271  271.038505706  1.75877226063  -0.000961393364645
-0.825332658109  887  287  287.265652702  1.74128193327  0.00876717600298
-0.825332658109  887  304  303.536923894  1.74034390301  0.00755307092109
-0.825332658109  887  320  319.951814621  1.77878368629  0.00462588625582
-0.825332658109  888  337  336.589740197  1.79801076842  -0.000932841691542
-0.825332658109  888  353  353.360201171  1.83030063261  0.0089740910069
-0.825332658109  888  370  370.246015459  1.84191432748  0.00156490957556
-0.825332658109  889  387  387.390591832  1.85361527805  0.0158909887466
-0.825332658109  889  405  404.595173151  1.8393859353  -0.00898442667387
-0.825332658109  889  422  422.03218105  1.88456894402  0.0023631444951
-0.825332658109  889  440  439.583274841  1.90186108274  -0.0089210318385
-0.825332658109  889  457  457.411933312  1.94539985821  0.0117730462452
-0.825332658109  890  475  475.353763074  1.91579823182  -0.00708097289816
-0.825332658109  890  493  493.475008895  1.88982743438  -0.000562855160772
-0.825332658109  890  512  511.749034445  1.85582617028  -0.0399476466599
-0.825332658109  890  530  530.26980356  1.86159542007  -0.0123073057273
-0.825332658109  890  549  548.919121602  1.86794899343  -0.0453539403376
-0.825332658109  890  568  567.808129118  1.8648216953  -0.0255443990351
-0.825332658109  890  587  586.852741711  1.88672751414  -0.0176797798515
-0.825332658109  890  606  606.132014985  1.92501329458  0.0205313138628
-0.825332658109  890  626  625.567637918  1.8968269241  0.00285343172264
-0.825332658109  889  645  645.170737936  1.97213989559  0.0172837740623
-0.825332658109  889  665  665.014217454  1.98818370311  0.00576595172362
-0.825332658109  889  685  685.07427214  2.03336325101  0.00924542188805
-0.825332658109  889  705  705.341790685  2.00660511723  0.0114624226465
-0.825332658109  888  726  725.778019442  2.03045783986  -0.00513818071284
-0.825332658109  888  746  746.484404733  2.08195159348  -0.0101894571663
-0.825332658109  887  767  767.389597888  2.11391801832  -0.0138039264877
-0.825332658109  887  789  788.536728674  2.10384032269  -0.0361321773783
-0.825332658109  886  810  809.890212736  2.10067715141  -0.0555484807971
-0.825332658109  886  832  831.53502631  2.05163843488  -0.0362761810138
-0.825332658109  885  853  853.407102505  2.08618748091  -0.00356908817822
-0.825332658109  884  875  875.497142425  2.04321127872  -0.0159963879573
-0.825332658109  884  898  897.806730963  2.10223170845  -0.0299750439285
-0.825332658109  883  920  920.43807312  2.11607365186  -0.0104559844853
-0.825332658109  882  943  943.310414496  2.19399859989  -0.00114105323797
-0.825332658109  881  966  966.41419805  2.20137166239  -0.00948420720929
-0.825332658109  880  990  989.785490808  2.25008557467  -0.0235675987594
-0.825332658109  879  1013  1013.47739268  2.32226024493  -0.0188719944017
-0.631292658109  875  4  4.01019712837  1.81558957736  0.0730933786823
-0.631292658109  875  18  17.6697367436  1.7766665028  0.0140311645007
-0.631292658109  876  32  31.5810982064  1.75353733255  0.0118432300235
-0.631292658109  877  46  45.6009246291  1.73563521063  0.0100701640095
-0.631292658109  877  60  59.6380351105  1.71936598971  -0.0183761692061
-0.631292658109  878  74  73.9147507221  1.76196535198  -0.00123508320539
-0.631292658109  879  88  88.3124005761  1.77690667227  -0.0244849801478
-0.631292658109  879  103  102.715744779  1.77791208701  -0.00601726626452
-0.631292658109  880  117  117.356430465  1.83600620688  -0.0312463159711
-0.631292658109  881  132  132.145829418  1.79930752564  -0.0154630335483
-0.631292658109  881  147  146.952257695  1.79187628216  -0.0144930461045
-0.631292658109  882  162  162.018524815  1.81505111873  0.00375097225581
-0.631292658109  882  177  177.102381299  1.80582884902  -0.0129097505728
-0.631292658109  883  192  192.432947036  1.78375318534  0.00808859166974
-0.631292658109  883  208  207.807378094  1.777695105  0.00855642394758
-0.631292658109  884  223  223.41332703  1.78674285774  -0.00349377409752
-0.631292658109  884  239  239.081784126  1.79468071117  -0.0077068652839
-0.631292658109  885  255  254.982695029  1.76105319546  -0.0180510004473
-0.631292658109  885  271  270.957228779  1.77637632006  -0.0103745045679
-0.631292658109  886  287  287.177972298  1.7544838036  -0.000607809582186
-0.631292658109  886  303  303.467741037  1.738994477  0.00900792780894
-0.631292658109  886  320  319.912547094  1.85049837012  0.00750467811651
-0.631292658109  887  337  336.527638495  1.78824777648  0.00752672230691
-0.631292658109  887  353  353.280615935  1.83403889818  0.0091333757911
-0.631292658109  887  370  370.181510294  1.86411003192  0.00903097213007
-0.631292658109  888  387  387.325567369  1.85279978202  0.0114713993431
-0.631292658109  888  405  404.549165432  1.86000044518  0.00272089419388
-0.631292658109  888  422  421.969319162  1.88079207119  0.00375883158187
-0.631292658109  888  440  439.538989433  1.90391501444  0.00559551153334
-0.631292658109  889  457  457.363767165  1.92004311702  -0.00272484092573
-0.631292658109  889  475  475.287898195  1.91066364198  -0.0153250717726
-0.631292658109  889  493  493.413917298  1.89346759041  -0.0102937810358
-0.631292658109  889  512  511.687192288  1.84813724404  -0.0314532684593
-0.631292658109  889  530  530.217939929  1.86898293364  -0.00465126020916
-0.631292658109  889  549  548.859983039  1.84073942989  -0.0357599485123
-0.631292658109  889  568  567.745845033  1.86348384441  -0.0208236254771
-0.631292658109  889  587  586.804327762  1.86923099912  -0.0200682100669
-0.631292658109  889  606  606.080262778  1.92874397156  0.0215697510354
-0.631292658109  889  626  625.519764122  1.89879273786  0.0048661599703
-0.631292658109  888  645  645.133549322  1.9861078657  0.0251989845363
-0.631292658109  888  665  664.972725486  2.00059335098  0.00520220294888
-0.631292658109  888  685  685.03355234  2.03203128459  0.00861548088393
-0.631292658109  888  705  705.316484965  2.03645423791  0.0282184967469
-0.631292658109  887  726  725.733516487  2.03420253151  -0.00754582193698
-0.631292658109  887  746  746.45205304  2.09639952353  -0.002418699072
-0.631292658109  886  767  767.35851208  2.12384714276  -0.0141983204096
-0.631292658109  886  789  788.515694623  2.09413487549  -0.01718480977
-0.631292658109  885  810  809.855194456  2.0908345995  -0.0559307132481
-0.631292658109  885  832  831.513972261  2.06166321261  -0.0271764011049
-0.631292658109  884  853  853.403110934  2.07692441805  0.00128221927358
-0.631292658109  884  875  875.479592075  2.04563401738  -0.00625618962718
-0.631292658109  883  898  897.779380523  2.081349011  -0.0340109748063
-0.631292658109  882  920  920.419590718  2.12033455902  -0.0119142334488
-0.631292658109  881  943  943.308535618  2.19485766879  0.018850221659
-0.631292658109  880  966  966.38991501  2.18916051146  -0.0150727494785
-0.631292658109  879  990  989.783985077  2.26750323839  -0.0217690578535
-0.631292658109  878  1013  1013.47158495  2.32689287465  -0.00829314955741
-0.437252658109  874  4  3.88796000127  1.79917601981  0.018727051598
-0.437252658109  874  18  17.5745123924  1.75786153504  0.0255905664922
-0.437252658109  875  31  31.4805357097  1.75798758041  0.0152697205977
-0.437252658109  876  46  45.506910929  1.75407964478  0.00272190946022
-0.437252658109  877  60  59.577874537  1.80519177393  -0.00662654490614
-0.437252658109  877  74  73.8229466898  1.7605358383  -0.00610504532686
-0.437252658109  878  88  88.2151275321  1.78363416682  -0.0213681424616
-0.437252658109  878  103  102.629874632  1.86726490133  -0.0503628476612
-0.437252658109  879  117  117.256593838  1.81748924869  -0.0352063705336
-0.437252658109  880  132  132.043335848  1.79685530499  -0.0144071305594
-0.437252658109  880  147  146.856433562  1.78166721553  -0.0103172265606
-0.437252658109  881  162  161.909558379  1.79524445267  -0.000452143266778
-0.437252658109  881  177  177.01038444  1.80508302085  -0.0153514095697
-0.437252658109  882  192  192.347709619  1.79759017783  0.000886371642402
-0.437252658109  882  208  207.744641967  1.86276284973  -0.00433180497146
-0.437252658109  883  223  223.333431334  1.79323189128  -0.000297784426453
-0.437252658109  883  239  238.985057705  1.79664719398  -0.0491201428159
-0.437252658109  884  255  254.896851276  1.75284471288  -0.0157296971049
-0.437252658109  884  271  270.876771838  1.75501933782  -0.0114949138971
-0.437252658109  885  287  287.096320956  1.73696554583  -0.00361439025138
-0.437252658109  885  303  303.387447802  1.74082118561  0.0117538743047
-0.437252658109  886  320  319.888680022  1.77654180128  0.0420793506901
-0.437252658109  886  336  336.461415856  1.77921596251  0.0190525293675
-0.437252658109  886  353  353.19710018  1.82002667629  -0.00464040112566
-0.437252658109  887  370  370.149650524  1.95487136071  0.0228365517302
-0.437252658109  887  387  387.240362835  1.86230413209  -5.89142539853e-05
-0.437252658109  887  404  404.485048859  1.85836804294  0.00448549085079
-0.437252658109  887  422  421.899890762  1.86564004706  0.0087605558641
-0.437252658109  887  439  439.48515716  1.89439709116  0.00292486894657
-0.437252658109  888  457  457.313367463  1.91989863157  0.00183898879181
-0.437252658109  888  475  475.229462232  1.91551040693  -0.0127582599658
-0.437252658109  888  493  493.353988989  1.91420118717  -0.00704088002806
-0.437252658109  888  512  511.643456827  1.84387666402  -0.0252874932952
-0.437252658109  888  530  530.160032406  1.87138508446  -0.0106889217117
-0.437252658109  888  549  548.811943051  1.85009595395  -0.034401620589
-0.437252658109  888  568  567.691353469  1.85671513744  -0.0271291310125
-0.437252658109  888  587  586.754460381  1.84748414372  -0.0253097004897
-0.437252658109  888  606  606.021949379  1.92066181392  0.010721546997
-0.437252658109  888  625  625.48298603  1.90516607105  0.0166568313053
-0.437252658109  887  645  645.075123029  1.97361297114  0.0129304112484
-0.437252658109  887  665  664.925174133  1.9816375517  0.00351688287008
-0.437252658109  887  685  684.998449637  2.03155813691  0.00998694394721
-0.437252658109  887  705  705.267632963  2.05104205979  0.0241366198165
-0.437252658109  886  726  725.707077728  2.02375336564  4.12452609642e-05
-0.437252658109  886  746  746.414957935  2.08874093191  -0.00704885187736
-0.437252658109  886  767  767.335268164  2.09795585284  -0.016120078291
-0.437252658109  885  788  788.465703476  2.09331541045  -0.0324848377042
-0.437252658109  884  810  809.846146843  2.06131625515  -0.0539734856087
-0.437252658109  884  831  831.488684334  2.04534949618  -0.0411425428888
-0.437252658109  883  853  853.3864107  2.07746002616  0.013998244337
-0.437252658109  883  875  875.477889877  2.05129872152  -0.00216007197089
-0.437252658109  882  898  897.770623709  2.08736584534  -0.0231687632929
-0.437252658109  881  920  920.397401708  2.13778183718  -0.00784280447089
-0.437252658109  880  943  943.278670938  2.18917924716  0.000294020452505
-0.437252658109  879  966  966.379178703  2.19815356714  -0.00849420572651
-0.437252658109  878  990  989.766276939  2.26408996613  -0.0219722574909
-0.437252658109  877  1013  1013.46269739  2.30565436362  -3.06721074701e-05
-0.243212658109  873  4  3.78311506362  1.81588838499  0.027276318623
-0.243212658109  873  17  17.4710842293  1.84244422795  -0.0279475995532
-0.243212658109  874  31  31.3771620812  1.76831876907  0.0120814446666
-0.243212658109  875  45  45.4150117269  1.76056414146  0.0182465915192
-0.243212658109  876  60  59.5597839355  1.82257441327  0.0517184510192
-0.243212658109  876  74  73.7245263083  1.75426128492  -0.0092051610793
-0.243212658109  877  88  88.1129295011  1.75945033702  -0.00655478689705
-0.243212658109  878  103  102.574659772  1.81614047665  -0.0110473310628
-0.243212658109  878  117  117.16338002  1.81135797519  -0.0354410852599
-0.243212658109  879  132  131.95274824  1.79895033436  -0.00740488882584
-0.243212658109  879  147  146.76609468  1.7844819379  -0.00431976984271
-0.243212658109  880  162  161.83119147  1.78258330792  0.00576230872453
-0.243212658109  880  177  176.909969412  1.78806470352  -0.0361648763297
-0.243212658109  881  192  192.256446027  1.79419901169  -0.0014805550641
-0.243212658109  882  208  207.698612243  1.83027012856  0.0302047940224
-0.243212658109  882  223  223.262067262  1.80090471575  0.000768770583904
-0.243212658109  883  239  238.949118984  1.88214041852  -0.00710044390976
-0.243212658109  883  255  254.807012967  1.73912148123  -0.0243433632361
-0.243212658109  883  271  270.792659128  1.73974031074  -0.00749593810975
-0.243212658109  884  287  287.010935877  1.75361116824  -0.00223922762956
-0.243212658109  884  303  303.309855399  1.73684004677  0.0149298957861
-0.243212658109  885  320  319.806069426  1.76298515197  0.00680344162134
-0.243212658109  885  336  336.396638644  1.77507981382  0.0191073278566
-0.243212658109  885  353  353.126504734  1.8271674313  1.03267986111e-05
-0.243212658109  886  370  370.107405676  1.85187359778  0.00373174591244
-0.243212658109  886  387  387.187345129  1.87855536553  0.0113614854729
-0.243212658109  886  404  404.416715198  1.85367810413  0.00810957264285
-0.243212658109  886  422  421.827766041  1.88069489883  0.00562667583662
-0.243212658109  886  439  439.441009159  1.92324402517  -0.00145984198359
-0.243212658109  887  457  457.251141737  1.93011948188  0.000581358214103
-0.243212658109  887  475  475.145466537  1.89878525332  -0.0311158023184
-0.243212658109  887  493  493.310377659  1.92434032821  0.00180015232408
-0.243212658109  887  512  511.599230419  1.84045439827  -0.011067066453
-0.243212658109  887  530  530.110085143  1.8766615917  -0.0114483111318
-0.243212658109  887  549  548.753108118  1.838558419  -0.0390905859139
-0.243212658109  887  568  567.644161944  1.83423979307  -0.0202305432712
-0.243212658109  887  587  586.702224336  1.85316858623  -0.025574052927
-0.243212658109  887  606  605.97881667  1.92057785409  0.00845746199692
-0.243212658109  887  625  625.438044928  1.89203222052  0.0210691709447
-0.243212658109  887  645  645.084214109  1.9691961873  0.0290865357332
-0.243212658109  886  665  664.874795912  1.99335924116  -0.00185944613964
-0.243212658109  886  685  684.955809322  2.03060481315  0.00333923716744
-0.243212658109  886  705  705.242781544  2.0362331075  0.0198038062384
-0.243212658109  885  726  725.66188815  2.0489425377  -0.00267880408695
-0.243212658109  885  746  746.389247479  2.08970075634  0.000254177973916
-0.243212658109  885  767  767.315647821  2.12122311385  -0.0115652689616
-0.243212658109  884  788  788.435752265  2.09208726551  -0.029364534576
-0.243212658109  884  810  809.822642148  2.09663407792  -0.0512198825314
-0.243212658109  883  831  831.468005612  2.08133731206  -0.0272436289605
-0.243212658109  882  853  853.349900712  2.07939590336  -0.00215046046088
-0.243212658109  882  875  875.450597905  2.05938997239  -0.00651046904897
-0.243212658109  881  898  897.75142079  2.08906391886  -0.026409745989
-0.243212658109  880  920  920.399895434  2.10687827587  0.00376535660712
-0.243212658109  879  943  943.267087322  2.18550174557  0.00274911942434
-0.243212658109  878  966  966.385242032  2.20852908712  -0.00247182641489
-0.243212658109  877  990  989.758003044  2.27447202531  -0.0225922913826
-0.243212658109  876  1013  1013.44866404  2.32476539848  -0.00822830245139
-0.0491726581088  872  4  3.68518689747  1.84007408678  0.0359254546519
-0.0491726581088  872  17  17.4273358958  1.83338588818  0.0329188945348
-0.0491726581088  873  31  31.2668717704  1.77695196858  0.00938031258325
-0.0491726581088  874  45  45.3132080529  1.75338479546  0.00870651131689
-0.0491726581088  875  59  59.4555994013  1.73467942172  0.00080485667132
-0.0491726581088  875  74  73.6281665622  1.75540960931  -0.00178034310163
-0.0491726581088  876  88  88.0145088977  1.7479980632  -0.0115013475209
-0.0491726581088  877  103  102.530388097  1.86561332627  0.0432260861637
-0.0491726581088  877  117  117.074457033  1.80668471709  -0.0286396722102
-0.0491726581088  878  132  131.872318374  1.81432076127  0.00639485666438
-0.0491726581088  878  147  146.689423765  1.79696172679  0.00876490927157
-0.0491726581088  879  162  161.748838255  1.7929610708  0.0164459903746
-0.0491726581088  880  177  176.880656965  1.85503018447  -0.0181872193889
-0.0491726581088  880  192  192.168312252  1.79213361213  -0.00021010058103
-0.0491726581088  881  208  207.654561718  1.79270607803  0.0335819478294
-0.0491726581088  881  223  223.164011633  1.79594838192  -0.00374527811981
-0.0491726581088  882  239  238.917253477  1.77951837779  0.0182736624463
-0.0491726581088  882  255  254.736173136  1.73408743954  -0.0101251264169
-0.0491726581088  882  271  270.710093704  1.68671827074  -0.0265851542429
-0.0491726581088  883  287  286.931560726  1.74051241686  -0.00091549690746
-0.0491726581088  883  303  303.227622309  1.76388416616  0.0135835997573
-0.0491726581088  884  320  319.725922459  1.75989589808  0.00595558837899
-0.0491726581088  884  336  336.331427176  1.78579844793  0.0277855976616
-0.0491726581088  884  353  353.04732978  1.83987211482  0.0055629518565
-0.0491726581088  885  370  370.033030501  1.83077612988  0.00799006284385
-0.0491726581088  885  387  387.104226169  1.86386588885  0.00415734833142
-0.0491726581088  885  404  404.341915585  1.86594105296  0.00585027710662
-0.0491726581088  885  422  421.75873127  1.87577666896  0.0053574030419
-0.0491726581088  886  439  439.420463888  1.89083090621  0.00242965325423
-0.0491726581088  886  457  457.170960086  1.92010957055  -0.00910413997513
-0.0491726581088  886  475  475.095478637  1.92292925591  -0.0246850324265
-0.0491726581088  886  493  493.24269474  1.92089054676  -0.0103387545527
-0.0491726581088  886  512  511.547759247  1.84859443642  -0.00494954007596
-0.0491726581088  886  530  530.043034102  1.86881566748  -0.0224867116
-0.0491726581088  886  549  548.699957034  1.8221268408  -0.0436158730351
-0.0491726581088  886  568  567.592987367  1.82896646463  -0.016466833278
-0.0491726581088  886  587  586.660096332  1.82977997148  -0.0119084016315
-0.0491726581088  886  606  605.92693106  1.93436977999  0.00884064311074
-0.0491726581088  886  625  625.393264652  1.90301644651  0.0224677754599
-0.0491726581088  886  645  645.036561653  1.98559859245  0.0112238834051
-0.0491726581088  885  665  664.831090262  1.98115038245  -0.00305097929027
-0.0491726581088  885  685  684.914667959  2.00869612638  0.0107708626328
-0.0491726581088  885  705  705.213962475  2.04769634374  0.0312021566708
-0.0491726581088  884  726  725.639263453  2.05157021481  0.010477957902
-0.0491726581088  884  746  746.347095802  2.09465150749  -0.00361318375953
-0.0491726581088  884  767  767.301201569  2.12864994095  0.00119905717673
-0.0491726581088  883  788  788.398332193  2.10301996114  -0.0281019757613
-0.0491726581088  883  810  809.797256742  2.07686258389  -0.0587922670441
-0.0491726581088  882  831  831.455031141  2.060618239  -0.0236349088267
-0.0491726581088  881  853  853.328066637  2.05803142249  -0.00662749649674
-0.0491726581088  881  875  875.44125844  2.06937838698  0.00472130240189
-0.0491726581088  880  898  897.748200605  2.0874999436  -0.0212964127007
-0.0491726581088  879  920  920.384930286  2.13471999932  0.0161075937099
-0.0491726581088  878  943  943.244609702  2.19766908504  0.00302028018073
-0.0491726581088  877  966  966.370472257  2.19424531207  -0.00492240559774
-0.0491726581088  876  990  989.752973167  2.27252309942  -0.020672554409
-0.0491726581088  875  1013  1013.43643394  2.33738970834  -0.0129575038627
0.144867341891  871  4  3.57694846391  1.85601116733  0.0343333912048
0.144867341891  872  17  17.353654801  1.89165620465  0.0508561832938
0.144867341891  872  31  31.1666079688  1.75958722058  0.000230666224073
0.144867341891  873  45  45.2088675502  1.77594095625  0.00800332704079
0.144867341891  874  59  59.3570219607  1.74299952608  -0.0037605318037
0.144867341891  874  74  73.5290830426  1.75508681356  -0.0162939641362
0.144867341891  875  88  87.9244830707  1.75019970137  5.04024782138e-05
0.144867341891  876  102  102.429183186  1.78052801738  -0.0195933852082
0.144867341891  876  117  116.974665042  1.77980666339  -0.0200373815259
0.144867341891  877  132  131.778600375  1.81857278372  0.00966814415463
0.144867341891  877  147  146.590177956  1.78313696705  -0.00809223089036
0.144867341891  878  162  161.661027647  1.80782223006  0.0256114369228
0.144867341891  879  177  176.848951411  1.78567535352  0.0499079947004
0.144867341891  879  192  192.082619968  1.78904204157  0.00597606651017
0.144867341891  880  208  207.56612958  1.81398696056  0.0265386452116
0.144867341891  880  223  223.074188521  1.79112962558  -0.0116534146845
0.144867341891  881  239  238.818661711  1.77409009924  -0.0142822516676
0.144867341891  881  255  254.669843661  1.71874354308  0.00597548899999
0.144867341891  882  271  270.677885076  1.74191782355  -0.0083905725152
0.144867341891  882  287  286.837746615  1.73900933784  -0.0173195588683
0.144867341891  882  303  303.139898067  1.76785102693  0.00353326397692
0.144867341891  883  320  319.653113901  1.76140270613  0.0161805330552
0.144867341891  883  336  336.253312482  1.7993372346  0.0251725182551
0.144867341891  883  353  352.976151213  1.83089124918  0.00330692877281
0.144867341891  884  370  369.96719675  1.84846438211  0.0114789475297
0.144867341891  884  387  387.050376474  1.86556329908  0.0139151014627
0.144867341891  884  404  404.288719923  1.87474140719  0.0115784956882
0.144867341891  884  422  421.697521818  1.87694347773  0.00888451860221
0.144867341891  885  439  439.360156059  1.89023991752  0.0043446959739
0.144867341891  885  457  457.11916876  1.89594953986  -0.00375159501906
0.144867341891  885  475  475.040924552  1.91530226039  -0.0161042348753
0.144867341891  885  493  493.183730106  1.92365776619  -0.00780990615998
0.144867341891  885  511  511.488686809  1.85263400424  -0.0113766004361
0.144867341891  885  530  529.968910898  1.89554862321  -0.0329264089963
0.144867341891  885  549  548.658468546  1.8200306566  -0.02833474881
0.144867341891  885  568  567.534811944  1.82187972052  -0.0204670243456
0.144867341891  885  587  586.605753661  1.83846849793  -0.0124216952015
0.144867341891  885  606  605.869294593  1.91622561755  0.00137894501434
0.144867341891  885  625  625.349010778  1.90011999474  0.0289082301687
0.144867341891  885  645  644.984515293  1.96086553103  0.00901818084873
0.144867341891  884  665  664.797738741  1.99027781226  2.27584713874e-05
0.144867341891  884  685  684.874589463  1.9904312321  0.00996561503849
0.144867341891  884  705  705.16077035  2.06228154568  0.0236171152846
0.144867341891  883  726  725.61607143  2.02467101483  0.0143505434879
0.144867341891  883  746  746.316830696  2.11228784669  0.00735015065375
0.144867341891  883  767  767.23830077  2.11923435476  -0.014973013268
0.144867341891  882  788  788.37017222  2.09657433051  -0.0310483539184
0.144867341891  882  810  809.789044215  2.06852840299  -0.048975219538
0.144867341891  881  831  831.422476567  2.07470513026  -0.0199209306158
0.144867341891  880  853  853.292330885  2.09051575135  -0.0154632261054
0.144867341891  880  875  875.412710293  2.03424328802  -0.00219597821187
0.144867341891  879  898  897.713199925  2.06077657247  -0.0232357875398
0.144867341891  878  920  920.382215374  2.1378933867  0.029601519525
0.144867341891  877  943  943.223599783  2.2061025872  0.00434580090795
0.144867341891  876  966  966.367710224  2.22203286082  0.00600714286875
0.144867341891  875  990  989.73046907  2.26784301152  -0.0229622270547
0.144867341891  874  1013  1013.44712496  2.33322008141  0.00700989632089
0.338907341891  870  3  3.46626535216  1.8809199129  0.0155150262846
0.338907341891  871  17  17.2766200136  1.76803907519  0.0564244911693
0.338907341891  871  31  31.0639677137  1.75191518844  0.0116213795871
0.338907341891  872  45  45.0870424878  1.768603828  -0.0014419778785
0.338907341891  873  59  59.262009187  1.74237569666  0.00384597977664
0.338907341891  873  73  73.4236670802  1.75919093584  -0.0156548244764
0.338907341891  874  88  87.8359223858  1.75924360952  0.00965627335596
0.338907341891  875  102  102.33090888  1.7765035  -0.0302320677047
0.338907341891  875  117  116.884700769  1.77987107214  -0.0192808463019
0.338907341891  876  132  131.688740445  1.8153500564  0.00481930584236
0.338907341891  876  147  146.504327417  1.87834510285  -0.0363830902262
0.338907341891  877  162  161.562931982  1.81767902091  0.00906567226719
0.338907341891  878  177  176.755373253  1.77217641131  0.0172906159551
0.338907341891  878  192  191.98769754  1.79026714763  0.00288970227889
0.338907341891  879  207  207.480551264  1.82211576117  0.0158191532781
0.338907341891  879  223  222.979924558  1.7931607536  -0.0132315008679
0.338907341891  880  239  238.750087251  1.75498735776  -0.00184726893402
0.338907341891  880  255  254.586825887  1.72760255073  0.00125379127227
0.338907341891  881  271  270.636071909  1.70894817618  -0.00577185779144
0.338907341891  881  287  286.75365182  1.73439477238  -0.0185596467962
0.338907341891  881  303  303.06391589  1.76641266558  0.0180152235944
0.338907341891  882  320  319.585725134  1.75203300078  0.0144473504152
0.338907341891  882  336  336.182165872  1.80720282429  0.03266589718
0.338907341891  882  353  352.905258298  1.83767746417  0.0108593402759
0.338907341891  883  370  369.894113871  1.84622773508  0.0168888707854
0.338907341891  883  387  386.974119108  1.8573653204  0.00804874882786
0.338907341891  883  404  404.218109029  1.87676806566  0.00481059205669
0.338907341891  883  422  421.640780811  1.85892588376  0.0177659932231
0.338907341891  884  439  439.29005662  1.90303704555  -0.00137713210514
0.338907341891  884  457  457.046737135  1.92383685996  -0.00894902228489
0.338907341891  884  475  474.985551137  1.87999023576  -0.0142825165344
0.338907341891  884  493  493.121793704  1.92774947626  -0.0155994419102
0.338907341891  884  511  511.444614563  1.86334239377  0.000175855415183
0.338907341891  884  530  529.917938563  1.86861103067  -0.0254670644263
0.338907341891  884  549  548.604868886  1.81322873499  -0.0279308126448
0.338907341891  884  567  567.496247324  1.81905940189  -0.00360338556836
0.338907341891  884  587  586.55988227  1.83570650356  -0.00650324312951
0.338907341891  884  606  605.82325998  1.91070554889  0.000990404697331
0.338907341891  884  625  625.307810641  1.90392851163  0.0298701584997
0.338907341891  884  645  644.939769156  1.96055061029  0.0154769337759
0.338907341891  883  665  664.743626727  1.96784536056  -0.002829089537
0.338907341891  883  685  684.832573893  1.98418110473  0.00781552143715
0.338907341891  883  705  705.11274759  2.06905072659  0.0155134857476
0.338907341891  883  726  725.588508456  2.04799305658  0.00774195767585
0.338907341891  882  746  746.285022956  2.11392700937  0.0098014325215
0.338907341891  882  767  767.205344204  2.1341342222  -0.017941458975
0.338907341891  881  788  788.358705825  2.11435264883  -0.0219376053179
0.338907341891  881  810  809.739569294  2.08633294627  -0.0538071895335
0.338907341891  880  831  831.399709096  2.07712035247  -0.0148581381395
0.338907341891  879  853  853.272611074  2.0738711236  -0.0120411635268
0.338907341891  879  875  875.396490166  2.04123955733  0.00269960036748
0.338907341891  878  898  897.700452166  2.08368725306  -0.0149475784423
0.338907341891  877  920  920.349277292  2.13562195707  0.0183723123251
0.338907341891  876  943  943.196537159  2.21833309375  0.000284263059471
0.338907341891  875  966  966.350382982  2.21557328631  0.0114023002865
0.338907341891  874  990  989.714736773  2.26310716188  -0.0233202886807
0.338907341891  873  1013  1013.44889711  2.31360557858  0.0115411886256
0.532947341891  869  3  3.3493179271  1.88298474557  -0.00275261568766
0.532947341891  870  17  17.1594722847  1.80325301612  0.0305093261535
0.532947341891  870  31  30.955612675  1.75850173502  0.0177471020941
0.532947341891  871  45  44.9951467673  1.74985407286  0.0109816255502
0.532947341891  872  59  59.1445031381  1.74537408244  -0.0131079608933
0.532947341891  872  73  73.3310250688  1.75733029264  -0.0178179066447
0.532947341891  873  88  87.7327612634  1.77238452112  0.00293772920953
0.532947341891  874  102  102.241496379  1.75779196832  -0.0236297334161
0.532947341891  874  117  116.797539407  1.78045964722  0.0021694129176
0.532947341891  875  132  131.596977965  1.80704225102  0.00918973932662
0.532947341891  876  147  146.511376619  1.86958614392  0.0430430634577
0.532947341891  876  161  161.466487018  1.81568090175  -0.00209221242045
0.532947341891  877  177  176.66343439  1.78747134211  0.0204300094526
0.532947341891  877  192  191.899004307  1.78470405127  0.0136866344994
0.532947341891  878  207  207.398538357  1.82893037457  0.0164240412511
0.532947341891  878  223  222.894906694  1.77123728524  -0.0137907013825
0.532947341891  879  239  238.658496324  1.74175586945  -0.00446806490645
0.532947341891  879  255  254.504446759  1.71711611746  0.00959707353295
0.532947341891  880  271  270.559210812  1.69652326419  -0.000136560834028
0.532947341891  880  287  286.680423364  1.71471669612  -0.0128409708544
0.532947341891  880  303  302.982396971  1.77588778354  0.0172262421625
0.532947341891  881  320  319.517081682  1.76170063151  0.022715450176
0.532947341891  881  336  336.101973661  1.80636602384  0.0332010948788
0.532947341891  881  353  352.833688101  1.82170446184  0.0129518534012
0.532947341891  882  370  369.814586237  1.84860084881  0.00963393695889
0.532947341891  882  387  386.891088446  1.85978958933  0.00619136183722
0.532947341891  882  404  404.141770406  1.86968754502  0.00531111367149
0.532947341891  882  422  421.574034178  1.91943860318  -0.0179878458284
0.532947341891  883  439  439.217628446  1.91348834195  -0.002502042276
0.532947341891  883  457  456.963119901  1.90189389317  -0.0198067847387
0.532947341891  883  475  474.914411688  1.88896604676  -0.0225075384
0.532947341891  883  493  493.05075395  1.92917884347  -0.0250461879312
0.532947341891  883  511  511.374680154  1.87225617771  -0.00251834977941
0.532947341891  883  530  529.85134707  1.86003190329  -0.0280510667302
0.532947341891  883  549  548.567103293  1.82170501261  -0.00330840462217
0.532947341891  883  567  567.453891626  1.82560061879  0.00542801898333
0.532947341891  883  587  586.522531058  1.82648599707  0.00742658170753
0.532947341891  883  606  605.765731688  1.91432757516  -0.00685637988792
0.532947341891  883  625  625.25828983  1.92584082396  0.0270948299802
0.532947341891  883  645  644.892985601  1.98023447924  0.00669075799811
0.532947341891  882  665  664.694835144  1.93738123494  -0.0276090701288
0.532947341891  882  685  684.773690594  2.00036807665  -0.00417231091333
0.532947341891  882  705  705.065232587  2.05971680081  0.0147851692006
0.532947341891  882  726  725.567819208  2.05445686725  0.0221921586595
0.532947341891  881  746  746.235908021  2.09962190811  -0.000724124669868
0.532947341891  881  767  767.177880851  2.14736113788  -0.0103044830931
0.532947341891  880  788  788.333169201  2.12006309063  -0.0235105261441
0.532947341891  880  810  809.732526664  2.0870254829  -0.0372714341003
0.532947341891  879  831  831.375971242  2.08081312701  -0.00917699190559
0.532947341891  879  853  853.257189725  2.09364376787  -0.000905900503764
0.532947341891  878  875  875.374695443  2.06255062013  0.00512366491158
0.532947341891  877  898  897.671550709  2.08434626033  -0.0220761006946
0.532947341891  876  920  920.332321769  2.12285510936  0.0176399922867
0.532947341891  875  943  943.186534831  2.19865223629  0.00969321561076
0.532947341891  874  966  966.317009445  2.2205419959  -0.00148841721296
0.532947341891  873  990  989.704313899  2.23464060355  -0.0210632215917
0.532947341891  872  1013  1013.40981673  2.34745325956  -0.00234486543307
0.726987341891  868  3  3.23609792055  1.86984119922  -0.0228450752032
0.726987341891  869  17  17.0356151496  1.79333162786  0.0172179246684
0.726987341891  869  31  30.8359274592  1.72615325514  -0.0157686039671
0.726987341891  870  45  44.8852464209  1.74444485993  0.0100240469165
0.726987341891  871  59  59.0462011028  1.73075855186  -0.000564462366321
0.726987341891  871  73  73.2011294599  1.80317578106  -0.0877987769953
0.726987341891  872  88  87.6419343702  1.76473077762  0.00179936383145
0.726987341891  873  102  102.150461165  1.77390189895  -0.0152107722885
0.726987341891  873  117  116.688339117  1.78218173506  -0.00819067368887
0.726987341891  874  131  131.493147104  1.8231586588  -0.00977249816314
0.726987341891  875  146  146.422392589  1.76438877872  0.0132486176434
0.726987341891  875  161  161.367000931  1.81431164863  -0.0197849271307
0.726987341891  876  177  176.57941547  1.80011211893  0.0169284325069
0.726987341891  876  192  191.807833275  1.7999618902  0.0212356556553
0.726987341891  877  207  207.308957885  1.81763166357  0.0149897614917
0.726987341891  877  223  222.813766064  1.7567948868  0.00882697198019
0.726987341891  878  239  238.592504574  1.76072195926  0.0127792896281
0.726987341891  878  254  254.426780784  1.72321683003  0.0163318329568
0.726987341891  879  270  270.490484514  1.71014204418  0.00831804765712
0.726987341891  879  287  286.603765974  1.70772886239  -0.00345293242717
0.726987341891  879  303  302.883292445  1.74651657342  -0.00800910792478
0.726987341891  880  319  319.443154376  1.74801756875  0.0273805747308
0.726987341891  880  336  336.009079556  1.8193476793  0.0262390623613
0.726987341891  880  353  352.771221336  1.89695664776  -0.00983351786832
0.726987341891  881  370  369.744807337  1.83691348801  0.0166767924302
0.726987341891  881  387  386.821123276  1.84547495805  0.00554422654268
0.726987341891  881  404  404.072476457  1.86200406724  0.0165298081013
0.726987341891  882  422  421.572042756  1.86044466869  0.00952689392632
0.726987341891  882  439  439.147728776  1.89035454944  -0.00939159908924
0.726987341891  882  457  456.903548807  1.91432827988  -0.0142919652891
0.726987341891  882  475  474.85281081  1.89637698881  -0.016673795844
0.726987341891  882  493  492.988066741  1.9074825721  -0.0217995111061
0.726987341891  882  511  511.315192893  1.89493831938  -0.0029169278232
0.726987341891  882  530  529.799966128  1.86087364881  -0.0266306226469
0.726987341891  882  549  548.526984053  1.80833068383  0.00213847069651
0.726987341891  882  567  567.408785827  1.85547021299  0.00928472003504
0.726987341891  882  586  586.484924637  1.82659574291  0.0139355058614
0.726987341891  882  606  605.719209871  1.87722087321  0.00137547041874
0.726987341891  882  625  625.198684668  1.93457602565  0.0230962442415
0.726987341891  882  645  644.831025538  1.94775465277  -0.00922213154952
0.726987341891  882  665  664.710115713  1.96179349581  0.00176495673692
0.726987341891  881  685  684.733652144  1.97487422713  6.93883619532e-06
0.726987341891  881  705  705.033630303  2.07522296133  0.018620836845
0.726987341891  881  726  725.52494974  2.04113528139  0.0122279200604
0.726987341891  880  746  746.196986988  2.09938083031  -0.00611438635761
0.726987341891  880  767  767.141530047  2.15496274392  -0.0206805465972
0.726987341891  879  788  788.293449893  2.11263170778  -0.014223365798
0.726987341891  879  810  809.70965092  2.08582782888  -0.0338450980151
0.726987341891  878  831  831.343301898  2.06712976404  -0.00916266258921
0.726987341891  878  853  853.256827165  2.10441807343  0.00295787166401
0.726987341891  877  875  875.345509917  2.06518601861  0.0132973256188
0.726987341891  876  898  897.653303383  2.07404408706  -0.0184155827557
0.726987341891  875  920  920.311255995  2.13187425022  0.0160523011671
0.726987341891  874  943  943.175942238  2.1925176807  0.0025217708896
0.726987341891  874  966  966.309873294  2.19730853826  0.00622784740329
0.726987341891  872  990  989.703088332  2.24628974873  -0.0115348659193
0.726987341891  871  1013  1013.37924525  2.33697117673  -0.0045426412266
0.921027341891  867  3  3.1153657434  1.83461533947  -0.0433313527028
0.921027341891  868  17  16.9327037006  1.79248543389  0.0254141049134
0.921027341891  868  31  30.7689835215  1.84985116233  -0.00372813683065
0.921027341891  869  45  44.7768034052  1.72992453845  0.00631974419565
0.921027341891  870  59  58.9396314864  1.72779072046  -0.00106172482814
0.921027341891  870  73  73.1721616095  1.82352724841  -0.00218207267435
0.921027341891  871  88  87.5291608856  1.77286664342  -0.00485685594967
0.921027341891  872  102  102.050672754  1.77315930799  -0.00414451114972
0.921027341891  872  117  116.601928242  1.77598515614  -0.0148630936793
0.921027341891  873  131  131.391001062  1.83091830264  -0.0103991782517
0.921027341891  874  146  146.3194865  1.78227758325  -0.00311293418501
0.921027341891  874  161  161.271494622  1.82565617382  -0.0191074178139
0.921027341891  875  176  176.491790787  1.79925842896  0.0122084571819
0.921027341891  875  192  191.725945347  1.79598404794  0.0240968916968
0.921027341891  876  207  207.204156437  1.80179970773  -0.00299265076686
0.921027341891  876  223  222.729880767  1.74606130518  0.00858671399904
0.921027341891  877  239  238.509842281  1.74376865454  0.0247632852707
0.921027341891  877  254  254.346601316  1.72348839625  0.0117515411143
0.921027341891  878  270  270.416266796  1.70220360423  0.0141024249729
0.921027341891  878  287  286.541494412  1.69633564329  0.00663516784465
0.921027341891  878  303  302.839860183  1.81457800004  -0.0102314149407
0.921027341891  879  319  319.361627375  1.76711384906  0.0215729462614
0.921027341891  879  336  335.942807562  1.80758304254  0.0313398175851
0.921027341891  880  353  352.756007867  1.82127988816  0.00914936638678
0.921027341891  880  370  369.669625177  1.82717381089  0.0208705418959
0.921027341891  880  387  386.752304616  1.86023874508  0.00564817954885
0.921027341891  880  404  404.010152896  1.8792406118  0.0078531643998
0.921027341891  881  422  421.510900151  1.88119422433  0.0251456845166
0.921027341891  881  439  439.082832627  1.90624796256  -0.00529624704494
0.921027341891  881  457  456.844678997  1.89351176373  -0.00722651535367
0.921027341891  881  475  474.785283456  1.86506165432  -0.0151006621639
0.921027341891  881  493  492.927990714  1.90338419071  -0.0180494079418
0.921027341891  881  511  511.272303046  1.88912262177  0.00342575293474
0.921027341891  881  530  529.742478707  1.86079796987  -0.0251746923295
0.921027341891  881  548  548.473627964  1.81177344232  0.00394561221436
0.921027341891  881  567  567.358530784  1.84899866617  0.0202075372705
0.921027341891  881  586  586.436526144  1.81717012868  0.0205215494689
0.921027341891  881  606  605.682453174  1.87759298213  0.00540495109586
0.921027341891  881  625  625.141836387  1.94004164986  0.0083560218109
0.921027341891  881  645  644.780692861  1.90411771164  -0.0277888288161
0.921027341891  881  665  664.663685981  1.93415146104  0.00347609811392
0.921027341891  880  685  684.708628329  1.99160958921  0.00636018551558
0.921027341891  880  705  704.991335986  2.0699396674  0.0086215725795
0.921027341891  880  725  725.493229666  2.03026909778  0.0161392151685
0.921027341891  879  746  746.174463863  2.1117789534  0.00363293017689
0.921027341891  879  767  767.11376692  2.14513776936  -0.00976306423626
0.921027341891  878  788  788.247500478  2.12811919486  -0.0262955509014
0.921027341891  878  810  809.676083965  2.0867876484  -0.0411459185178
0.921027341891  877  831  831.316336997  2.08298749337  -0.00655771599202
0.921027341891  877  853  853.21336768  2.11306958367  -0.00260261619191
0.921027341891  876  875  875.317953339  2.08169361272  0.0101890487408
0.921027341891  875  898  897.626759308  2.05383451935  -0.00855013910589
0.921027341891  874  920  920.287615053  2.14512042937  0.00973892221992
0.921027341891  873  943  943.154077666  2.19574078828  0.000569772403448
0.921027341891  873  966  966.306959121  2.2174213071  0.0083514953988
0.921027341891  872  990  989.683703247  2.22757998233  -0.00238575160422
0.921027341891  870  1013  1013.37159746  2.34578904597  -0.0116129149112
1.11506734189  866  3  3.01000301965  1.80284024952  -0.0337082926169
1.11506734189  867  17  16.813117874  1.75542641307  0.0218761845971
1.11506734189  867  31  30.6660814639  1.86725124065  -0.026201405686
1.11506734189  868  45  44.6774575411  1.71893122979  0.0166693683091
1.11506734189  869  59  58.8406574654  1.73036942321  0.00354328398833
1.11506734189  870  73  73.0776555867  1.86237518648  -2.62446704941e-05
1.11506734189  870  87  87.4302021932  1.77470089431  -0.0154426692318
1.11506734189  871  102  101.959794449  1.77487035499  0.00604148437056
1.11506734189  871  117  116.503891512  1.89017930196  -0.0633152176353
1.11506734189  872  131  131.293731751  1.81569155409  -0.0246095742538
1.11506734189  873  146  146.22745871  1.78639488739  -0.00528269305246
1.11506734189  873  161  161.182796862  1.81169506151  -0.018019832906
1.11506734189  874  176  176.398272386  1.80094769111  0.0128549772924
1.11506734189  874  192  191.637192604  1.79931846167  0.0183105033912
1.11506734189  875  207  207.110484099  1.81976692869  -0.00388332295034
1.11506734189  875  223  222.648212815  1.74797384684  0.0178765507095
1.11506734189  876  238  238.422310392  1.74918557909  0.0142436682801
1.11506734189  876  254  254.274185462  1.73064287284  0.0187602312894
1.11506734189  877  270  270.333840678  1.70781221181  0.0157312097568
1.11506734189  877  286  286.470539089  1.68543302661  0.0196544979735
1.11506734189  878  303  302.835595136  1.76868511832  0.0387329306799
1.11506734189  878  319  319.283544777  1.77357891307  0.0201684084692
1.11506734189  878  336  335.851332771  1.80672868644  0.0213334067589
1.11506734189  879  353  352.684801298  1.81265721525  0.0155857156745
1.11506734189  879  370  369.600823636  1.84309531283  0.0165294798646
1.11506734189  879  387  386.682160002  1.84375053654  0.0122606138113
1.11506734189  879  404  403.940243529  1.8672313141  0.0101011698532
1.11506734189  880  421  421.455619416  1.88329775207  0.028167157582
1.11506734189  880  439  439.013777486  1.92807589568  -0.00391364944349
1.11506734189  880  457  456.77556277  1.90760314927  -0.0112105718924
1.11506734189  880  475  474.725533866  1.86585944862  -0.00847647540021
1.11506734189  880  493  492.861665724  1.88865301215  -0.0243909572208
1.11506734189  880  511  511.199859328  1.90150739966  -0.00651330761538
1.11506734189  880  530  529.692704325  1.84327641061  -0.0243612040026
1.11506734189  880  548  548.436318313  1.83915380779  0.0216755434759
1.11506734189  880  567  567.310895316  1.8668533962  0.0224661182058
1.11506734189  880  586  586.384141017  1.84172035193  0.0252341320956
1.11506734189  880  606  605.627997923  1.87629168257  0.0059630798102
1.11506734189  880  625  625.121748537  1.95054001797  0.0293150196958
1.11506734189  880  645  644.728592763  1.87487282834  -0.0547900249611
1.11506734189  880  665  664.606752767  1.95497855959  -0.00107504728185
1.11506734189  879  685  684.663686445  1.96429355252  0.0193148174761
1.11506734189  879  705  704.953645945  2.04851652483  0.0166495222335
1.11506734189  879  725  725.455219111  2.03787665062  0.0161945518866
1.11506734189  878  746  746.146758916  2.10834874655  0.00496438353001
1.11506734189  878  767  767.089817742  2.14389183299  -0.000493533814748
1.11506734189  877  788  788.228964684  2.11410328418  -0.0143356239877
1.11506734189  877  810  809.642695024  2.06338239263  -0.0380734749723
1.11506734189  876  831  831.306518475  2.08160266908  0.00305314656441
1.11506734189  876  853  853.188400804  2.11845904338  0.000537704295845
1.11506734189  875  875  875.297823652  2.08005327606  0.00962101437566
1.11506734189  874  898  897.605951192  2.07243934063  -0.00972932383932
1.11506734189  873  920  920.295875034  2.15380965523  0.0248143917336
1.11506734189  873  943  943.150990457  2.18607391115  0.00422134500021
1.11506734189  872  966  966.293456346  2.2118223183  0.00573839717232
1.11506734189  871  990  989.687853653  2.2477145087  -0.00155390442001
1.11506734189  870  1013  1013.36808931  2.32990412981  0.00132571426553
1.30910734189  865  3  2.90569386791  1.79239074333  -0.0254912815012
1.30910734189  866  17  16.714625615  1.75813436395  0.0227490715432
1.30910734189  867  31  30.5860698309  1.77022048393  0.00856783372934
1.30910734189  867  45  44.5793218011  1.72305637482  0.0078641259556
1.30910734189  868  59  58.7393615968  1.72277899884  0.00151049393217
1.30910734189  869  73  73.0346604413  1.745296549  0.0435816705962
1.30910734189  869  87  87.3241573438  1.76435352647  -0.0248213085396
1.30910734189  870  102  101.859659282  1.78405080298  0.00872433660544
1.30910734189  870  116  116.466832549  1.83613945991  -0.00248965542092
1.30910734189  871  131  131.201745002  1.78457876099  -0.0186150944096
1.30910734189  872  146  146.140206458  1.7753745049  0.00104893410026
1.30910734189  872  161  161.090581303  1.79342823965  -0.00671592529932
1.30910734189  873  176  176.312925857  1.81156624299  0.0127417099057
1.30910734189  873  192  191.550050399  1.8000843745  0.0177055252914
1.30910734189  874  207  207.030160722  1.82818371721  0.00905098823584
1.30910734189  874  223  222.57113973  1.74950915541  0.0180871583488
1.30910734189  875  238  238.352450042  1.77549055141  0.0221882763102
1.30910734189  875  254  254.183929574  1.74536235959  0.0188696664508
1.30910734189  876  270  270.250693264  1.71639504449  0.0179936452244
1.30910734189  876  286  286.414759634  1.69546615312  0.032735221507
1.30910734189  877  303  302.745896948  1.74532643081  0.00511523896443
1.30910734189  877  319  319.205569796  1.77583226631  0.018422697131
1.30910734189  877  336  335.780730603  1.81004240233  0.0252956592992
1.30910734189  878  353  352.615885056  1.81664902873  0.0140764172111
1.30910734189  878  370  369.533732223  1.84175184036  0.010240011981
1.30910734189  878  387  386.61323848  1.82684884941  0.0153325576046
1.30910734189  878  404  403.874330134  1.86918405849  0.0135039322124
1.30910734189  879  421  421.383455655  1.89288121186  0.0222783564766
1.30910734189  879  439  438.940772142  1.90370138958  -0.00868983661902
1.30910734189  879  457  456.719714544  1.87306759323  -0.00161782085119
1.30910734189  879  475  474.674235763  1.85625145157  -0.000966156541724
1.30910734189  879  493  492.803343103  1.88848580018  -0.0222739893043
1.30910734189  879  511  511.134892073  1.91527346811  -0.019361802466
1.30910734189  879  530  529.643504754  1.83824631505  -0.00510704004184
1.30910734189  879  548  548.364138792  1.8275988358  0.0191479664155
1.30910734189  879  567  567.247706008  1.86222314952  0.00763792460214
1.30910734189  879  586  586.3428568  1.85212348827  0.0309862669654
1.30910734189  879  606  605.585652604  1.8765992549  0.00704273783824
1.30910734189  879  625  625.057176462  1.96161035149  0.0258443345219
1.30910734189  879  645  644.709973173  1.91004274086  0.0101563887109
1.30910734189  879  665  664.580912907  1.94219620139  0.0179400907172
1.30910734189  878  685  684.627896371  1.97231106541  0.0180292297548
1.30910734189  878  705  704.906624924  2.04648825055  0.0103256083987
1.30910734189  878  725  725.434038339  2.0546795582  0.0288258230012
1.30910734189  877  746  746.094947094  2.12094520127  0.00129019958959
1.30910734189  877  767  767.036902702  2.14112989189  -0.019083816966
1.30910734189  876  788  788.204686522  2.12989389124  -0.0192945564055
1.30910734189  876  810  809.607718775  2.08477624659  -0.0352019029521
1.30910734189  875  831  831.271446447  2.06801166688  0.00462850088764
1.30910734189  875  853  853.143972139  2.11076205779  -0.00451414661722
1.30910734189  874  875  875.274728026  2.09566856058  0.0111022929124
1.30910734189  873  898  897.592344754  2.06739255032  -0.00296501681076
1.30910734189  872  920  920.264563893  2.14114594985  0.0145500109489
1.30910734189  872  943  943.149972466  2.19483267473  0.0260214752092
1.30910734189  871  966  966.277069119  2.20387622067  0.00737546692641
1.30910734189  870  990  989.669566126  2.24400204642  -0.000538090013502
1.30910734189  869  1013  1013.3683935  2.33764370639  -0.00268069906362
1.50314734189  864  3  2.82519213382  1.81880757084  0.00706908632272
1.50314734189  865  17  16.6138936035  1.76038409183  0.0199644779535
1.50314734189  866  31  30.557388005  1.80744134245  0.0856956654416
1.50314734189  866  44  44.4786564865  1.71257060557  0.0108157317849
1.50314734189  867  59  58.6482798255  1.71575760888  0.00849734613337
1.50314734189  868  73  72.9074368606  1.75303645993  -0.00380862409327
1.50314734189  868  87  87.2320391891  1.74850294654  -0.0205548805385
1.50314734189  869  102  101.748163771  1.78890581809  -0.00340962991702
1.50314734189  870  116  116.426026507  1.88176427073  0.036083168844
1.50314734189  870  131  131.09462027  1.81020992987  -0.023351135779
1.50314734189  871  146  146.032794032  1.78096063987  -0.000747243769664
1.50314734189  871  161  160.994872413  1.78681821267  -0.00937010436052
1.50314734189  872  176  176.222180935  1.7852723328  0.00769022611886
1.50314734189  872  191  191.469818456  1.79418749828  0.0151090739209
1.50314734189  873  207  206.91671236  1.8076632967  -0.0088844523372
1.50314734189  873  222  222.479918318  1.75057037405  0.0159325213442
1.50314734189  874  238  238.267915132  1.76712048748  0.0187680279537
1.50314734189  874  254  254.098750817  1.75762946349  0.0228941890376
1.50314734189  875  270  270.176323501  1.74761196526  0.0166369119379
1.50314734189  875  286  286.326050285  1.70739864419  0.0209410900423
1.50314734189  876  303  302.666682994  1.73961240162  0.00196954941979
1.50314734189  876  319  319.131956907  1.79345921129  0.0188954377998
1.50314734189  876  336  335.706984381  1.82010308149  0.0114238108452
1.50314734189  877  353  352.539779715  1.80829375988  0.0147647652379
1.50314734189  877  369  369.465115575  1.82764006375  0.0108860141489
1.50314734189  877  387  386.552125768  1.83760159498  0.02224237489
1.50314734189  877  404  403.792876351  1.83065021215  -0.00771147398993
1.50314734189  878  421  421.313492243  1.89352604541  0.019625327608
1.50314734189  878  439  438.889601409  1.87023487179  0.00218698278381
1.50314734189  878  457  456.652911338  1.86349812598  -0.00336278693834
1.50314734189  878  475  474.628214469  1.86273099745  0.00115931630014
1.50314734189  878  493  492.742994559  1.87543728839  -0.014758793341
1.50314734189  878  511  511.083929218  1.9003549059  -0.0128029008006
1.50314734189  878  530  529.590280453  1.84661264049  -0.00309889015488
1.50314734189  878  548  548.326346417  1.80431910714  0.0426630111129
1.50314734189  878  567  567.202460767  1.88191441378  0.0146890631924
1.50314734189  878  586  586.277312071  1.85037079636  0.0227727674696
1.50314734189  878  606  605.537733422  1.85916815298  0.01570684876
1.50314734189  878  625  625.01154147  1.98781842107  0.0146025662924
1.50314734189  878  645  644.656177061  1.91587815674  -0.0010456138758
1.50314734189  878  665  664.542067841  1.93106212178  0.0192054587942
1.50314734189  877  685  684.573857533  1.94345088978  0.0207399991504
1.50314734189  877  705  704.859356502  2.04860409449  0.00432007102119
1.50314734189  877  725  725.398156621  2.0802994371  0.0321038487132
1.50314734189  876  746  746.065438675  2.10829496581  0.00644601090601
1.50314734189  876  767  767.005862286  2.13182451632  -0.0162663796989
1.50314734189  875  788  788.186087928  2.08164890501  -0.0110527445915
1.50314734189  875  810  809.580894233  2.09263496232  -0.0328871540952
1.50314734189  874  831  831.218897938  2.07603174082  -0.0124296907785
1.50314734189  874  853  853.112783115  2.10412645889  -0.01923176868
1.50314734189  873  875  875.250563922  2.07424116515  0.00623689545885
1.50314734189  872  898  897.571368609  2.02946022102  -0.00074027567006
1.50314734189  871  920  920.242848975  2.10373180845  0.0110250605741
1.50314734189  871  943  943.106054189  2.21523602807  0.00117232782009
1.50314734189  870  966  966.274672699  2.20852989157  0.00989293944516
1.50314734189  869  990  989.661446688  2.23228915248  0.000294881666327
1.50314734189  868  1013  1013.37159976  2.33056664763  0.0133099203397
1.69718734189  863  3  2.72416574201  1.83980563729  0.0240865449265
1.69718734189  864  17  16.5155490139  1.76440933864  0.021347351651
1.69718734189  865  30  30.4494732332  1.70636788025  0.0315200022659
1.69718734189  865  44  44.3786746059  1.70587876693  0.0161628237901
1.69718734189  866  59  58.5446594465  1.69851517975  -0.00491082514488
1.69718734189  867  73  72.8193687125  1.74501036453  0.00145648705739
1.69718734189  867  87  87.1347748064  1.7530298827  -0.0136172882196
1.69718734189  868  102  101.664422856  1.78773763704  0.00345034547527
1.69718734189  869  116  116.336964051  1.77139183606  0.0034635382246
1.69718734189  869  131  130.994341653  1.76685300977  -0.0158956942382
1.69718734189  870  146  145.948000054  1.79381827324  0.005448525089
1.69718734189  870  161  160.914082392  1.76979212306  0.00385356681319
1.69718734189  871  176  176.12128364  1.77588174242  0.00667147507637
1.69718734189  871  191  191.383039722  1.79368196244  0.0156961033149
1.69718734189  872  207  206.84658752  1.79632074722  0.0148414910492
1.69718734189  872  222  222.38708024  1.8019288132  -0.0241719202148
1.69718734189  873  238  238.192837694  1.78024124275  0.0331410953295
1.69718734189  873  254  254.011945719  1.75790254965  0.0109933391418
1.69718734189  874  270  270.089171166  1.76574989741  0.022897337386
1.69718734189  874  286  286.241408929  1.72718620742  0.0206866764573
1.69718734189  875  303  302.590908862  1.72610086591  0.00175786698791
1.69718734189  875  319  319.044604348  1.80483901427  0.0214320157561
1.69718734189  875  336  335.625024311  1.80172132947  0.0136639598032
1.69718734189  876  352  352.469570912  1.80023479072  0.0153924648013
1.69718734189  876  369  369.393390571  1.83872653165  0.0139469421471
1.69718734189  876  386  386.481991038  1.83537879915  0.018899864137
1.69718734189  877  404  403.81331557  1.86485501113  0.0527428370691
1.69718734189  877  421  421.23647652  1.88578783563  0.00902493787248
1.69718734189  877  439  438.813101567  1.86408621088  -0.00469323624902
1.69718734189  877  457  456.585044504  1.86957488748  -0.0021837985662
1.69718734189  877  475  474.575708508  1.89463605566  0.0609305188213
1.69718734189  877  493  492.68708722  1.86129557104  -0.00856140502449
1.69718734189  877  511  511.019732417  1.87153525972  -0.0185563332547
1.69718734189  877  530  529.527037643  1.8642722071  -0.00807922831119
1.69718734189  877  548  548.262289803  1.84517285645  0.0207190806308
1.69718734189  877  567  567.130102545  1.88038452436  0.00353754200489
1.69718734189  877  586  586.224306589  1.87226736607  0.0229956570691
1.69718734189  877  605  605.489085425  1.85729050905  0.0261503678431
1.69718734189  877  625  624.945176829  1.9640417091  0.00210291556838
1.69718734189  877  645  644.610620484  1.90188163393  0.00585309588694
1.69718734189  877  664  664.49381962  1.91412809515  0.0201105389186
1.69718734189  876  685  684.531625546  1.8988668694  -0.00893075554584
1.69718734189  876  705  704.821366018  2.03627917381  0.00674116250918
1.69718734189  876  725  725.361841785  2.06576111309  0.0309325814903
1.69718734189  875  746  746.031075916  2.09512835127  0.00918586863948
1.69718734189  875  767  766.960127203  2.1354812105  -0.0239579305516
1.69718734189  875  788  788.175314867  2.10779815643  -0.00405492754883
1.69718734189  874  810  809.567183619  2.05643692427  -0.0225911654448
1.69718734189  873  831  831.183555079  2.0780218154  -0.0194234981647
1.69718734189  873  853  853.086329947  2.10905359035  -0.0119347572283
1.69718734189  872  875  875.22506075  2.07775332991  0.00908819002935
1.69718734189  871  898  897.534174364  2.0304212016  -0.00585963402363
1.69718734189  871  920  920.247971226  2.15303224912  0.028814313648
1.69718734189  870  943  943.090157343  2.20216594372  0.00589997662377
1.69718734189  869  966  966.254936997  2.19996822203  0.0120962848306
1.69718734189  868  990  989.656299523  2.21998611823  0.00959617548856
1.69718734189  867  1013  1013.35429586  2.32159999069  0.0119172173284
1.89122734189  862  3  2.618308469  1.8668106872  0.0225144517015
1.89122734189  863  16  16.41640343  1.74444048872  0.0309740213231
1.89122734189  864  30  30.3505227704  1.71848987095  0.0291261893468
1.89122734189  864  44  44.2852745638  1.70503842155  0.0213075448395
1.89122734189  865  58  58.451076599  1.71214802964  0.00439811780899
1.89122734189  866  73  72.7117024939  1.73248289809  -0.000176618897731
1.89122734189  866  87  87.0248295427  1.76456921497  -0.0138198382102
1.89122734189  867  102  101.556705921  1.7989560034  -0.0143867079699
1.89122734189  868  116  116.229925676  1.79088507316  -0.00762365648223
1.89122734189  868  131  130.904768243  1.78046416633  -0.00653138693524
1.89122734189  869  146  145.855467496  1.80326096603  0.0144008648124
1.89122734189  869  161  160.814015328  1.77467005666  0.00401824485202
1.89122734189  870  176  176.032969899  1.79211327753  0.0134095557659
1.89122734189  870  191  191.270076916  1.81684638698  -0.0386785941556
1.89122734189  871  207  206.754309365  1.77311550631  0.0153461110559
1.89122734189  871  222  222.361158247  1.81988741555  0.0219310752534
1.89122734189  872  238  238.089665865  1.78523337258  0.0168057709313
1.89122734189  872  254  253.92026633  1.75332837322  0.00700690785839
1.89122734189  873  270  269.988377267  1.76636070868  0.0104935375099
1.89122734189  873  286  286.16020224  1.74045495153  0.0263972820376
1.89122734189  874  303  302.511985268  1.71893406495  0.00432063761701
1.89122734189  874  319  318.955591516  1.79807335143  0.0137232521691
1.89122734189  874  336  335.556114979  1.80718960026  0.0119409237167
1.89122734189  875  352  352.395510593  1.80755918563  0.01094712045
1.89122734189  875  369  369.315085153  1.84305409399  0.00803870542681
1.89122734189  875  386  386.40436236  1.8291637323  0.0101813502905
1.89122734189  876  404  403.732781927  1.8317320765  0.0104543895056
1.89122734189  876  421  421.169784705  1.88959361408  0.0115607714893
1.89122734189  876  439  438.753474907  1.85072666066  0.000645312254779
1.89122734189  876  457  456.528681973  1.87832202129  0.00426431188578
1.89122734189  876  474  474.49269631  1.86679937244  0.00219111783443
1.89122734189  876  493  492.612996656  1.87485350428  -0.0195477766297
1.89122734189  876  511  510.956393453  1.86626942375  -0.017879997808
1.89122734189  876  529  529.472583673  1.84123832731  -0.00134444939962
1.89122734189  876  548  548.196876839  1.86524645114  0.00881067415688
1.89122734189  876  567  567.058819181  1.90648757228  -0.00399771038986
1.89122734189  876  586  586.169418798  1.86773912781  0.0245628844995
1.89122734189  876  605  605.433275989  1.87091018401  0.0258796534485
1.89122734189  876  625  624.885783691  1.93895553993  0.00484582770223
1.89122734189  876  645  644.566457806  1.88401657641  0.00644746798153
1.89122734189  876  664  664.448850099  1.93889782183  0.0225795095119
1.89122734189  876  685  684.541002741  1.9158068789  0.0580694619375
1.89122734189  875  705  704.782679555  2.01487665931  0.00744328040145
1.89122734189  875  725  725.309502019  2.06025604889  0.0247936433435
1.89122734189  874  746  745.998413833  2.0542030921  -0.00320974720005
1.89122734189  874  767  766.914276245  2.12441010216  -0.0253319122623
1.89122734189  874  788  788.129583131  2.12000252627  -0.0153537225591
1.89122734189  873  810  809.527474679  2.07474521583  -0.0148455667714
1.89122734189  872  831  831.156445731  2.08964710022  -0.0209443664391
1.89122734189  872  853  853.056756799  2.10039045344  -0.0144306562851
1.89122734189  871  875  875.198897558  2.08803940954  0.0130114446524
1.89122734189  870  898  897.522292444  2.04687194305  0.00357010745901
1.89122734189  870  920  920.216632788  2.15227108008  0.0333722119734
1.89122734189  869  943  943.076014884  2.20924514141  0.0100880535415
1.89122734189  868  966  966.230577844  2.20532688911  0.0109796324299
1.89122734189  867  990  989.649721533  2.24316907052  0.00501669464829
1.89122734189  866  1013  1013.33646782  2.33033766789  0.0147790629167
2.08526734189  861  2  2.48254358325  1.93168502838  -0.00234067351329
2.08526734189  862  16  16.320679662  1.73925472487  0.0506985825971
2.08526734189  863  30  30.2557174482  1.72826397182  0.0382612892574
2.08526734189  863  44  44.1684593747  1.71959216017  0.0435854575376
2.08526734189  864  58  58.3455749977  1.68882950373  0.00850960397392
2.08526734189  865  73  72.6025637111  1.72110294565  -0.0193345548343
2.08526734189  865  87  86.9070638326  1.74737380572  -0.0148769969176
2.08526734189  866  101  101.456256294  1.78916809603  -0.0239294682659
2.08526734189  867  116  116.128531662  1.79475516667  -0.00418995645654
2.08526734189  867  131  130.813791304  1.79516824815  0.0115237296635
2.08526734189  868  146  145.760756693  1.81082295185  0.0141278309426
2.08526734189  868  161  160.717766975  1.76842649399  0.015942236011
2.08526734189  869  176  175.939166081  1.79119140232  0.0238512545521
2.08526734189  869  191  191.278865991  1.88853749941  0.0293445788143
2.08526734189  870  207  206.664498603  1.77730066114  0.0176775810408
2.08526734189  871  222  222.302673361  1.8659521022  0.0415548647774
2.08526734189  871  238  237.996277998  1.78084420822  0.0129766210046
2.08526734189  871  254  253.808340055  1.71908729383  -0.0316408569478
2.08526734189  872  270  269.901735284  1.76660794193  0.00917277672502
2.08526734189  872  286  286.068599674  1.74301425336  0.023829173959
2.08526734189  873  302  302.434331767  1.70322459023  0.0148579464652
2.08526734189  873  319  318.87483449  1.7953543422  0.0113905548966
2.08526734189  873  335  335.492021976  1.78088229274  0.019697432196
2.08526734189  874  352  352.320448891  1.80126393668  0.0163571117459
2.08526734189  874  369  369.244182512  1.84310333907  0.0115848337303
2.08526734189  874  386  386.341170032  1.83196519667  0.019296289849
2.08526734189  875  404  403.668759238  1.83415187249  0.020638501841
2.08526734189  875  421  421.098850275  1.88568227087  0.0076368903929
2.08526734189  875  439  438.680716529  1.82301657652  0.0140128154089
2.08526734189  875  456  456.463419278  1.88173787358  -0.00128551363269
2.08526734189  875  474  474.442334067  1.86354615724  0.00291676867756
2.08526734189  875  493  492.568628321  1.86308368316  0.000531253708482
2.08526734189  875  511  510.873665027  1.87166917993  -0.0282262589141
2.08526734189  876  529  529.472581938  1.84132084022  -0.00139645389681
2.08526734189  876  548  548.196876839  1.86524645114  0.00881067415688
2.08526734189  875  567  567.0123385  1.87850645924  -0.00422526065706
2.08526734189  875  586  586.12399595  1.87698927455  0.0222469533211
2.08526734189  875  605  605.386504234  1.87577925277  0.0248487502426
2.08526734189  875  625  624.822254581  1.9239452989  -0.00496023165693
2.08526734189  875  645  644.529557947  1.90198867575  0.025042325827
2.08526734189  875  664  664.414230285  1.92178094308  0.0397426860197
2.08526734189  875  684  684.500324936  1.93173262171  0.0306404658664
2.08526734189  874  705  704.748421596  2.00528717194  0.00681496952709
2.08526734189  874  725  725.280665106  2.08103886189  0.0404634316341
2.08526734189  874  746  745.963085661  2.03994079221  0.00357192819448
2.08526734189  873  767  766.888443006  2.11777207213  -0.0250856759667
2.08526734189  873  788  788.089671179  2.10458048737  -0.0210626995261
2.08526734189  872  809  809.49712155  2.09002820549  -0.0202337079371
2.08526734189  871  831  831.135280704  2.11075804799  -0.0154008568454
2.08526734189  871  853  853.025917133  2.10097346022  -0.0260449398342
2.08526734189  870  875  875.184263493  2.10431868512  0.0099748563518
2.08526734189  869  897  897.496470506  2.05267344463  -0.0117408736025
2.08526734189  869  920  920.17869693  2.16312237225  0.0161466220287
2.08526734189  868  943  943.04417121  2.19825109876  -0.00259819221652
2.08526734189  867  966  966.213829842  2.20815005992  0.00737645387913
2.08526734189  866  990  989.620946825  2.20503878185  -0.000114457561109
2.08526734189  865  1013  1013.32635992  2.3322305567  0.00622230634209
