# Band 2C   Etalon 1A   Slice 16
# Distortion map version 06.04.00 - date 2018-10-09
# Trace (isoalpha): Take pixel trace along specified slice, specified alpha position trace is built by taking the pixel in every detector row with alpha value closest to the one specified 
# xpos[i] = np.argmin(alpha_img[i,:])+funcs.find_nearest(alpha_img[i,:][(slice_img[i,:]!=0)],alpha_pos)
#    alpha       x  y      center         FWHM          skewness
0.0  899  10  9.88519481674  5.21355670421  0.0109356448098
0.0  899  25  25.5030573079  5.65362268166  0.00120874801412
0.0  900  41  41.2581446194  5.6787666469  -0.00886429433126
0.0  901  57  57.1819173328  5.90765137492  -0.0121676942265
0.0  902  73  73.2606853576  6.13031782412  -0.0165850928188
0.0  902  89  89.313819144  6.25726416481  -0.0360369965911
0.0  903  106  105.604467272  6.439832059  -0.0281985842951
0.0  904  122  122.084670101  6.69145858383  0.00502766025592
0.0  905  139  138.531515402  7.23427114091  -0.00219462467713
0.0  905  155  155.163103235  7.52984395751  0.0181855792288
0.0  906  172  171.966259951  8.40211318841  0.017590384693
0.0  906  189  188.031486951  21.3470640352  -99.6158497161
0.0  907  206  206.074373926  11.6279959378  0.0176806746056
0.0  908  224  224.314441199  0.0845636706949  -5.91223888779
0.0  908  241  241.118548204  17.0289161324  0.0198142643524
0.0  909  259  259.397139437  19.5518076687  0.0323114200981
0.0  909  277  277.849896101  21.9572605858  0.0405980027442
0.0  910  296  296.327031432  20.9440174273  0.0136643090559
0.0  910  314  314.891441968  20.5411491065  0.0398936123264
0.0  910  332  333.524098356  19.6106807188  0.0626047370723
0.0  911  351  351.68901599  18.1053594555  0.0364287711174
0.0  911  370  369.945503728  17.3829837873  0.0106493694401
0.0  911  388  388.512412805  17.3139316879  0.0366385635326
0.0  912  407  407.123138962  16.888666027  0.0266938328145
0.0  912  425  425.943510023  18.2186413179  0.0551717477543
0.0  912  445  444.504927583  17.4739557735  0.0109638567222
0.0  912  464  463.579412742  17.8286224905  0.0101641228973
0.0  912  483  482.857842388  19.2753625567  0.0224863673256
0.0  913  503  502.4512331  19.3329196369  0.00720527563972
0.0  913  522  522.402232127  22.0843972254  0.0369374258589
0.0  913  542  542.807316346  23.2775139445  0.0505615368033
0.0  913  563  563.323792211  24.8619933104  0.0267655186496
0.0  913  583  584.867465872  1.00570801  0.0758431020128
0.0  912  608  607.341361594  0.412999221143  -8.69447373412
0.0  912  629  628.05403514  36.9827329458  0.0
0.0  912  652  652.066927126  32.9111304804  0.0379275129724
0.0  912  675  674.875487351  26.350322392  0.0256516007737
0.0  911  697  697.516685526  22.399814779  0.0432735737263
0.0  911  720  720.237598246  19.737023697  0.0248521351519
0.0  911  743  743.301137069  16.9497738847  0.0248357910897
0.0  910  766  766.593541593  16.127936629  0.0306924101815
0.0  910  790  790.081420453  14.4627780968  0.0209852065
0.0  909  814  813.895128643  13.8359075313  0.00971942115954
0.0  908  838  838.052205274  12.8593717495  0.0088039001445
0.0  908  863  862.575755173  12.6182980946  0.00710878885619
0.0  907  888  887.53005616  12.4520694515  0.00665266080003
0.0  906  913  912.616020382  12.2132519123  0.0196010113051
0.0  905  938  938.415287612  12.4940694346  0.0128659750879
0.0  904  964  964.441151996  12.9010219145  0.0259366871715
0.0  903  991  990.715926142  12.8199846688  0.0193540930198
0.0  901  1017  1018.2837919  0.157092447739  0.144403484696
-1.73067004498  907  11  11.31971802  5.17628389641  0.00897273377692
-1.73067004498  908  27  26.9711261752  5.37988808564  -0.0106669728085
-1.73067004498  909  43  42.6306520948  5.77102406924  -0.0274949467096
-1.73067004498  909  58  58.536988314  5.82957855302  0.00119134030071
-1.73067004498  910  75  74.5264351495  5.98597947573  -0.0402138498634
-1.73067004498  911  91  90.7044940956  6.10740646971  -0.0347383408416
-1.73067004498  912  107  106.999697866  6.54402331346  -0.00023523512224
-1.73067004498  912  123  123.353814738  6.57367437253  0.0142814671719
-1.73067004498  913  140  139.900381149  7.05580934475  0.00212964120185
-1.73067004498  914  157  156.478946091  7.93712184598  0.00567407369932
-1.73067004498  914  173  173.212272131  8.39387213455  0.0271228692839
-1.73067004498  915  190  190.302671684  9.65408267623  0.0268791924678
-1.73067004498  915  207  207.249119422  11.8825326937  0.0175482813983
-1.73067004498  916  225  224.781022137  14.2865139178  -0.00177379371898
-1.73067004498  917  243  242.148057261  17.9948771637  -0.0195537193634
-1.73067004498  917  261  260.563876938  19.4568557801  -0.0181579078151
-1.73067004498  918  279  279.061551585  21.6183156022  0.0186962529155
-1.73067004498  918  297  297.480124845  20.4252226175  0.0153342133009
-1.73067004498  918  315  315.556671103  19.1246800632  0.0326975464499
-1.73067004498  919  334  334.155445594  18.4240236296  -0.000781629708168
-1.73067004498  919  352  352.628520815  18.1241757321  0.0278000400293
-1.73067004498  920  371  370.795521498  17.9209345496  0.00920224285248
-1.73067004498  920  389  389.604567845  17.1256625401  0.0361795138286
-1.73067004498  920  408  408.200986733  17.1320580711  0.023803774616
-1.73067004498  920  427  426.291375398  0.309529403295  -8.48097460967
-1.73067004498  921  446  445.649699057  19.4819862853  0.0351304828295
-1.73067004498  921  465  464.713915398  18.6712980859  0.0238524776161
-1.73067004498  921  484  484.040143635  19.4699152516  0.0248842720968
-1.73067004498  921  503  503.78040983  21.5795507747  0.0519998298632
-1.73067004498  921  523  523.539947209  23.2667193581  0.0431313212154
-1.73067004498  921  543  543.811113358  26.5128832484  0.0456022864153
-1.73067004498  921  565  564.031541352  26.7225406291  -0.00867571816333
-1.73067004498  921  585  585.329160833  31.4445514183  0.0320786058284
-1.73067004498  921  607  607.486812923  37.9384111324  0.0273211603202
-1.73067004498  921  631  630.050615158  35.5868818035  0.0208000728833
-1.73067004498  920  653  652.914122423  29.2247728359  0.00637375722694
-1.73067004498  920  676  675.633592527  0.313932553438  0.0218255946075
-1.73067004498  920  698  698.500243788  21.7668702638  0.0452042617345
-1.73067004498  919  721  721.324896197  18.9507409075  0.0233153181894
-1.73067004498  919  744  744.066102417  17.6132656727  0.0268336505162
-1.73067004498  918  769  769.317319249  0.0961210178206  -6.36192385989
-1.73067004498  918  791  790.855474339  14.7005791476  0.0196411615476
-1.73067004498  917  815  814.708281752  13.2268828331  0.00228087726631
-1.73067004498  917  839  838.772558874  13.5522625141  0.00135041644114
-1.73067004498  916  864  863.331415901  12.7360720594  0.00927422239235
-1.73067004498  915  888  888.241040429  12.7280082792  0.0187696363515
-1.73067004498  914  914  913.344236703  11.9655142186  0.0108584851646
-1.73067004498  913  939  939.125487755  12.2462647176  0.0064589944436
-1.73067004498  912  965  965.040307796  12.5690928733  0.0194585328946
-1.73067004498  911  992  992.300471517  0.373922379268  -5.69336495846
-1.73067004498  910  1018  1019.7956216  0.196820083545  13.1486495209
-1.53663004498  906  11  11.1652526362  5.20602884181  0.0124697793503
-1.53663004498  907  27  26.7919478633  5.4434320708  -0.0121508742526
-1.53663004498  908  43  42.5595928298  5.55697394232  -0.0288044234444
-1.53663004498  908  58  58.4125499662  5.96525072761  -0.0100050642266
-1.53663004498  909  74  74.414234169  6.07600927272  -0.0061024042612
-1.53663004498  910  90  90.6051104636  6.18104662055  0.000514327860296
-1.53663004498  911  107  106.884535247  6.46083372456  -0.00371121467522
-1.53663004498  911  123  123.183988496  6.70101294925  -0.00698380552905
-1.53663004498  912  140  139.729075272  7.05096309155  0.00355282635374
-1.53663004498  913  156  156.441472293  7.62997392701  0.0353989739609
-1.53663004498  913  173  173.055871332  8.42156764907  0.016223678846
-1.53663004498  914  190  190.064482364  9.53959949986  0.0219967309708
-1.53663004498  915  207  207.145030279  11.9231395009  0.0200215937092
-1.53663004498  915  225  224.524846221  13.2740032016  -0.00124133181067
-1.53663004498  916  242  242.481507656  16.830544617  0.0287817690872
-1.53663004498  916  260  260.541089347  19.1472022242  0.0310637703977
-1.53663004498  917  279  264.762970086  50.5754355203  -99.4501011838
-1.53663004498  917  297  297.35904425  21.1437148646  0.0162386396801
-1.53663004498  918  315  316.053312617  19.910749651  0.0389226207877
-1.53663004498  918  333  334.315905553  19.0949034653  0.0601736690406
-1.53663004498  918  352  352.576246105  0.222904526166  0.0313476257952
-1.53663004498  919  371  370.963329718  17.2788135647  0.0126429809219
-1.53663004498  919  389  389.561074642  17.0218834842  0.0365385848129
-1.53663004498  919  408  408.001954266  17.1575213367  0.0187392010298
-1.53663004498  919  427  426.266460027  0.312148353131  -8.23816388115
-1.53663004498  920  446  445.541299774  17.6103154747  0.00693997802274
-1.53663004498  920  465  464.671165431  17.8993967177  0.0232323971794
-1.53663004498  920  484  484.013202053  18.9242021041  0.0242509286418
-1.53663004498  920  503  503.505785419  20.8411687873  0.0456107041706
-1.53663004498  920  523  523.318100466  22.5111139095  0.0327008181807
-1.53663004498  920  543  543.619584506  0.319832133731  0.0358201241643
-1.53663004498  920  565  563.835664502  25.9710366587  -0.0164970964369
-1.53663004498  920  585  585.095093596  0.367318057554  0.0173953381568
-1.53663004498  920  607  606.993997633  34.630770066  0.0137273631917
-1.53663004498  920  630  629.744580566  36.8015620351  0.0298045546193
-1.53663004498  919  652  653.179765799  0.900473377573  0.0650095647501
-1.53663004498  919  676  675.616046637  25.7868338578  0.0181747670357
-1.53663004498  919  698  698.387671771  22.083514866  0.0362656454287
-1.53663004498  919  721  721.087337188  19.6776041011  0.0225076158282
-1.53663004498  918  744  743.929276277  16.8859643006  0.0151025483199
-1.53663004498  918  767  767.320993737  16.1645365511  0.0245234179252
-1.53663004498  917  791  790.75981852  14.2232587446  0.00599601685752
-1.53663004498  916  814  814.748028119  13.7084640007  0.0257961675802
-1.53663004498  916  839  838.817998712  13.0332033199  0.0137110354075
-1.53663004498  915  863  863.408916855  12.7869393195  0.0176777038126
-1.53663004498  914  888  888.21033548  12.8592190955  0.0136261178794
-1.53663004498  913  914  913.238719847  12.3060364099  0.0127672460917
-1.53663004498  912  939  939.009984342  12.5073961308  0.00501010560088
-1.53663004498  911  965  965.030191082  12.7715331212  0.0220072167983
-1.53663004498  910  991  991.441660162  12.8242797995  0.0263109059043
-1.53663004498  909  1018  1019.7775895  0.191310529586  12.6148086312
-1.34259004498  905  11  10.969288121  5.21308889995  0.00506253789824
-1.34259004498  906  27  26.592411646  5.32323318716  -0.024882128074
-1.34259004498  907  42  42.4657947532  5.76321671277  0.016382192489
-1.34259004498  907  58  58.2753917621  6.01562766783  -0.0115006547889
-1.34259004498  908  74  74.2302234198  6.0379264481  -0.0147364611777
-1.34259004498  909  90  90.435164761  6.22701646999  -0.00453988510582
-1.34259004498  910  107  106.714240832  6.37874421159  -0.0168160862859
-1.34259004498  910  123  123.050466591  6.7405246958  -0.0019084630301
-1.34259004498  911  140  139.553189645  6.99748437891  -0.00460625968074
-1.34259004498  912  156  156.246497658  7.55058987016  0.0205572512013
-1.34259004498  912  173  172.889246487  8.4059467913  0.0129288869466
-1.34259004498  913  190  189.872738526  9.56977505937  0.013233316325
-1.34259004498  914  207  207.104201317  11.9251777808  0.0190560311516
-1.34259004498  914  225  224.383523088  13.1452137509  -0.00763159778593
-1.34259004498  915  242  242.272051093  17.1188263948  0.0203161556257
-1.34259004498  915  260  260.26614394  19.3932672174  0.0206756416
-1.34259004498  916  279  278.672348796  20.9539281146  -0.00982425795091
-1.34259004498  916  297  297.188918481  20.8998443848  0.00663157478028
-1.34259004498  917  315  315.814793138  20.4912140569  0.0367139502889
-1.34259004498  917  334  333.964507399  19.0499647716  0.0014936509954
-1.34259004498  917  352  352.4279956  18.3863176518  0.0212064178674
-1.34259004498  918  371  370.790994374  17.3111744156  0.00648927229525
-1.34259004498  918  389  389.481924067  17.3472814908  0.0301209036787
-1.34259004498  918  408  407.855249941  17.3234271195  0.0143177652222
-1.34259004498  918  427  426.535745409  17.0500410168  0.00796787315907
-1.34259004498  919  445  445.688917504  18.551359468  0.0489643226686
-1.34259004498  919  465  464.503774181  17.8202724293  0.0114698976981
-1.34259004498  919  484  483.792898978  18.6724119148  0.02208353214
-1.34259004498  919  503  503.378088668  20.8661593067  0.0416016593113
-1.34259004498  919  523  523.175467098  22.0434429262  0.0274514212898
-1.34259004498  919  543  543.445601566  25.403354485  0.0310122400992
-1.34259004498  919  565  563.784573981  26.0766672448  -0.0160547505669
-1.34259004498  919  585  584.929983643  28.2040089187  0.014658639275
-1.34259004498  919  606  607.155971528  37.3399759657  0.0442668150191
-1.34259004498  919  631  629.101380385  33.7927279062  -0.0195657661166
-1.34259004498  919  652  653.260515039  0.895591785983  0.0663961665869
-1.34259004498  918  676  675.396820871  26.1988794033  0.0162549677766
-1.34259004498  918  698  698.186551273  22.1260706001  0.030072526201
-1.34259004498  918  721  720.96185243  19.3525785829  0.0205639603679
-1.34259004498  917  744  743.833513047  16.9222690857  0.0144106354327
-1.34259004498  917  767  767.325631763  16.020948714  0.0242068232245
-1.34259004498  916  791  790.646593171  14.2604570075  0.00444728697371
-1.34259004498  916  814  814.572179674  13.8156429741  0.0271525652111
-1.34259004498  915  839  838.714211422  12.9538151207  0.00819687043261
-1.34259004498  914  863  863.339182361  12.826980107  0.0161694908297
-1.34259004498  913  888  888.121478719  12.6043718415  0.0138542066505
-1.34259004498  912  913  913.262246222  12.5737400895  0.0273590319963
-1.34259004498  911  939  938.914381623  12.5485238543  0.00655967240909
-1.34259004498  910  965  964.968024739  12.6224378084  0.0164775887638
-1.34259004498  909  991  991.346621077  12.967498869  0.0285011972362
-1.34259004498  908  1018  1019.77495374  0.191132420146  12.4998165456
-1.14855004498  904  11  10.7770080633  5.03477583765  -0.00121044863912
-1.14855004498  905  26  26.4813803922  5.47364514026  0.0142365735093
-1.14855004498  906  42  42.2485290361  5.73991993222  -0.000944424378033
-1.14855004498  907  58  58.1063263716  6.06403898067  -0.0134845121495
-1.14855004498  907  74  74.0628774369  6.10141284908  -0.025271035263
-1.14855004498  908  90  90.2726741751  6.1587230249  -0.0102244298343
-1.14855004498  909  106  106.58097211  6.38632591413  0.0140802483906
-1.14855004498  909  123  122.937030116  6.72396032535  -0.00124886708316
-1.14855004498  910  139  139.444923879  7.00149249872  0.0247233268271
-1.14855004498  911  156  156.110082502  7.54530674677  0.0229524726872
-1.14855004498  911  173  172.793972557  8.54305377266  0.00643426476572
-1.14855004498  912  190  189.732607624  9.58639638823  0.00916892458233
-1.14855004498  913  207  206.921830957  12.0118593557  0.0158395474097
-1.14855004498  913  225  225.297601519  0.349067981595  -6.01358643953
-1.14855004498  914  242  242.091959597  16.9499064224  0.010898704479
-1.14855004498  914  260  260.025429019  19.4827847633  0.0123000130256
-1.14855004498  915  278  278.776012255  20.8709940457  0.0417130471775
-1.14855004498  915  297  296.994737889  20.9024022298  -0.00145051121337
-1.14855004498  916  315  315.598014275  19.7757548165  0.0193413551011
-1.14855004498  916  334  333.745449938  18.7707423227  -0.00432151182267
-1.14855004498  916  352  352.207218926  17.9108460716  0.0135803592456
-1.14855004498  917  370  370.900629834  17.7026212922  0.0485004778148
-1.14855004498  917  389  389.280977298  17.1499378368  0.0269120976759
-1.14855004498  917  407  407.907406117  18.2379714364  0.0540587799146
-1.14855004498  918  427  426.427987475  17.0374819127  -0.00164680492048
-1.14855004498  918  445  445.402595972  18.7070497848  0.0396554352472
-1.14855004498  918  465  465.29857551  0.103026336827  -7.54888195892
-1.14855004498  918  484  483.605394173  18.4913131166  0.0150188824244
-1.14855004498  918  503  503.199641096  20.8946019448  0.0328361521237
-1.14855004498  918  523  522.904865104  22.2252375596  0.0199387623011
-1.14855004498  918  543  543.27581316  24.8109546116  0.0260588517013
-1.14855004498  918  565  563.644995685  0.316403848301  -0.0207723962453
-1.14855004498  918  585  584.911523789  0.342573937835  0.0191524371988
-1.14855004498  918  606  607.179303619  36.3394269481  0.0456251763014
-1.14855004498  918  630  629.404856991  37.2049632021  0.0122758698874
-1.14855004498  918  652  653.071285983  39.3456458351  0.0660517562822
-1.14855004498  917  676  675.29350446  0.306169160623  -8.58685091851
-1.14855004498  917  698  698.094502029  22.310443579  0.0303976586902
-1.14855004498  917  721  720.839609896  19.4185131759  0.0163369529687
-1.14855004498  916  744  743.717570022  16.8287007685  0.00872210088831
-1.14855004498  916  767  767.113968543  15.9692806061  0.0229631919216
-1.14855004498  915  791  790.548654098  14.161906316  0.00373866491082
-1.14855004498  915  814  814.503192557  13.6783458995  0.0223532590756
-1.14855004498  914  839  838.603435589  13.0228965235  0.00857669748317
-1.14855004498  913  863  863.199774785  12.8672691634  0.0153809872722
-1.14855004498  912  888  888.022718142  12.5375257279  0.00820941271196
-1.14855004498  911  913  913.097935394  12.7491088164  0.0294167804152
-1.14855004498  910  939  938.819688507  12.4484666395  0.00300616022381
-1.14855004498  909  965  964.832359695  12.853449139  0.0172709907407
-1.14855004498  908  991  991.253056304  12.7149961766  0.0214168788733
-1.14855004498  907  1018  1019.7767308  0.193330998133  12.5082536916
-0.954510044981  903  11  10.6147837661  5.04452153797  -0.00610876419257
-0.954510044981  904  26  26.2935611323  5.48483600865  0.00680961503376
-0.954510044981  905  42  42.091023222  5.78237244164  -0.00928474771195
-0.954510044981  906  58  57.9927325876  5.98613868723  -0.0177500681236
-0.954510044981  906  74  73.9372586058  6.14845773982  -0.0307839746267
-0.954510044981  907  90  90.0905861644  6.1827584342  -0.0150774812373
-0.954510044981  908  106  106.415919967  6.36314704287  0.00854127926652
-0.954510044981  909  123  122.75724858  6.72778951348  -0.00476701627103
-0.954510044981  909  139  139.249482043  7.02686058696  0.0177233708691
-0.954510044981  910  156  155.925606672  7.50559245536  0.0147256117641
-0.954510044981  911  173  172.036083569  18.4728463441  -99.6347867866
-0.954510044981  911  190  189.506478639  9.60984474255  -0.000655704355316
-0.954510044981  912  207  206.26261333  0.274163040308  -7.5850923931
-0.954510044981  912  224  224.201231176  14.0874291548  0.0236713829512
-0.954510044981  913  242  242.000115262  15.7959266062  0.0141298896731
-0.954510044981  913  259  260.113451596  19.3823334889  0.0572069167108
-0.954510044981  914  278  278.579054195  21.0288935238  0.0319821704691
-0.954510044981  914  297  296.773161615  20.7329483258  -0.00326054428723
-0.954510044981  915  315  315.489885939  19.8657909581  0.0169764850231
-0.954510044981  915  333  333.925540823  20.5126818052  0.0489340997748
-0.954510044981  916  353  352.026957514  0.209152623567  -0.0323603722888
-0.954510044981  916  370  370.673448737  17.2407212568  0.0372975893452
-0.954510044981  916  389  389.040757091  17.097513174  0.0152362838326
-0.954510044981  916  407  407.736752347  18.1836734109  0.049455423502
-0.954510044981  917  427  427.279158375  0.402021769934  -7.38474386735
-0.954510044981  917  445  445.216661965  18.5785364139  0.0337512048672
-0.954510044981  917  465  465.286246939  0.411237603444  -7.18184145283
-0.954510044981  917  484  483.501597474  18.8092172628  0.0164283411154
-0.954510044981  917  503  503.101730535  0.252790095322  0.0259307383252
-0.954510044981  917  523  522.847042687  21.9826802558  0.0217350070176
-0.954510044981  917  543  543.041356762  0.282495458176  0.0247512972719
-0.954510044981  917  563  563.844652665  26.9952858122  0.0426406692371
-0.954510044981  917  586  584.497142947  28.4991356881  -0.0288953553219
-0.954510044981  917  606  606.842349169  0.481836126498  0.0386253283336
-0.954510044981  917  630  629.328202582  37.6110836381  0.0123789746196
-0.954510044981  917  653  652.431219868  32.1954362654  0.0202193008389
-0.954510044981  916  676  675.066043463  25.7531812526  0.00479177497585
-0.954510044981  916  698  698.006975259  21.8115076864  0.0276921377249
-0.954510044981  916  720  720.958786004  20.3542617534  0.0460743753316
-0.954510044981  915  744  743.626461153  16.7183367441  0.00615398336466
-0.954510044981  915  767  767.014550534  15.9299278861  0.0168621839432
-0.954510044981  914  791  790.481267936  14.0779775732  0.00677462108169
-0.954510044981  914  814  814.45162264  13.5970658354  0.0246303334023
-0.954510044981  913  839  838.540666489  12.9770537704  0.00511126219176
-0.954510044981  912  863  863.151323914  12.8849168529  0.0157127772299
-0.954510044981  911  888  887.928534518  12.578155424  0.0102043773906
-0.954510044981  910  913  913.08721739  12.5960169827  0.0257409459115
-0.954510044981  909  939  938.70621049  12.4420828091  0.00434701727774
-0.954510044981  908  965  964.782795756  12.7011575629  0.0145948502092
-0.954510044981  907  991  991.126562948  13.0090585737  0.0257630603235
-0.954510044981  906  1018  1019.77314291  0.195957923356  12.3568206257
-0.760470044981  902  10  10.48895033  5.18587127862  0.0258045805127
-0.760470044981  903  26  26.1146834773  5.53003584358  -0.000801104724563
-0.760470044981  904  42  41.904371181  5.71803084351  -0.0206224987841
-0.760470044981  905  58  57.8148285078  5.98333463592  -0.0230534756916
-0.760470044981  905  74  73.7942267433  6.24846729876  -0.0354796339926
-0.760470044981  906  90  89.936507706  6.21950935624  -0.0164025772328
-0.760470044981  907  106  106.246517406  6.38669668234  -0.000410796941299
-0.760470044981  908  123  122.619103226  6.69418781245  -0.0127706309219
-0.760470044981  908  139  139.074269721  7.08351446658  0.00804705069008
-0.760470044981  909  156  155.763838652  7.50411104163  0.00854435783325
-0.760470044981  910  173  172.537924847  8.46494219403  0.00303581565175
-0.760470044981  910  189  189.441459291  10.0209254905  0.0284102231247
-0.760470044981  911  207  206.583499386  11.2197278022  0.000801651361131
-0.760470044981  911  224  223.957606475  14.1526647207  0.00877520386416
-0.760470044981  912  242  241.779707383  15.9445964221  0.00250896651876
-0.760470044981  912  259  259.876833777  19.5977757985  0.0510650759191
-0.760470044981  913  278  278.428577542  0.259932676074  0.0245675581798
-0.760470044981  913  296  296.830005137  21.2360663829  0.0359920093832
-0.760470044981  914  315  315.255821505  19.887494833  0.00789107915839
-0.760470044981  914  333  333.710541644  0.231299158462  0.0281270409272
-0.760470044981  915  352  350.211978544  0.252843716028  -14.4470794227
-0.760470044981  915  371  370.320382825  17.2167446254  -0.0117346150168
-0.760470044981  915  389  388.936033373  16.9727688108  0.012997918355
-0.760470044981  915  407  407.705330172  18.4855776071  0.0419751730003
-0.760470044981  916  427  427.297576963  0.40814951349  -7.04013878463
-0.760470044981  916  445  445.148126017  0.228362753735  0.0279726307905
-0.760470044981  916  465  464.039116824  17.6558343685  -0.00682667150663
-0.760470044981  916  483  483.595286383  19.8490958986  0.0507053837566
-0.760470044981  916  503  502.819481833  20.8858222583  0.0177895931137
-0.760470044981  916  523  522.742321409  21.8088624897  0.0153565940355
-0.760470044981  916  543  542.950836107  23.323889831  0.0195768538568
-0.760470044981  916  564  563.619302448  25.1438007263  0.00780013731509
-0.760470044981  916  585  584.557234684  30.3116870757  0.00409519305638
-0.760470044981  916  608  606.140709012  32.5051023173  -0.0329314576896
-0.760470044981  916  629  629.285891059  38.0621280518  0.0403454016156
-0.760470044981  916  652  652.443758799  33.3641365674  0.050693044204
-0.760470044981  915  675  675.227757324  27.5122667476  0.0422925641404
-0.760470044981  915  698  697.825776804  21.6718744847  0.0222546473026
-0.760470044981  915  721  720.534911789  18.9998461945  0.00680179348979
-0.760470044981  914  743  743.755359313  17.341395103  0.0341505457396
-0.760470044981  914  767  766.919350896  15.8035870784  0.0163545886206
-0.760470044981  913  791  791.304579229  0.32840516375  -6.57292905712
-0.760470044981  913  814  814.295905876  13.7545747227  0.0175939124461
-0.760470044981  912  839  839.292095065  0.394629783148  -6.05504511675
-0.760470044981  911  863  863.062377843  12.8844123337  0.0171803905826
-0.760470044981  910  888  887.808458462  12.4706847675  0.00755703711052
-0.760470044981  910  913  912.970636009  12.5514211507  0.0279927354897
-0.760470044981  909  939  938.70772451  12.4712198844  0.00276320430241
-0.760470044981  908  965  964.550178922  12.6751727151  0.0128958742999
-0.760470044981  906  991  991.028079959  12.9340862322  0.0210596872471
-0.760470044981  905  1017  1018.66985128  0.16122303405  0.159568401905
-0.566430044981  901  10  10.2862934601  5.29241424158  0.00903752623052
-0.566430044981  902  26  25.9397608333  5.52297252817  -0.0104735828381
-0.566430044981  903  42  41.7136496238  5.73074028175  -0.0284450820887
-0.566430044981  904  58  57.6581489547  5.89008618026  -0.039162328948
-0.566430044981  905  74  73.6055948265  6.13171497588  -0.0334244290174
-0.566430044981  905  90  89.7550494979  6.2398693527  -0.0295458700731
-0.566430044981  906  106  106.08378233  6.38363717535  -0.00617620514957
-0.566430044981  907  123  122.515644146  6.6562159158  -0.00808188900727
-0.566430044981  907  139  138.909715114  7.20025194556  -0.00643987945556
-0.566430044981  908  156  155.584535081  7.53224468261  0.00190552644495
-0.566430044981  909  172  172.454306036  8.4749684776  0.0440077202481
-0.566430044981  909  189  189.302215671  9.52123687628  0.0308611808657
-0.566430044981  910  206  206.553155566  11.8089429805  0.034885693687
-0.566430044981  910  224  223.794911877  13.1990561481  0.00833829820028
-0.566430044981  911  241  241.708001185  16.7846490897  0.0419353390154
-0.566430044981  911  259  259.883510552  19.6773599588  0.0439540310181
-0.566430044981  912  278  278.240114436  21.431916394  0.0120428332184
-0.566430044981  912  296  296.603126514  21.5925706677  0.0240483235921
-0.566430044981  913  315  315.079805324  19.9379913748  0.00451712767179
-0.566430044981  913  333  333.549371793  19.4982836483  0.0245957060692
-0.566430044981  914  352  351.908490473  18.2232573702  0.00935362861718
-0.566430044981  914  370  370.328417344  17.4695118166  0.0257087619307
-0.566430044981  914  388  388.973831883  17.1360527628  0.0505887783252
-0.566430044981  914  407  407.522722556  17.1106716874  0.0405210795524
-0.566430044981  915  426  426.188104475  0.208837261179  0.0304006745323
-0.566430044981  915  445  445.031368133  17.6064428549  0.0258478801787
-0.566430044981  915  464  464.065662978  17.4239987016  0.034720980776
-0.566430044981  915  483  483.366266904  19.7640062816  0.0410109633541
-0.566430044981  915  503  502.680992096  20.7450520675  0.0102328759534
-0.566430044981  915  523  522.488284392  21.8236582823  0.0115976472144
-0.566430044981  915  543  542.806703423  22.8343697838  0.0187108654043
-0.566430044981  915  563  563.819400904  26.7772993159  0.0408598839516
-0.566430044981  915  585  584.528111308  29.4411402629  5.97768385819e-05
-0.566430044981  915  608  607.334928447  0.384591217525  -9.08400084314
-0.566430044981  915  629  628.857264354  39.5947817895  0.0276447721889
-0.566430044981  915  653  651.945121161  33.1304119  0.00921122054032
-0.566430044981  915  675  675.233903821  26.9297589059  0.0360357682075
-0.566430044981  914  698  697.57237499  21.8038222223  0.0104152770022
-0.566430044981  914  720  720.645500453  19.327395893  0.036680527779
-0.566430044981  913  743  743.589677866  0.204881943806  0.0326468381349
-0.566430044981  913  766  766.935908287  15.6808116282  0.0381130470315
-0.566430044981  912  790  790.385822329  14.3070619271  0.0181960179329
-0.566430044981  912  814  814.236719716  13.8944367383  0.0197389786782
-0.566430044981  911  838  838.375833788  13.0738653894  0.0156722186253
-0.566430044981  910  863  862.888119221  12.7540166945  0.00970893214504
-0.566430044981  910  888  887.653885141  12.4953008822  0.00664086381071
-0.566430044981  909  913  912.908921244  12.5774806124  0.0244325033249
-0.566430044981  908  939  938.614520811  11.9207752588  0.00704606406885
-0.566430044981  907  964  964.627955978  12.8133208101  0.026587402776
-0.566430044981  905  991  990.880861302  13.0531266329  0.0193232537194
-0.566430044981  904  1017  1016.10206839  0.188612823487  -8.82045554762
-0.372390044981  900  10  10.1366917442  5.24814711147  0.00324018375835
-0.372390044981  901  26  25.7613795616  5.37214862822  -0.0229183633761
-0.372390044981  902  41  41.586378019  5.73485551135  0.00941935997759
-0.372390044981  903  57  57.5283164541  5.88151137906  -0.00110318866969
-0.372390044981  904  73  73.5334140068  6.14652090939  -0.0057240861104
-0.372390044981  904  90  89.5784004342  6.21773718384  -0.0333994500281
-0.372390044981  905  106  105.905255853  6.39269592578  -0.0118521739991
-0.372390044981  906  122  122.396360087  6.62585941389  0.0161599534192
-0.372390044981  906  139  138.770078851  7.16770403964  -0.00820107297266
-0.372390044981  907  155  155.506730889  7.52415892712  0.0350296579676
-0.372390044981  908  172  172.283668529  8.33153692641  0.0305730870931
-0.372390044981  908  189  189.135190257  9.47297787625  0.0238944191817
-0.372390044981  909  206  206.362528408  11.6712704016  0.0280389828538
-0.372390044981  909  224  223.694818326  13.2249950275  0.00451661981905
-0.372390044981  910  241  241.51369211  16.5858922459  0.036188962612
-0.372390044981  910  259  259.582966497  19.4474090838  0.0353806378234
-0.372390044981  911  277  278.249746739  21.2356437718  0.0591589599552
-0.372390044981  911  295  296.211191107  25.2304386915  0.0
-0.372390044981  912  315  314.931061598  20.2686401773  -0.0030779912665
-0.372390044981  912  333  333.384392826  19.371226433  0.0153453739917
-0.372390044981  913  351  351.933989578  18.1820523932  0.0552859472129
-0.372390044981  913  370  370.118121484  17.3830211808  0.0171927223118
-0.372390044981  913  388  388.576351538  16.4555554434  0.133226407334
-0.372390044981  914  407  407.478226019  16.8797638498  0.0352042229853
-0.372390044981  914  426  426.022746961  17.3150389988  0.0232451974569
-0.372390044981  914  445  444.838951939  17.3857145883  0.0218010465209
-0.372390044981  914  464  463.942529495  17.7775221409  0.0260644258175
-0.372390044981  914  483  483.208573739  19.4319568021  0.0328322540202
-0.372390044981  914  503  502.569414731  19.4368907047  0.00781616126663
-0.372390044981  914  522  522.585722425  21.9185300366  0.0411227124492
-0.372390044981  914  543  542.597591771  22.8231122871  0.00927506735731
-0.372390044981  914  563  563.531639923  25.1289680974  0.0340411027939
-0.372390044981  914  583  584.850870495  35.4065435239  0.0747935977695
-0.372390044981  914  607  605.918020101  34.0586890729  -0.0142210688524
-0.372390044981  914  629  628.904523766  39.4248818148  0.0286336372334
-0.372390044981  914  653  651.984231061  33.3983513252  0.0098726861366
-0.372390044981  914  675  675.089923152  26.5065239937  0.0358195379584
-0.372390044981  913  697  697.788052196  22.0708969675  0.0434431108176
-0.372390044981  913  720  720.446349811  19.3468779292  0.0329108511651
-0.372390044981  912  743  743.509450325  16.9121880852  0.0272110942238
-0.372390044981  912  766  766.826077136  0.195614180209  0.0351241415945
-0.372390044981  911  790  790.188611689  14.5893283191  0.0191090450572
-0.372390044981  911  814  814.108135023  13.8886762114  0.0149446305468
-0.372390044981  910  838  838.229792049  13.0576530639  0.0144559182561
-0.372390044981  909  863  862.751551483  12.850498558  0.00891446301672
-0.372390044981  909  888  887.691166863  12.5269651214  0.00578935995191
-0.372390044981  908  913  912.822903556  12.3897886951  0.0276168660245
-0.372390044981  907  939  938.516509521  12.3442169845  0.000505541130526
-0.372390044981  906  965  965.313107991  0.377548354171  -5.8841794188
-0.372390044981  904  991  990.882026888  12.9037204642  0.0181889055534
-0.372390044981  903  1017  1018.45299345  0.157765596088  0.150106024579
-0.178350044981  899  10  9.99580813537  5.35244355355  -0.00769829658247
-0.178350044981  900  26  25.5736880183  5.39948205656  -0.0352129026025
-0.178350044981  901  41  41.4346027968  5.73878405504  0.00129348547719
-0.178350044981  902  57  57.3659473572  5.93793908439  -0.00720150231657
-0.178350044981  903  73  73.3781547882  6.19881220367  -0.00865269291727
-0.178350044981  903  89  89.4653401988  6.26994620086  -0.00323277896427
-0.178350044981  904  106  105.781545323  6.39103025174  -0.0183358809068
-0.178350044981  905  122  122.244058049  6.64351436181  0.0120195909483
-0.178350044981  905  139  138.636821051  7.18710530339  -0.0129676128752
-0.178350044981  906  155  155.297566861  7.55883789888  0.0253067307751
-0.178350044981  907  172  172.148696201  8.33898787966  0.0273382877675
-0.178350044981  907  189  188.954211343  9.64047442696  0.00759614971897
-0.178350044981  908  206  206.223907801  11.0376121104  0.03016256579
-0.178350044981  908  223  223.603741588  0.168024671105  0.041387026468
-0.178350044981  909  241  241.301552743  16.8783308065  0.023537060417
-0.178350044981  910  259  259.610768324  19.1939432552  0.0336436948564
-0.178350044981  910  277  277.968172662  21.8081061224  0.0461724982364
-0.178350044981  910  295  296.770491728  0.314628131844  0.0816744166643
-0.178350044981  911  314  315.010255463  20.2976550968  0.0443157119382
-0.178350044981  911  333  333.262710447  19.3094555421  0.00777005626646
-0.178350044981  912  351  351.729330679  18.097785221  0.0418150785169
-0.178350044981  912  370  370.070625514  17.5768356162  0.0167927151612
-0.178350044981  912  388  389.244123766  4.41938575118  0.132075128827
-0.178350044981  913  407  407.336216988  16.8851954904  0.0343116937199
-0.178350044981  913  426  425.858680901  16.9772360505  0.0175280167082
-0.178350044981  913  445  444.693031287  17.3005906057  0.017383921589
-0.178350044981  913  464  463.806950888  17.8346286878  0.0195396316567
-0.178350044981  913  483  483.074641059  0.234604484055  0.0283575931611
-0.178350044981  913  503  502.4512331  19.3329196369  0.00720527563972
-0.178350044981  913  522  522.506534807  22.3417619462  0.0359588830292
-0.178350044981  914  543  542.597591771  22.8231122871  0.00927506735731
-0.178350044981  913  563  563.281818423  25.2970254759  0.029351523932
-0.178350044981  913  583  584.867465872  1.00570801  0.0758431020128
-0.178350044981  913  607  605.702595761  33.7984686011  -0.022265231755
-0.178350044981  913  629  628.3797973  39.1208323584  0.0196618198568
-0.178350044981  913  653  651.925061342  29.5267450898  0.00127753067156
-0.178350044981  913  674  674.400552241  27.9569006405  0.0
-0.178350044981  912  697  697.700588476  22.0824791049  0.044406813215
-0.178350044981  912  720  720.368541868  0.239704040296  0.0292760418413
-0.178350044981  912  743  743.310788528  17.0528667297  0.0287103615627
-0.178350044981  911  766  766.748205257  0.194622382698  0.0335557253667
-0.178350044981  910  790  790.136794049  14.4778827735  0.0166567244879
-0.178350044981  910  814  813.957954465  13.9332868059  0.0125355838032
-0.178350044981  909  838  838.181281413  13.0475090292  0.015239120456
-0.178350044981  908  863  862.695395907  12.7106989304  0.0040107290659
-0.178350044981  908  888  887.594913916  12.3815044667  0.0111832535871
-0.178350044981  907  913  912.691344949  12.4802757147  0.0188121840006
-0.178350044981  906  939  938.451178335  12.1900423028  0.00365685832695
-0.178350044981  905  964  964.494834594  12.98414586  0.0233698171894
-0.178350044981  904  991  990.775510253  12.8849219416  0.020491523004
-0.178350044981  902  1017  1018.38510944  0.156456482531  0.145943377037
0.0156899550193  898  10  9.82870218017  5.11134182232  -0.00435519306172
0.0156899550193  899  25  25.4687887392  5.56178167166  0.00448675129021
0.0156899550193  900  41  41.257921459  5.67762091347  -0.00864026214325
0.0156899550193  901  57  57.1817038349  5.90860207636  -0.0118752497933
0.0156899550193  902  73  73.2409147719  6.19294610456  -0.0127365227685
0.0156899550193  902  89  89.2938169394  6.265704914  -0.0407953583633
0.0156899550193  903  106  105.603495662  6.43469562796  -0.02735110723
0.0156899550193  904  122  122.084437214  6.69242976038  0.00524956935009
0.0156899550193  904  138  138.543749061  7.13041905996  0.0206994603664
0.0156899550193  905  155  155.163103235  7.52984395751  0.0181855792288
0.0156899550193  906  172  171.96662292  8.4007673954  0.0174327277088
0.0156899550193  906  189  188.031419633  21.3480145247  -99.582039363
0.0156899550193  907  206  206.074373926  11.6279959378  0.0176806746056
0.0156899550193  908  224  224.230565745  0.0855959793161  -4.73310610365
0.0156899550193  908  241  241.118548204  17.0289161324  0.0198142643524
0.0156899550193  909  259  259.388107068  0.241949209454  0.0293354530613
0.0156899550193  909  277  277.849896101  21.9572605858  0.0405980027442
0.0156899550193  910  296  296.258483579  20.9356513914  0.0117686077397
0.0156899550193  910  314  314.891441968  20.5411491065  0.0398936123264
0.0156899550193  910  332  333.410422021  19.7199509085  0.0566443086948
0.0156899550193  911  351  351.68901599  18.1053594555  0.0364287711174
0.0156899550193  911  370  369.945503728  17.3829837873  0.0106493694401
0.0156899550193  911  388  388.384118882  0.211284290802  0.032734302351
0.0156899550193  912  407  407.123138962  16.888666027  0.0266938328145
0.0156899550193  912  425  425.943510023  18.2186413179  0.0551717477543
0.0156899550193  912  445  444.504927583  17.4739557735  0.0109638567222
0.0156899550193  912  464  463.579412742  17.8286224905  0.0101641228973
0.0156899550193  912  483  482.8388484  18.1443361322  0.0209744748476
0.0156899550193  912  502  502.451853663  20.5721197331  0.0437014273041
0.0156899550193  913  522  522.402232127  22.0843972254  0.0369374258589
0.0156899550193  913  542  542.807316346  23.2775139445  0.0505615368033
0.0156899550193  913  563  573.031123327  64.3395672933  87.0220112169
0.0156899550193  912  585  583.953329615  28.9521859414  -0.0217649860495
0.0156899550193  912  608  607.341361594  0.412999221143  -8.69447373412
0.0156899550193  912  629  628.05403514  36.9827329458  0.0
0.0156899550193  912  652  652.066927126  32.9111304804  0.0379275129724
0.0156899550193  912  675  674.875487351  26.350322392  0.0256516007737
0.0156899550193  911  697  697.532269312  22.3541370532  0.0436879642939
0.0156899550193  911  720  720.237598246  19.737023697  0.0248521351519
0.0156899550193  911  743  743.286123411  16.9141825246  0.0251514725352
0.0156899550193  910  766  766.593541593  16.127936629  0.0306924101815
0.0156899550193  910  790  790.043200017  14.4262029941  0.0181301211615
0.0156899550193  909  814  813.895128643  13.8359075313  0.00971942115954
0.0156899550193  908  838  838.029050805  12.929484975  0.00988116917676
0.0156899550193  908  863  862.562214756  12.6724926188  0.0051162432184
0.0156899550193  907  888  887.522240754  12.4282193614  0.00720160767162
0.0156899550193  906  913  912.608904528  12.1926341184  0.0207647920379
0.0156899550193  905  938  938.416484367  12.4981987978  0.0126825134533
0.0156899550193  904  964  964.419475456  12.8388097554  0.0275695144968
0.0156899550193  903  991  990.69350702  12.8018119472  0.0180648338723
0.0156899550193  901  1017  1018.28402169  0.157116652507  0.144444294443
0.209729955019  898  10  9.69245501219  5.11908504428  -0.00709767170124
0.209729955019  898  25  25.3158806527  5.58512298391  0.00130528819285
0.209729955019  899  41  41.0858002824  5.69546342213  -0.0138248435149
0.209729955019  900  57  57.0268366479  5.90559493328  -0.0190881215286
0.209729955019  901  73  73.1030304542  6.15036819148  -0.0140505832542
0.209729955019  901  89  89.2407743387  6.41537696776  -0.00530792255634
0.209729955019  902  105  105.500656908  6.42260916431  0.0046021525163
0.209729955019  903  122  121.942840666  6.69232265356  0.00267564885373
0.209729955019  904  138  138.453000395  7.10359586541  0.0205565996245
0.209729955019  904  155  154.990958231  7.55634155699  0.011640367153
0.209729955019  905  172  171.82290512  8.36119845487  0.0135961682815
0.209729955019  905  189  188.258936477  0.300512368463  -7.18172410952
0.209729955019  906  206  205.913577878  11.1283830839  0.0173355313823
0.209729955019  907  223  223.394654293  14.1348674914  0.0335000921144
0.209729955019  907  241  240.913569308  16.8171071479  0.00990100339839
0.209729955019  908  259  259.177678195  19.3689262158  0.0122331182526
0.209729955019  908  277  277.652645501  21.3116393168  0.0311068123504
0.209729955019  909  295  296.454399198  21.7285070176  0.066551093673
0.209729955019  909  314  314.70570831  20.5763751053  0.0356698116995
0.209729955019  909  332  333.321411173  19.8143382147  0.0490695034461
0.209729955019  910  351  351.492783722  0.226193288384  0.0304068733919
0.209729955019  910  370  369.805219689  17.334731011  0.00598798602615
0.209729955019  910  388  388.296105691  17.3711805721  0.0261548815368
0.209729955019  911  407  406.959583426  16.8837731523  0.0184315635352
0.209729955019  911  426  425.585600424  17.0138404069  0.00887073571898
0.209729955019  911  445  444.399894376  17.3250896644  0.00550464122328
0.209729955019  911  464  463.42822923  17.8558464301  0.01018259841
0.209729955019  911  483  482.667387086  18.3893465362  0.0173857987471
0.209729955019  912  502  502.477554365  20.5514870292  0.0359838332407
0.209729955019  912  523  522.044579536  21.8672387282  -0.00655190101987
0.209729955019  912  543  542.326489262  23.0054160166  0.00170647503442
0.209729955019  912  563  563.205876051  26.7896463316  0.0220707226561
0.209729955019  912  585  583.895866422  27.6302942611  -0.00988203120431
0.209729955019  911  606  605.723999505  34.449912563  0.0133069378188
0.209729955019  911  629  628.453631831  36.9570940653  0.0215598068345
0.209729955019  911  652  651.921169429  32.3177509429  0.0390053279907
0.209729955019  911  674  674.267523805  27.3080128995  0.0
0.209729955019  910  697  697.349044393  22.2152404435  0.0346424202422
0.209729955019  910  720  720.1360256  19.6471734693  0.0208052983926
0.209729955019  910  743  743.148903792  16.7491196672  0.0206966853593
0.209729955019  909  766  766.426555551  16.0627044168  0.0270912156283
0.209729955019  909  790  789.957080023  14.6397641125  0.0140272895229
0.209729955019  908  814  813.79203728  13.8036962153  0.00815597882008
0.209729955019  907  838  837.976052351  13.0499529527  0.0137875298868
0.209729955019  907  863  862.477015989  12.6167604351  0.000736443874025
0.209729955019  906  887  887.546543693  12.7365938901  0.0254749081046
0.209729955019  905  913  912.540741421  12.1773627315  0.0163518596809
0.209729955019  904  938  938.314582544  12.5362850138  0.0115258512734
0.209729955019  903  964  964.323044438  12.6501826108  0.0235520172154
0.209729955019  902  991  990.588202781  12.7469238846  0.016690009905
0.209729955019  900  1017  1018.22274677  11.1611057956  0.138231315447
0.403769955019  897  10  10.8146885597  0.210592038118  10.1732750842
0.403769955019  897  25  25.1772139773  5.65855843373  -0.00721747771202
0.403769955019  898  41  40.9373474224  5.70741806254  -0.0193131917423
0.403769955019  899  57  56.8414846124  5.87264735529  -0.0293580146274
0.403769955019  900  73  72.9370806614  6.09542391776  -0.0259756113204
0.403769955019  900  89  89.044054568  6.30892235844  -0.0135625603442
0.403769955019  901  105  105.303623032  6.42634482524  -0.000488564363294
0.403769955019  902  122  121.763289901  6.67531144082  -0.00924772591893
0.403769955019  903  138  138.302484113  7.12812138923  0.019179308166
0.403769955019  903  155  154.847494985  7.55456437698  0.00348377002192
0.403769955019  904  172  171.654884877  8.38139042168  0.00274936771097
0.403769955019  904  189  188.50714948  9.48127918388  0.00122054399896
0.403769955019  905  206  205.74905041  11.2180475449  0.0126976999402
0.403769955019  906  223  223.270973399  14.0162530612  0.0233308675033
0.403769955019  906  241  240.765461107  16.7135182291  0.000925229327107
0.403769955019  907  259  259.090685727  19.9282493112  0.0138901955112
0.403769955019  907  277  277.427480404  0.260222735829  0.0262269311011
0.403769955019  908  295  296.269589178  21.6910605045  0.0499187982152
0.403769955019  908  314  314.548517485  20.7781911099  0.0219027047622
0.403769955019  908  332  332.910079075  19.9082775639  0.0384413338013
0.403769955019  909  351  351.29132063  18.4492341709  0.021932036959
0.403769955019  909  369  369.914532688  17.5863437951  0.0500681637925
0.403769955019  909  388  388.260042998  17.4421937423  0.0239881424033
0.403769955019  910  407  406.826992194  17.0837600606  0.013236854019
0.403769955019  910  426  425.457423779  17.1123867557  0.00729083894548
0.403769955019  910  445  445.304584185  0.400224434393  -7.01079600642
0.403769955019  910  463  463.464720578  19.1473980864  0.0422028534929
0.403769955019  910  483  482.639400327  18.3895987207  0.0156535704493
0.403769955019  911  502  502.364336934  20.4902508125  0.0330530374268
0.403769955019  911  522  522.224137462  21.7512028273  0.0268532501951
0.403769955019  911  543  542.190148622  21.7668702811  0.00138383423287
0.403769955019  911  562  563.347848957  27.0117248277  0.0561916148565
0.403769955019  911  585  584.316961556  0.33466426444  -8.80191615733
0.403769955019  910  606  605.640439575  33.682294375  0.00842241709756
0.403769955019  910  628  628.768120763  41.5415287251  0.0533429788283
0.403769955019  910  652  651.73113596  0.410546963427  0.0284744521738
0.403769955019  910  675  674.623024403  0.315231228163  0.0211024569959
0.403769955019  910  697  697.339947209  22.4103141126  0.0386292594864
0.403769955019  909  720  719.987613982  19.3654404579  0.0222579246341
0.403769955019  909  743  743.053492374  16.9087127403  0.0171106796573
0.403769955019  908  766  766.346003681  16.1474174688  0.0248726991445
0.403769955019  908  790  789.904705778  14.7426937591  0.0188247927811
0.403769955019  907  814  813.699782556  13.7941911218  0.00708906908431
0.403769955019  906  838  837.929621222  12.9025397156  0.00673807460925
0.403769955019  906  863  863.299879662  0.373954643541  -6.08547669311
0.403769955019  905  887  887.461971568  12.8438701547  0.0217069507168
0.403769955019  904  913  912.44730661  12.0961707061  0.0170628465613
0.403769955019  903  938  938.228799247  12.4120093277  0.0106169401852
0.403769955019  902  964  964.227774661  12.8030495632  0.0202428569222
0.403769955019  901  991  990.512138802  12.8870367121  0.0149182259719
0.403769955019  900  1017  1018.04029944  0.155570379536  0.133248363226
0.597809955019  896  9  9.48387400575  5.32657820684  0.0431532859438
0.597809955019  896  25  25.0272634876  5.56081615347  -0.00429083776161
0.597809955019  897  41  40.7842112213  5.75086340783  -0.0280953015974
0.597809955019  898  57  56.6769629291  5.89100063976  -0.0361363956042
0.597809955019  899  73  72.7926223557  6.04648590022  -0.0276184127921
0.597809955019  900  89  88.9253738825  6.27401222243  -0.0213706867388
0.597809955019  900  105  105.160635294  6.45949566247  -0.00704284313438
0.597809955019  901  122  121.600952331  6.7378679913  -0.0165990658839
0.597809955019  902  138  138.16846599  7.02229011443  0.0149829291526
0.597809955019  902  155  154.670387773  7.5363741302  -0.00270085904139
0.597809955019  903  172  171.482296214  8.41781932816  -0.000901454159951
0.597809955019  904  189  188.451967872  9.46227970209  0.000712110266044
0.597809955019  904  206  205.556948656  11.1957217933  0.00247826972584
0.597809955019  905  223  223.066701136  14.1709489984  0.0217316428757
0.597809955019  905  241  240.527498497  16.7476242886  -0.00885735015643
0.597809955019  906  259  258.792749779  19.7603505958  -0.00252274090466
0.597809955019  906  277  277.344528828  21.5970237171  0.0213285641096
0.597809955019  907  295  296.139077353  21.803146924  0.0487428864149
0.597809955019  907  314  314.355806765  20.5170329226  0.0152490469137
0.597809955019  908  333  332.742150218  19.3992982419  -0.0104639231251
0.597809955019  908  351  351.183999551  18.3312226861  0.014074567825
0.597809955019  908  369  369.734942818  17.3794268546  0.0440894396308
0.597809955019  909  388  388.057479735  17.5228923001  0.0228113187459
0.597809955019  909  407  406.281947814  0.313216869597  -8.6046818983
0.597809955019  909  425  425.585664752  18.2002850461  0.0513348066349
0.597809955019  909  445  444.159934365  17.3251344481  -0.00283792871331
0.597809955019  909  463  463.391733393  18.7381559017  0.0385313946583
0.597809955019  910  483  482.620096826  18.1879794548  0.0105761460988
0.597809955019  910  502  502.207168763  0.245606113788  0.0283962929417
0.597809955019  910  522  522.043546354  0.26952534891  0.0257132173943
0.597809955019  910  543  542.002613118  22.9621657094  -0.0116704140045
0.597809955019  910  563  562.822224295  26.6549700923  0.0120545968612
0.597809955019  910  585  583.767202178  27.6773955928  -0.0175665046955
0.597809955019  910  606  605.287531662  33.174016515  0.0018695144943
0.597809955019  909  629  628.381776154  36.4281252416  0.0200411068526
0.597809955019  909  652  651.554251101  33.7531533026  0.0256679977776
0.597809955019  909  675  674.5315015  26.2431368302  0.0174445017714
0.597809955019  909  697  697.553291223  22.787685879  0.0381795502026
0.597809955019  908  719  720.276468958  20.8907921802  0.0558453601407
0.597809955019  908  743  742.937475353  16.9451128047  0.0175554429352
0.597809955019  907  766  766.254188922  16.0389623668  0.0233340357732
0.597809955019  907  790  789.805922203  14.6184884956  0.010969578753
0.597809955019  906  814  813.60589945  13.5032741166  0.00493791680984
0.597809955019  905  837  837.882472067  13.0891595339  0.0274957020742
0.597809955019  905  862  862.425786805  12.804566679  0.018340517645
0.597809955019  904  887  887.413542309  12.9005658524  0.0222289446885
0.597809955019  903  913  913.30722784  0.0709392165227  -5.7189616591
0.597809955019  902  938  938.177522168  12.3897648213  0.0112162250637
0.597809955019  901  964  964.10158805  12.9042238007  0.0180218532841
0.597809955019  900  990  990.558909483  12.9347742919  0.0341648437672
0.597809955019  899  1017  1018.02491796  0.154309270776  0.132611974986
0.791849955019  895  9  9.33041095722  5.3751483278  0.0386260368296
0.791849955019  895  25  24.9170449527  5.6132345911  -0.00559247780887
0.791849955019  896  41  40.5856756343  5.60760198541  -0.0427053817692
0.791849955019  897  56  56.564618549  5.89464582402  -0.00197897630053
0.791849955019  898  73  72.6088020359  6.0766686194  -0.0372284929865
0.791849955019  899  89  88.8044861218  6.38284059317  -0.0167808488259
0.791849955019  899  105  104.988108458  6.46257443724  -0.0208031014965
0.791849955019  900  121  121.496384354  6.69343693621  0.012027184435
0.791849955019  901  138  138.027451617  7.03177643802  0.0145676231388
0.791849955019  901  155  154.538638417  7.62261514658  -0.00745559100729
0.791849955019  902  171  171.430987185  8.34825018423  0.0334834122409
0.791849955019  903  188  188.352163447  9.56708534722  0.0378744728424
0.791849955019  903  205  205.507161471  11.7529695895  0.0374880350729
0.791849955019  904  223  222.90192456  14.0329958703  0.00883995370361
0.791849955019  904  241  241.295061036  0.401386952501  -6.57552446704
0.791849955019  905  258  258.881141118  19.7457202574  0.0455737741662
0.791849955019  905  277  276.983209498  21.6606023455  0.00491577489482
0.791849955019  906  295  295.91025114  21.7280012361  0.0366063465794
0.791849955019  906  314  314.150939842  20.79006687  0.00900680344959
0.791849955019  907  333  332.550976854  19.6751700693  -0.0136842140271
0.791849955019  907  351  351.043766388  18.4659052561  0.0095198364243
0.791849955019  907  369  369.593689056  17.3591226679  0.0348769533173
0.791849955019  908  388  388.022518851  17.0892078418  0.0168623181095
0.791849955019  908  407  406.539755312  16.9063954165  0.000915039781377
0.791849955019  908  425  425.442810556  17.2428622063  0.0456980969579
0.791849955019  908  444  444.195025321  18.1265409001  0.0324707707119
0.791849955019  908  464  463.075237589  17.4322367004  -0.00267258005115
0.791849955019  909  483  482.498907659  18.0378747609  0.00872083870685
0.791849955019  909  502  502.04852095  20.239770789  0.0255006253602
0.791849955019  909  522  521.900497979  22.1592246713  0.0190380083144
0.791849955019  909  542  542.195271687  23.0614441134  0.0225548071137
0.791849955019  909  563  562.743963111  26.7962759854  0.0140937848249
0.791849955019  909  585  584.310561768  0.323383998394  -9.05862192916
0.791849955019  909  606  605.481551176  33.9212036618  0.000209012858563
0.791849955019  908  628  628.258082251  39.7840325178  0.0373547502506
0.791849955019  908  652  651.348789642  30.7222624199  0.0251108940463
0.791849955019  908  673  674.956255198  0.772053497273  0.07635006283
0.791849955019  908  697  697.364989104  22.2670759535  0.0388557084955
0.791849955019  907  720  719.901574861  19.2665125673  0.018281297305
0.791849955019  907  743  742.875000614  16.8687829816  0.0153056150249
0.791849955019  906  766  766.125773707  15.8496040524  0.0178851871117
0.791849955019  906  790  789.766675542  14.5424974789  0.00975019615489
0.791849955019  905  814  813.480529781  13.4064574327  0.00427518903569
0.791849955019  905  837  837.839908574  13.1039596397  0.0253353914945
0.791849955019  904  862  862.400366177  12.722425553  0.022652427569
0.791849955019  903  887  887.273674615  12.5955774865  0.015948178065
0.791849955019  902  912  912.311131885  12.5718300478  0.0306754174691
0.791849955019  901  938  938.046063343  12.380045537  0.00730688480161
0.791849955019  900  964  964.033938378  12.9640132425  0.0189276525492
0.791849955019  899  991  991.308534792  0.380009288967  -5.89274311896
0.791849955019  898  1017  1018.79982076  0.186494837261  13.6767425403
0.985889955019  894  9  9.1446581845  5.3127762508  0.0226827174918
0.985889955019  895  25  24.7315310101  5.39815881019  -0.0165355407881
0.985889955019  895  40  40.4849163841  5.87835329214  -0.00740249021418
0.985889955019  896  56  56.4182763738  5.96446825267  -0.00787303677035
0.985889955019  897  72  72.4947471922  6.04878414165  -0.00174074878312
0.985889955019  898  89  88.6622136115  6.31165254919  -0.0255590382984
0.985889955019  898  105  104.838866934  6.51399607073  -0.0229832062857
0.985889955019  899  121  121.324816093  6.66227967268  0.00565156520181
0.985889955019  900  138  137.882018032  6.94445271188  0.00324451099781
0.985889955019  900  154  154.468534026  7.62688480677  0.0270732994579
0.985889955019  901  171  171.272361865  8.33249098151  0.0317338705654
0.985889955019  902  188  188.241763614  9.42784189748  0.0339353873124
0.985889955019  902  205  205.303342915  11.7398316965  0.0268454028747
0.985889955019  903  223  222.722932568  14.0060288842  0.0020681250049
0.985889955019  903  241  241.319493721  0.414956735126  -6.59761485572
0.985889955019  904  258  258.70545543  19.6215863478  0.0367716368798
0.985889955019  904  277  276.804027413  21.7336973305  -2.17373548453e-06
0.985889955019  905  295  295.737842779  21.6447273548  0.0268967862479
0.985889955019  905  313  314.285307436  20.9225593015  0.0526188367647
0.985889955019  906  332  332.737087253  19.8285059111  0.0233939481997
0.985889955019  906  351  350.955256208  18.3842371734  0.00812283239036
0.985889955019  906  369  369.403887095  17.739058478  0.0288678526241
0.985889955019  907  388  387.912446137  17.3284403554  0.0142008772849
0.985889955019  907  407  399.14939431  18848.6297088  0.133283328547
0.985889955019  907  425  425.252396681  17.0066722465  0.0361899792887
0.985889955019  907  444  443.985128783  18.5109842002  0.0272031712032
0.985889955019  908  464  464.301052409  0.404342762566  -7.00839007838
0.985889955019  908  483  482.346628426  18.1064724346  0.000123429031438
0.985889955019  908  501  502.181335975  20.5721124561  0.0637894514235
0.985889955019  908  521  522.049122822  21.7896912405  0.054241403715
0.985889955019  908  542  542.071604311  23.2059527589  0.0205836529532
0.985889955019  908  563  562.573939517  24.8575170132  0.0102072880065
0.985889955019  908  583  583.45155995  28.874059114  0.0
0.985889955019  908  606  605.228147657  33.1915474921  -0.00482884288086
0.985889955019  907  629  627.775617784  38.208314336  0.0113404691112
0.985889955019  907  651  651.374418111  0.4720705455  0.0464309624881
0.985889955019  907  673  674.83786785  34.2515836328  0.075858228162
0.985889955019  907  697  697.20427386  22.0543205626  0.0291740681919
0.985889955019  906  719  720.079339708  20.6728826065  0.0502830943476
0.985889955019  906  743  742.752120942  17.071733203  0.0134703967828
0.985889955019  905  766  766.037755329  16.0929838656  0.0212944925363
0.985889955019  905  790  789.685838151  14.1623900465  0.00463171840853
0.985889955019  904  813  813.600652415  13.8532134293  0.0239356513587
0.985889955019  904  837  837.684473627  13.0262476331  0.0264397549922
0.985889955019  903  862  862.304093126  12.6837559688  0.0177309464884
0.985889955019  902  887  887.121446569  12.5109075066  0.0133673879617
0.985889955019  901  912  912.230636852  12.5852668192  0.0289404986768
0.985889955019  900  938  937.991111247  12.4110190272  0.00518364807103
0.985889955019  899  964  963.948410594  12.8533273112  0.0182090936001
0.985889955019  898  990  990.397644007  12.8414432129  0.0277225726336
0.985889955019  897  1017  1018.78528249  0.189574625172  13.0685745483
1.17992995502  893  9  8.98816531721  5.36234313879  0.0181371780055
1.17992995502  894  25  24.5801537421  5.46467166497  -0.0270980443709
1.17992995502  894  40  40.3494169081  5.89513042001  -0.00789404560395
1.17992995502  895  56  56.289904042  5.97378128289  -0.0102260876537
1.17992995502  896  72  72.3356923628  6.09616992253  -0.0127453210722
1.17992995502  897  89  88.5294682993  6.25361075292  -0.0237892781108
1.17992995502  897  105  104.718503477  6.62844262327  -0.0298270901795
1.17992995502  898  121  121.182796156  6.70255246259  0.00114600395478
1.17992995502  899  138  137.717951961  6.99630967918  -0.00258306800816
1.17992995502  899  154  154.331066929  7.74241842754  0.0160923568378
1.17992995502  900  171  171.075375111  8.37516322999  0.0218118919936
1.17992995502  901  188  188.100775032  9.5316977385  0.0325695222318
1.17992995502  901  205  205.171619247  11.779176601  0.0170427328897
1.17992995502  902  223  222.519937526  14.0946118742  -0.00562335479934
1.17992995502  902  241  240.105298228  15.9331267268  -0.023695595055
1.17992995502  903  258  258.468569753  20.0152670853  0.0259767930891
1.17992995502  903  276  276.982764509  22.5753732005  0.0380614128831
1.17992995502  904  295  295.646361217  21.8199037476  0.0265724769629
1.17992995502  904  313  314.399357368  22.4349743481  0.112044217899
1.17992995502  905  332  332.53209991  19.8797818449  0.0202678841242
1.17992995502  905  351  350.797873827  18.3369919323  0.00177384299132
1.17992995502  905  369  369.163932352  17.7583677819  0.0141058056524
1.17992995502  906  388  387.771748382  17.3789529439  0.00601903267593
1.17992995502  906  406  406.422382035  16.9028571847  0.0404959575939
1.17992995502  906  425  425.180894842  0.208514904882  0.031896508623
1.17992995502  906  444  443.919433939  17.4099449687  0.0295577211593
1.17992995502  907  463  463.158314713  0.226014991997  0.0312809142099
1.17992995502  907  483  483.284982478  0.103921704802  -7.19254429896
1.17992995502  907  501  502.009809455  20.3929128675  0.0598654038997
1.17992995502  907  522  521.626385304  21.3099840852  0.0146108323005
1.17992995502  907  542  541.880261578  22.9068944839  0.0178793082988
1.17992995502  907  562  562.741724436  26.2299240321  0.037309399749
1.17992995502  907  584  583.503742569  28.3495136208  -8.27387256617e-05
1.17992995502  907  606  605.146829397  33.4987113369  -0.00668434384346
1.17992995502  906  629  627.815563187  36.383583768  -0.000425750273818
1.17992995502  906  651  651.45345551  0.465534742614  0.0461644439072
1.17992995502  906  673  674.783744136  0.791915975894  0.0801523940646
1.17992995502  906  697  696.940675584  0.272059753636  0.0250329446403
1.17992995502  905  719  719.921849272  20.7770893764  0.0467262830927
1.17992995502  905  743  742.632024916  16.9691683223  0.00885783257785
1.17992995502  904  766  765.996225541  16.0666388385  0.017837707045
1.17992995502  904  790  789.615763364  14.1174015217  0.00587599058287
1.17992995502  903  813  813.447591564  13.6852944207  0.0214859185609
1.17992995502  903  837  837.64250065  12.9160598094  0.0247701048568
1.17992995502  902  862  862.193148697  12.7663442696  0.0139992302312
1.17992995502  901  887  887.073224628  12.4181102941  0.0118125079513
1.17992995502  900  912  912.180091292  12.600312635  0.0282030021361
1.17992995502  899  938  937.924018931  12.5436191022  0.00657255171493
1.17992995502  898  964  963.849061825  12.8334820305  0.0148630168978
1.17992995502  897  990  990.274379493  12.9505954137  0.0247968968832
1.17992995502  896  1017  1018.77825787  0.193329622954  12.6876658441
1.37396995502  892  9  8.80627542595  5.08326950357  -0.000414105285936
1.37396995502  893  24  24.506080601  5.72368192187  0.0287168925243
1.37396995502  893  40  40.1910608218  5.9396187805  -0.0213293431478
1.37396995502  894  56  56.1225262528  5.97483160515  -0.0156589223193
1.37396995502  895  72  72.1835125303  6.14703222227  -0.0189189350532
1.37396995502  896  88  88.4177766078  6.23594301168  -0.00692511533563
1.37396995502  896  105  104.59587121  6.57562785717  -0.0277631683599
1.37396995502  897  121  121.024783795  6.72757964173  -0.00467943458525
1.37396995502  898  138  137.597960695  7.01832842131  -0.00603517699254
1.37396995502  898  154  154.225992929  7.59230411446  0.0180569880849
1.37396995502  899  171  170.951612123  8.29910312114  0.0160214237642
1.37396995502  900  188  187.993092226  9.3837451033  0.020598691619
1.37396995502  900  205  205.02991389  11.759689267  0.0154676452033
1.37396995502  901  223  223.224836276  0.0857371004012  -4.79283184219
1.37396995502  901  240  240.111712043  17.1841467906  0.0123790626822
1.37396995502  902  258  258.256808347  19.7888965864  0.0176799552257
1.37396995502  902  276  276.779984975  21.9358806942  0.0407360170267
1.37396995502  903  295  295.413221052  22.395441679  0.0178888032661
1.37396995502  903  313  313.982343198  23.7036790643  0.0429538844818
1.37396995502  904  333  333.275466233  0.377050224973  -7.92441265873
1.37396995502  904  351  350.660162138  18.4412222339  -0.00214212709441
1.37396995502  904  369  369.056475411  17.8042288314  0.0129233690365
1.37396995502  905  387  387.876799629  17.6086175846  0.0418995530209
1.37396995502  905  406  406.325554069  0.20616730185  0.0342907926567
1.37396995502  905  425  424.982328753  17.0973734424  0.0218079603257
1.37396995502  905  443  444.076873224  18.2988132007  0.0698955939269
1.37396995502  906  463  462.907037021  18.5086659719  0.0239946663762
1.37396995502  906  483  483.308727404  0.102398373176  -7.40685407932
1.37396995502  906  501  501.872110895  20.3652550902  0.0531892820059
1.37396995502  906  522  521.577940988  21.1296718027  0.0114109603629
1.37396995502  906  542  541.655878252  23.0994072722  0.0118571993342
1.37396995502  906  562  562.593852689  26.2426424525  0.0338185008841
1.37396995502  906  584  583.497182057  27.2632151751  0.0091985924919
1.37396995502  906  605  605.532750848  35.1531178266  0.0283231325588
1.37396995502  906  629  627.637336005  35.5714362393  -0.00212562755575
1.37396995502  905  651  651.227603216  33.9271111129  0.0363114732232
1.37396995502  905  674  674.236374216  27.7042756042  0.0387647264414
1.37396995502  905  697  696.86656831  22.8489143527  0.0215682319372
1.37396995502  904  719  719.740088671  20.7425121661  0.0430465808585
1.37396995502  904  743  742.559269475  16.9768089378  0.00759036301701
1.37396995502  903  766  765.883831013  15.456176246  0.015193571568
1.37396995502  903  789  789.630846092  14.5103907893  0.0296788697568
1.37396995502  902  813  813.36151718  13.6102261381  0.0200410838403
1.37396995502  902  837  837.610306114  12.969579425  0.0252961613805
1.37396995502  901  862  862.124254115  12.7017638999  0.0105932666941
1.37396995502  900  887  886.962326094  12.3954198072  0.0102618619722
1.37396995502  899  912  912.129834447  12.4281534845  0.030294254449
1.37396995502  898  938  937.828992702  12.4455899193  0.00212138630609
1.37396995502  897  964  963.828868486  12.8894193052  0.0162970855422
1.37396995502  896  990  990.279643139  13.0017931114  0.0252751443335
1.37396995502  895  1017  1018.77414833  0.192079266312  12.6095825986
1.56800995502  891  9  8.66653482442  5.07827865103  -0.00891630477681
1.56800995502  892  24  24.3741286238  5.59223604525  0.0160800713257
1.56800995502  892  40  40.0418525552  5.83520830277  -0.0201618452604
1.56800995502  893  56  55.9612340766  6.0347105193  -0.0282757619643
1.56800995502  894  72  72.0158865707  6.1389763396  -0.0214089643768
1.56800995502  895  88  88.2773464828  6.22688671735  -0.00637436805916
1.56800995502  895  104  104.520254584  6.55658202396  -0.00216317702337
1.56800995502  896  121  120.910520683  6.67392248919  -0.00702531761134
1.56800995502  897  137  137.483790041  7.01625490693  0.0210351435839
1.56800995502  897  154  154.101732646  7.58248670487  0.0154528371512
1.56800995502  898  171  170.806767758  8.26159749944  0.0101214917033
1.56800995502  899  188  187.032878484  20.5355353919  -99.5902461811
1.56800995502  899  205  204.860670143  11.6575826537  0.0027769526042
1.56800995502  900  223  222.285989524  13.0697499586  -0.00961669829224
1.56800995502  900  240  239.846942583  16.6375011974  0.00768028231782
1.56800995502  901  258  258.115055898  19.4804258991  0.0132191627214
1.56800995502  901  276  276.669425312  21.6211852056  0.0279502907429
1.56800995502  902  294  295.519224267  22.4743971527  0.0690000169006
1.56800995502  902  313  313.683436768  0.264383555394  0.0242666048681
1.56800995502  903  331  332.916758107  23.4786631091  0.0897386437787
1.56800995502  903  351  350.512310801  18.7285369612  -0.00985272944387
1.56800995502  903  369  369.028520857  17.9904742883  0.0104465816199
1.56800995502  904  387  387.783770182  17.717769022  0.0401530418748
1.56800995502  904  406  406.222446019  0.207054526262  0.0308405194791
1.56800995502  904  424  425.148669988  17.1056520451  0.0649332394895
1.56800995502  904  443  443.966387811  18.5524014547  0.0643112532546
1.56800995502  905  463  462.903068519  17.5647744597  0.0233324597858
1.56800995502  905  482  482.222347734  17.8465050114  0.0377998370056
1.56800995502  905  501  501.722147556  20.2455436425  0.0507862607841
1.56800995502  905  522  521.436707506  21.2568585003  0.00489628225555
1.56800995502  905  542  541.577033686  22.6801099883  0.007442672162
1.56800995502  905  562  562.458773169  26.1796713446  0.0319290643777
1.56800995502  905  584  583.366332394  28.6938357852  0.000509749442265
1.56800995502  905  607  604.522891632  33.0697857371  -0.0504889191608
1.56800995502  905  629  627.559822085  34.6935410371  -0.0117510201945
1.56800995502  904  650  651.4421094  0.927500551239  0.063723533058
1.56800995502  904  674  674.172910507  27.8468227875  0.0398724126575
1.56800995502  904  697  696.707718472  22.5628041214  0.0193039079289
1.56800995502  903  719  719.635223994  19.4326793158  0.0384734657815
1.56800995502  903  742  742.634099001  17.6951432066  0.0390186734231
1.56800995502  903  766  765.892480052  15.3104614064  0.00989418467123
1.56800995502  902  789  789.519588228  14.668583183  0.0267583994665
1.56800995502  901  813  813.256043475  13.6497391653  0.0180730000427
1.56800995502  901  837  837.537952732  13.1588709619  0.0217012621945
1.56800995502  900  862  862.053793527  12.7008065483  0.0109777357801
1.56800995502  899  887  886.884530684  12.3966646957  0.00903597251266
1.56800995502  898  912  912.02409587  12.3225103955  0.0243802170984
1.56800995502  897  938  937.737660289  12.4003271302  0.00295931429728
1.56800995502  896  964  963.75419162  12.683655209  0.0108464811734
1.56800995502  895  990  990.199282397  12.9788513369  0.0259799586001
1.56800995502  894  1017  1018.77159548  0.192727249421  12.5185492049
1.76204995502  890  9  9.80846334633  0.205686241052  10.1738629271
1.76204995502  891  24  24.2180865524  5.61202140218  0.0151000478935
1.76204995502  891  40  39.9179753159  5.86523607657  -0.0229430846667
1.76204995502  892  56  55.7792174891  5.98946015951  -0.0332814663537
1.76204995502  893  72  71.8729359004  6.15571204268  -0.0310060436607
1.76204995502  894  88  88.1444715992  6.23799534663  -0.00947648852152
1.76204995502  894  104  104.346543666  6.44228368456  -0.00595579820985
1.76204995502  895  121  120.757672588  6.71871294873  -0.0162302663102
1.76204995502  896  137  137.317021164  7.03195102032  0.0160357429593
1.76204995502  897  154  153.865967612  7.59973270594  0.00661401764662
1.76204995502  897  171  170.268491196  0.307601692948  -7.05384268659
1.76204995502  898  188  187.679923181  9.40177731167  0.00727422447134
1.76204995502  898  205  204.707332361  11.0103775224  0.00349189092167
1.76204995502  899  222  222.229712267  13.9142138523  0.0236322932519
1.76204995502  899  240  239.822247139  16.510771294  0.0025385260902
1.76204995502  900  258  257.826722015  19.4600706872  0.00273903657686
1.76204995502  900  276  276.314915812  22.076150485  0.0189824993574
1.76204995502  901  294  295.391652651  22.3679956559  0.0579393461254
1.76204995502  901  313  313.557346902  21.7991013761  0.0226644957307
1.76204995502  902  331  332.606222198  22.7117547567  0.0722580379409
1.76204995502  902  351  350.310825168  18.9081257126  -0.0176109883751
1.76204995502  903  369  368.864826658  17.9258004742  0.00624015081888
1.76204995502  903  387  387.585403383  17.5795768846  0.0352772622086
1.76204995502  903  406  406.079758577  17.4269240638  0.0285970859201
1.76204995502  903  425  424.844246822  16.9478530147  0.0152765711847
1.76204995502  903  443  443.862892151  18.4998862067  0.0567741317177
1.76204995502  904  463  462.793182123  17.7673673688  0.0150543900889
1.76204995502  904  482  482.058095496  0.218401799323  0.0294290826194
1.76204995502  904  501  501.674906699  20.0269989873  0.0469835797896
1.76204995502  904  522  521.248295264  21.0604036603  -0.00151754573922
1.76204995502  904  542  541.654129264  22.1515517066  0.00880813648361
1.76204995502  904  562  562.394280821  25.6480389452  0.0283947297421
1.76204995502  904  585  582.946550268  27.217757365  -0.037945288048
1.76204995502  904  605  604.885254529  34.2423835959  0.0107688639255
1.76204995502  904  629  627.713589846  33.7576422918  -0.0113986501042
1.76204995502  903  650  651.356879951  0.909911430882  0.0644293653874
1.76204995502  903  674  673.841584125  0.354441829265  0.0325524716692
1.76204995502  903  697  696.565466754  22.5426774815  0.0182850843223
1.76204995502  902  719  719.610796677  18.7852740531  0.0315939607276
1.76204995502  902  742  742.523875027  17.8343419661  0.03646955986
1.76204995502  902  766  765.776863581  15.2388848437  0.0118098313288
1.76204995502  901  789  789.403266684  14.757808358  0.0239042607088
1.76204995502  900  813  813.227010055  13.4451925448  0.0125059487799
1.76204995502  900  837  837.424365932  13.2057089328  0.0212825796828
1.76204995502  899  862  861.953982919  12.7341578988  0.0135198278262
1.76204995502  898  887  886.814798162  12.5638706665  0.00904264932197
1.76204995502  897  912  911.928159552  12.3745196073  0.0234208375526
1.76204995502  896  938  937.641406687  12.4339526778  -0.00287908044729
1.76204995502  895  964  963.610986526  12.6331725098  0.013272321525
1.76204995502  894  990  990.01428074  12.858213033  0.0199683424472
1.76204995502  893  1017  1018.77461289  0.196481343433  12.4844575297
1.95608995502  889  8  8.35337270608  5.12744425981  -0.0143310077989
1.95608995502  890  24  24.0492060396  5.53716804732  -0.00304377427525
1.95608995502  891  40  39.7567965989  5.86184101834  -0.0273719426303
1.95608995502  891  56  55.6175186865  5.99773420038  -0.0448570400221
1.95608995502  892  72  71.7020800639  6.14272974897  -0.0372447287742
1.95608995502  893  88  87.9691564661  6.24200065882  -0.0196250482493
1.95608995502  894  104  104.254595399  6.49206543416  -0.00484526469069
1.95608995502  894  121  120.601931543  6.71174473103  -0.0172626103709
1.95608995502  895  137  137.210327306  7.03825458665  0.0125181347597
1.95608995502  896  154  153.852809088  7.5449066  0.00889290108298
1.95608995502  896  171  170.51459074  8.23764003078  -0.00242237593487
1.95608995502  897  188  187.482210083  9.32788904599  -0.000575700307819
1.95608995502  897  205  204.612061399  11.1113937209  0.000828804980127
1.95608995502  898  222  222.019948513  13.826488996  0.0131978357312
1.95608995502  899  240  239.612137175  16.7278113535  -0.000336750870083
1.95608995502  899  258  257.685416669  19.6517138014  -0.00601754027227
1.95608995502  900  276  276.348128222  22.1520956162  0.017629958833
1.95608995502  900  294  295.034485662  22.4766731558  0.0482086585505
1.95608995502  900  313  313.366916265  21.2482079016  0.0170693997584
1.95608995502  901  331  332.177541499  21.0167374076  0.0542121376271
1.95608995502  901  350  350.436318227  19.3275116191  0.0239466835028
1.95608995502  902  369  368.835176276  18.1931375093  0.00410604678486
1.95608995502  902  387  387.396125156  17.9345962114  0.0273891495202
1.95608995502  902  406  406.128409908  0.210929800798  0.030205885266
1.95608995502  902  425  424.546323563  16.9962692467  0.00422691148345
1.95608995502  903  443  443.77166985  18.6779757064  0.0569606801347
1.95608995502  903  463  462.633729574  17.6940643437  0.0104138474712
1.95608995502  903  481  482.275866076  0.25994976372  0.0740418937304
1.95608995502  903  501  501.642402423  20.2384906631  0.0429177360131
1.95608995502  903  521  521.401442921  21.3492827571  0.0373777943974
1.95608995502  903  542  541.501056992  21.9264675137  0.00406157724109
1.95608995502  903  562  562.415885844  25.5149117595  0.0306548961674
1.95608995502  903  585  584.294612157  0.331461527035  -8.24342294004
1.95608995502  903  606  604.542936445  32.7814937978  -0.0138425346826
1.95608995502  903  629  627.241364706  35.0799560604  -0.0243375677519
1.95608995502  902  651  650.932892695  32.4667717578  0.0295073813386
1.95608995502  902  673  674.164769822  29.940627876  0.0676399413005
1.95608995502  902  696  696.601669953  0.286719171107  0.0402107227275
1.95608995502  902  719  719.418961095  0.236672009587  0.0299751549531
1.95608995502  901  742  742.391916616  0.219880338478  0.030518830801
1.95608995502  901  766  765.69463089  15.344900954  0.00935595731931
1.95608995502  900  789  789.252941491  14.7121888809  0.0196951926066
1.95608995502  899  813  813.161427521  13.7220940078  0.0193896844793
1.95608995502  899  837  837.328501461  13.1646636336  0.0159443015148
1.95608995502  898  862  861.841355042  12.6709781869  0.00825737700416
1.95608995502  897  886  886.852540452  13.012126942  0.026545635223
1.95608995502  896  912  911.851015636  12.3386699218  0.0203059033455
1.95608995502  895  938  937.530506677  12.606257891  -0.000339231562729
1.95608995502  894  964  963.569360102  12.6836832841  0.0105530405109
1.95608995502  893  990  990.003768736  13.0245660012  0.0212995059755
1.95608995502  892  1017  1018.77093383  0.193844700368  12.4709351116
2.15012995502  888  8  8.22523329306  5.15513702817  -0.00807205966482
2.15012995502  889  24  23.881211103  5.49738580111  -0.0122267017041
2.15012995502  890  40  39.7017072367  5.55135649327  -0.0431496433353
2.15012995502  890  55  55.5153733209  6.09932242321  -0.00764374993243
2.15012995502  891  71  71.6062967413  6.12122716549  0.00600159094561
2.15012995502  892  88  87.7937928173  6.23819638672  -0.0290916643648
2.15012995502  893  104  104.162988047  6.48438865221  -0.00477842351885
2.15012995502  893  121  121.812160715  0.0522403379891  10.585631695
2.15012995502  894  137  137.053978713  7.10145128143  0.0126329520524
2.15012995502  895  154  153.725789818  7.54058467317  0.00606916214656
2.15012995502  895  171  172.902096778  0.0809285573147  10.8058218063
2.15012995502  896  187  187.484823069  9.85974458847  0.0393710523657
2.15012995502  896  205  204.490480963  11.4343256305  -0.00168624269159
2.15012995502  897  222  221.913287112  13.8139276114  0.0119157315916
2.15012995502  898  240  239.825824913  15.3939128598  0.013794785402
2.15012995502  898  257  257.814390357  19.3078627515  0.0489047795425
2.15012995502  899  276  276.273309757  21.6213716968  0.0138976057543
2.15012995502  899  294  294.935100102  22.3918532379  0.0488635941048
2.15012995502  899  313  313.551432227  21.7040079048  0.0172779553757
2.15012995502  900  331  331.925459492  20.6640169196  0.0393965928757
2.15012995502  900  350  350.302152784  19.0395932149  0.0209679124905
2.15012995502  901  369  368.673486884  17.9722436414  -0.0026508208497
2.15012995502  901  387  387.260265277  17.9320725346  0.0245362254012
2.15012995502  901  405  406.25321123  18.7427878024  0.0700695182473
2.15012995502  901  425  424.336654489  16.9936631377  0.00317247165284
2.15012995502  902  443  -7687.82334095  33508.7152504  -0.122569096449
2.15012995502  902  463  462.473022851  17.609053216  0.005735929356
2.15012995502  902  482  481.821759305  0.223126472777  0.0290532253757
2.15012995502  902  501  501.482709713  20.1858436982  0.0381966430529
2.15012995502  902  521  521.248121021  21.169240893  0.0317944574684
2.15012995502  902  542  541.324558368  22.6014962526  -0.00312826450636
2.15012995502  902  562  562.249935349  24.1470042201  0.0390625725066
2.15012995502  902  583  583.284412678  29.4622947972  0.0281163243304
2.15012995502  902  605  604.944845341  32.3520591272  0.0201035322329
2.15012995502  902  628  627.356538639  37.5808212818  0.00555396178378
2.15012995502  901  652  650.312817527  30.2632006656  -0.0109044133247
2.15012995502  901  673  674.075680094  28.3540028418  0.0650709877537
2.15012995502  901  696  696.624437568  0.283572867742  0.040266709304
2.15012995502  901  719  719.348539741  19.2308599378  0.0305558954777
2.15012995502  900  742  742.270906423  17.1076388911  0.0224574142979
2.15012995502  900  765  765.659479737  15.6055889288  0.039676364449
2.15012995502  899  789  789.107223794  14.6485008255  0.0140245622949
2.15012995502  898  813  812.945874505  13.7807041613  0.0125065960275
2.15012995502  898  837  837.295369059  12.9419591397  0.0167412526932
2.15012995502  897  862  861.797740315  12.6496783041  0.00612529503878
2.15012995502  896  887  886.741516325  12.5549067981  0.00891895599331
2.15012995502  895  912  911.791002356  12.547564859  0.0299913415905
2.15012995502  894  937  937.636073113  12.7285437784  0.0156541236552
2.15012995502  893  964  963.58624955  13.2327809183  0.0202783840508
2.15012995502  892  990  990.053606684  13.2450637405  0.0212615036116
2.15012995502  891  1017  1018.76529493  0.190298821729  12.3899739603
