# Band 2C   Etalon 1A   Slice 13
# Distortion map version 06.04.00 - date 2018-10-09
# Trace (isoalpha): Take pixel trace along specified slice, specified alpha position trace is built by taking the pixel in every detector row with alpha value closest to the one specified 
# xpos[i] = np.argmin(alpha_img[i,:])+funcs.find_nearest(alpha_img[i,:][(slice_img[i,:]!=0)],alpha_pos)
#    alpha       x  y      center         FWHM          skewness
0.0  735  10  10.2743561246  5.7102124413  0.0229511819364
0.0  735  26  26.2683109354  6.13579096385  -0.00228609810208
0.0  736  42  42.4794894526  6.23448001081  0.00273685734286
0.0  737  59  58.7196110059  6.4472505549  -0.0354014181497
0.0  738  75  75.187931887  6.64040536252  -0.0222386136952
0.0  738  92  91.7018024145  6.72085665087  -0.0292494870244
0.0  739  108  108.436169705  6.93093481477  0.00155937404768
0.0  740  125  125.243655414  7.18145420871  0.00393519706308
0.0  740  142  142.119945998  7.49749284734  0.0104637802115
0.0  741  159  159.177841066  8.12192951655  0.0173455865188
0.0  742  176  176.417894453  9.00763430744  0.0243414695973
0.0  742  194  193.601446177  9.73750944611  0.00936895108921
0.0  743  211  211.1335301  11.5680792344  0.0230865676791
0.0  743  229  228.660564993  13.7626131279  0.00410550899497
0.0  744  247  246.471157654  16.2350038528  -0.00691690062677
0.0  744  265  264.681933482  19.7325272441  -0.0023089882578
0.0  745  283  283.369365835  25.8540509653  0.016228496651
0.0  745  303  302.353813137  29.2362898106  -0.0147076222042
0.0  746  322  320.28825751  0.396239681325  -11.453640629
0.0  746  341  341.509306258  26.8455911573  0.0307621879612
0.0  746  360  360.580450762  24.2705180454  0.0416022410751
0.0  747  379  379.673327388  23.3821707626  0.0464203686251
0.0  747  399  398.329760475  19.6862671026  -0.00295027465565
0.0  747  417  417.95135146  19.8023527502  0.0550464489648
0.0  747  437  436.952878367  18.5214075345  0.0256769638305
0.0  748  457  457.279103728  0.378941413228  -7.59767727557
0.0  748  476  476.134111546  17.7470714084  0.0335766688139
0.0  748  496  496.008746584  17.9706023303  0.0276322150588
0.0  748  516  516.168050172  18.177005348  0.0257237038158
0.0  748  537  536.516989302  18.942917967  0.00748648337709
0.0  748  558  557.203207978  20.0683661628  -0.00136140770361
0.0  748  579  578.440317605  21.4385451129  -0.00143349515399
0.0  748  600  600.314380921  25.1336788161  0.0235412949065
0.0  748  623  622.351431147  28.468277095  0.00389845878923
0.0  747  646  645.225272272  31.6085341426  0.0163107288578
0.0  747  669  668.815651512  0.390868713906  0.0182568202277
0.0  747  693  692.483499503  26.2036055564  0.0143560079096
0.0  747  716  716.246965145  21.9016958365  0.0285998258943
0.0  746  739  739.921416881  20.4334196983  0.0454799149067
0.0  746  763  763.523371997  18.0349244714  0.0262982257129
0.0  745  787  787.427164275  16.3143410817  0.0202684681045
0.0  745  812  811.577343749  14.7505661782  0.00301219271315
0.0  744  836  836.132637051  13.6653971957  0.0102825712896
0.0  743  861  861.008215034  13.11482084  0.0144710951948
0.0  742  886  886.188341287  13.1934849584  0.0137025200118
0.0  742  912  911.596021858  12.6962554629  0.0216140276834
0.0  741  938  937.673903597  12.6522574275  0.000146440681607
0.0  740  964  964.059088684  13.1805996668  0.0232612667645
0.0  739  991  990.796727432  13.2781250386  0.0149355546907
0.0  737  1018  1019.78854746  0.198916782533  12.8148932615
-1.8608495574  744  11  10.621960327  5.64894089054  -0.0202519459207
-1.8608495574  745  27  26.6261349598  5.90171900163  -0.0272019406844
-1.8608495574  746  43  42.8113586945  6.27202360256  -0.019791981747
-1.8608495574  746  59  58.9372569162  6.11484727039  -0.0163384782077
-1.8608495574  747  75  75.4647378651  6.59364811707  -0.0136486274973
-1.8608495574  748  92  91.9580476124  6.73857468206  -0.0323844581645
-1.8608495574  749  109  108.620606882  7.39983316146  -0.0132773879908
-1.8608495574  749  125  125.473090139  7.21166736964  0.0163006862485
-1.8608495574  750  142  142.408375998  7.62848921296  0.0155622236323
-1.8608495574  750  158  159.344104864  9.14306187432  0.0526727576622
-1.8608495574  751  177  176.519570545  8.81532283807  -0.00212085878709
-1.8608495574  752  194  194.009017379  9.88121968693  0.00796951958058
-1.8608495574  752  211  211.411715055  0.139081863803  0.0473727651483
-1.8608495574  753  229  229.123793165  13.4507551307  0.00323834251547
-1.8608495574  753  247  246.840153364  0.185243196744  0.0346999050249
-1.8608495574  754  266  265.176228587  17.5539537389  -0.036819323366
-1.8608495574  754  283  283.939368341  0.331758378244  0.0756749927721
-1.8608495574  755  303  302.974007373  0.299540152096  -0.0218714231777
-1.8608495574  755  321  322.446082745  0.414573388441  0.0542022306453
-1.8608495574  756  341  340.352910573  0.384006827773  0.0169582799183
-1.8608495574  756  360  360.403580049  23.8305937478  0.013251632888
-1.8608495574  756  379  379.442284273  0.260609881462  0.0252718736738
-1.8608495574  756  397  397.087938131  24.539084582  0.0477429985272
-1.8608495574  757  417  417.820804451  20.6980076773  0.0370952685095
-1.8608495574  757  437  436.889646457  18.8076437884  0.020121917845
-1.8608495574  757  456  456.488417942  18.7151600203  0.0417537384768
-1.8608495574  757  476  476.015539493  18.4815305881  0.0282395700696
-1.8608495574  757  497  496.276533466  0.0997381334943  -7.56932645786
-1.8608495574  757  516  515.991946288  18.9258709294  0.0229298208169
-1.8608495574  758  537  536.874816671  21.4682296754  0.0437865235861
-1.8608495574  758  558  558.648594192  0.314256015381  -0.0215230546218
-1.8608495574  757  578  578.600794689  23.8111031784  0.0326178614424
-1.8608495574  757  601  600.279998576  0.288737664334  -9.0886877289
-1.8608495574  757  622  622.662660246  28.5949640763  0.0364526297391
-1.8608495574  757  645  645.570942902  0.413117049566  0.0524629263671
-1.8608495574  757  668  668.7859892  0.953317677598  0.0790300044319
-1.8608495574  756  692  694.260936539  23.1212720293  0.0721319947211
-1.8608495574  756  715  715.802325151  22.3387058761  0.0504224822422
-1.8608495574  756  738  739.019699743  0.279324315179  0.0670971776474
-1.8608495574  755  763  762.727351971  16.5486370951  -0.00378838164441
-1.8608495574  755  786  786.632644033  16.5305838723  0.045724211255
-1.8608495574  754  811  810.977637494  14.8999574029  0.01568545247
-1.8608495574  753  838  839.913762021  0.138831398682  11.1723763366
-1.8608495574  753  860  860.31017147  13.8453319531  0.0340802114383
-1.8608495574  752  886  885.662532041  12.9131773427  0.0209021623164
-1.8608495574  751  911  911.056134349  12.4187018992  0.0170284362987
-1.8608495574  750  937  937.281082445  12.0183280818  0.000354100545592
-1.8608495574  749  963  963.607155001  12.4844176436  0.0159329457401
-1.8608495574  748  990  990.206078073  12.9545679057  0.0157794839792
-1.8608495574  747  1018  1019.80131947  0.212701311999  12.6256461668
-1.6829795574  743  11  10.5622764699  5.78028545408  -0.0152051146174
-1.6829795574  744  27  26.5844123437  6.00870006162  -0.0268429382662
-1.6829795574  745  43  42.7873378495  6.27228745438  -0.0238346220912
-1.6829795574  746  59  59.0351681397  6.4474153014  -0.0297686967696
-1.6829795574  746  75  75.4819288911  6.62825279757  -0.00868926728125
-1.6829795574  747  92  91.9880282849  6.76386428289  -0.0250735302237
-1.6829795574  748  109  108.656255997  6.92040207415  -0.0266662923368
-1.6829795574  748  125  125.468257563  7.11610437751  0.0160688575954
-1.6829795574  749  142  142.391918597  7.56229320215  0.0192433446981
-1.6829795574  750  159  159.433413834  8.48152013386  0.0272803683778
-1.6829795574  750  177  176.501405846  8.69464940502  0.00298728833446
-1.6829795574  751  194  193.831831992  9.77786456633  0.0141143661345
-1.6829795574  751  211  211.276830112  11.7404507181  0.0233109919791
-1.6829795574  752  229  228.878177449  13.5966113986  0.00848544877282
-1.6829795574  752  247  246.623255036  16.2554306593  -0.000656313367673
-1.6829795574  753  265  264.94240491  19.5155848144  0.00428239654547
-1.6829795574  753  283  283.512093487  26.2736972785  0.0189627916126
-1.6829795574  754  303  302.695369008  28.0009184287  0.00163982341253
-1.6829795574  754  321  322.625873411  1.07448808632  0.0752683788315
-1.6829795574  755  341  341.530877343  26.5554589584  0.0294944843092
-1.6829795574  755  360  360.648233801  24.2207642391  0.033354276231
-1.6829795574  755  379  379.620674888  23.2575677805  0.0498354948367
-1.6829795574  756  399  398.414386852  19.7078038231  1.75728093985e-05
-1.6829795574  756  417  417.677736418  19.9161230063  0.0478086811297
-1.6829795574  756  437  436.918432163  18.0308953051  0.0278108028996
-1.6829795574  756  456  456.461025433  18.2093577591  0.0440738491602
-1.6829795574  756  476  475.979563335  17.0124204653  0.0289481275761
-1.6829795574  756  495  496.099548503  17.488871894  0.0626607032844
-1.6829795574  757  516  515.991946288  18.9258709294  0.0229298208169
-1.6829795574  757  536  536.540967666  19.8963039713  0.0369163394634
-1.6829795574  757  557  557.392285291  20.7591728905  0.031606109338
-1.6829795574  757  578  578.600794689  23.8111031784  0.0326178614424
-1.6829795574  756  601  599.833345454  24.2927233631  -0.0172770701216
-1.6829795574  756  622  622.403005132  29.9722888819  0.0290492023206
-1.6829795574  756  646  645.217180176  30.1813773024  0.0099606798297
-1.6829795574  756  669  668.938555792  28.8609104072  0.0326402455148
-1.6829795574  756  692  692.483258708  25.5447991786  0.0401239446518
-1.6829795574  755  715  716.117692844  23.7317696024  0.0537333638143
-1.6829795574  755  739  739.338842562  0.245516772577  0.0280682159238
-1.6829795574  754  763  762.930873503  16.7770571471  0.00749659406816
-1.6829795574  754  786  787.038735067  0.1971191315  0.033097360004
-1.6829795574  753  811  811.209222816  14.5855241126  0.0170940174137
-1.6829795574  753  836  835.665769519  14.021356689  0.000822268934603
-1.6829795574  752  861  860.508058505  13.1806323699  0.00645553760956
-1.6829795574  751  886  885.789292385  12.7135162212  0.0128579026787
-1.6829795574  750  911  911.291773193  12.7248268971  0.0316477302795
-1.6829795574  749  937  937.293194597  12.7922760791  0.0192277291405
-1.6829795574  748  963  963.627671261  13.0544139991  0.0295256128912
-1.6829795574  747  990  990.314633042  13.7613704617  0.0268410183484
-1.6829795574  746  1018  1019.77896968  0.206277664058  12.4562186285
-1.5051095574  742  10  10.5490103852  5.73697279487  0.0282454548022
-1.5051095574  743  27  26.5522096903  6.08152023477  -0.026666464433
-1.5051095574  744  43  42.7563095688  6.21674143608  -0.0303392406215
-1.5051095574  745  59  59.0015211045  6.53012758241  -0.0205068094396
-1.5051095574  745  75  75.453941568  6.61204890801  -0.0135347480667
-1.5051095574  746  92  91.9821422912  6.77270681237  -0.0273443327173
-1.5051095574  747  109  108.622813582  6.91770731242  -0.0215304329943
-1.5051095574  747  125  125.442225407  7.18133686203  0.00671684955242
-1.5051095574  748  142  142.379157384  7.473035388  0.0204046334609
-1.5051095574  749  159  159.372038681  8.16382896739  0.0303671388344
-1.5051095574  749  176  176.555720029  9.00204381937  0.0352323761429
-1.5051095574  750  194  193.802535625  9.74733049678  0.0154413699485
-1.5051095574  750  211  211.209220084  11.7036899503  0.0240032673503
-1.5051095574  751  229  228.80776522  13.4474152761  0.00703081998763
-1.5051095574  752  247  246.719052219  16.3324698236  0.00233588265727
-1.5051095574  752  265  264.806637447  19.7383939849  -0.00110053370665
-1.5051095574  752  283  283.285812621  26.2965570457  0.0139341483075
-1.5051095574  753  303  302.453966571  29.3026688038  -0.0112531037707
-1.5051095574  753  321  322.445689473  36.1377512902  0.0733570691148
-1.5051095574  754  341  341.707801247  26.7759768061  0.0337585114147
-1.5051095574  754  360  360.81426456  24.0832616423  0.0374092477402
-1.5051095574  754  379  379.802008315  23.0003410586  0.0545307670107
-1.5051095574  755  399  398.465574161  19.5274931483  0.000236666926237
-1.5051095574  755  417  417.712675292  19.7100842221  0.0492496226909
-1.5051095574  755  437  436.995181867  0.215117569818  0.0298250201869
-1.5051095574  755  456  456.46346241  17.9292344173  0.0432101048577
-1.5051095574  755  476  475.94927174  16.7177866787  0.0217781945893
-1.5051095574  756  495  496.181301859  17.6839089448  0.0630833854877
-1.5051095574  756  515  516.248106233  19.5617836944  0.0612115988965
-1.5051095574  756  537  536.344322589  18.9861597434  3.96596353037e-05
-1.5051095574  756  558  558.314923925  0.356279331394  -7.47438218555
-1.5051095574  756  578  578.451732256  23.4146557424  0.0320613214867
-1.5051095574  756  601  599.880417527  25.2571363526  -0.00994477620332
-1.5051095574  755  623  621.996669252  28.2739999633  -0.00742703206207
-1.5051095574  755  646  645.036155051  32.5010224045  -0.00309896491901
-1.5051095574  755  670  668.628140177  28.9650057582  -0.00579381032003
-1.5051095574  755  692  692.541895555  25.9077785982  0.0413224306456
-1.5051095574  754  715  716.238329039  24.1666871944  0.0557142042762
-1.5051095574  754  739  739.57911696  20.0327991146  0.0320024723711
-1.5051095574  753  763  763.126349641  17.7208044413  0.0192093299468
-1.5051095574  753  787  787.036129503  15.9079618596  0.0122802887304
-1.5051095574  752  811  811.277984353  14.5963075613  0.0153436582622
-1.5051095574  752  835  835.854031164  14.3275563558  0.0270610173728
-1.5051095574  751  861  860.611593782  12.96216168  0.00697871376642
-1.5051095574  750  886  885.856329767  12.6460437452  0.0102520243751
-1.5051095574  749  911  911.300833681  12.9094913283  0.0372819305916
-1.5051095574  748  937  937.347055844  12.5628987098  0.0177749283344
-1.5051095574  747  963  963.596414131  13.1048457965  0.0302510524212
-1.5051095574  746  990  990.428798518  13.6347654983  0.0240036991931
-1.5051095574  745  1018  1019.78851722  0.208008510812  12.763071441
-1.3272395574  741  10  10.5236546915  5.78481882541  0.0224047140767
-1.3272395574  742  26  26.5640627398  6.07173216427  0.0213001756318
-1.3272395574  743  43  42.6706346787  6.23660982162  -0.0350711902951
-1.3272395574  744  59  58.9659686116  6.44366066648  -0.0321377966799
-1.3272395574  744  75  75.3936780032  6.56999632882  -0.0103099938869
-1.3272395574  745  92  91.9339144312  6.80388102281  -0.0229879713238
-1.3272395574  746  109  108.592219399  6.93388128329  -0.0213594584932
-1.3272395574  747  125  125.415310788  7.18423459147  0.0101976115225
-1.3272395574  747  142  142.351823932  7.45947632627  0.0176943971025
-1.3272395574  748  159  159.328755233  8.30234583024  0.0206102172987
-1.3272395574  748  177  176.4449984  8.68262152108  0.00457862086069
-1.3272395574  749  194  193.758835254  9.71607999469  0.013246866755
-1.3272395574  750  211  211.241068831  11.5719169531  0.023598492013
-1.3272395574  750  229  228.795945078  13.4592825522  0.00537713551351
-1.3272395574  751  247  246.629588096  16.4934198091  0.00297503753443
-1.3272395574  751  265  264.849862  19.5984935684  0.000203235320339
-1.3272395574  752  283  283.512514184  23.5376144233  0.0258111876232
-1.3272395574  752  302  302.860141453  29.0362243168  0.0507788740982
-1.3272395574  752  321  322.448196876  1.08107154233  0.0757132795918
-1.3272395574  753  341  341.589001695  27.8617856009  0.0304325867533
-1.3272395574  753  360  360.645647229  24.4868812208  0.0342375783987
-1.3272395574  753  379  379.798092414  23.4077250374  0.0515618311235
-1.3272395574  754  399  398.55729843  19.7793257073  0.00326895240262
-1.3272395574  754  417  417.743115951  20.0400352273  0.0542169266405
-1.3272395574  754  437  437.057947197  0.212915425278  0.0312393118536
-1.3272395574  754  456  456.466654276  17.9485284754  0.0456874061135
-1.3272395574  755  476  475.990428096  17.5336315146  0.0262071169638
-1.3272395574  755  496  495.982018231  16.8492809864  0.0269314603459
-1.3272395574  755  515  516.316128675  19.170260721  0.0638790112448
-1.3272395574  755  537  536.290647245  18.4890063367  -0.00255452674762
-1.3272395574  755  557  557.232832644  0.240523056745  0.0269545751789
-1.3272395574  755  578  578.452690073  22.6112183539  0.0284764137154
-1.3272395574  755  601  599.744075899  25.5318108395  -0.0129375237664
-1.3272395574  754  623  622.074566226  28.3645778976  -0.00721451723484
-1.3272395574  754  646  644.941928846  30.9875397346  -0.000517420596641
-1.3272395574  754  669  668.828686041  30.0389228707  0.0259728472541
-1.3272395574  754  692  692.637044742  26.6755838104  0.0446828891973
-1.3272395574  753  715  716.355404253  23.9100970093  0.0600843375008
-1.3272395574  753  739  739.573451638  20.2521626867  0.0338269665094
-1.3272395574  753  763  763.261045991  17.6560428041  0.0210169160869
-1.3272395574  752  787  787.079928746  15.8302874904  0.0133906004512
-1.3272395574  751  811  811.306126527  14.6375820038  0.0176955097033
-1.3272395574  751  835  835.93884165  14.3396035793  0.0283335285988
-1.3272395574  750  861  860.682053967  12.9342117969  0.0082443382737
-1.3272395574  749  886  885.857144669  13.0011399963  0.0132148529627
-1.3272395574  748  912  911.322145251  12.3935928687  0.0168429646847
-1.3272395574  748  937  937.303624716  12.4818756965  0.0171274871588
-1.3272395574  747  963  963.698876016  13.0196266709  0.0277940925944
-1.3272395574  745  990  990.40881182  13.6418890118  0.0259126904446
-1.3272395574  744  1018  1019.78583728  0.206541559473  12.6532023382
-1.1493695574  740  10  10.4664787332  5.68795334787  0.0232530025763
-1.1493695574  741  26  26.486538593  6.12425371709  0.0120448153408
-1.1493695574  742  43  42.6226825731  6.25924934522  -0.0322631245666
-1.1493695574  743  59  58.9098801755  6.50250076882  -0.0316715536772
-1.1493695574  743  75  75.4234580025  6.59021273194  -0.0149082595013
-1.1493695574  744  92  91.8890154418  6.72734791507  -0.020824742448
-1.1493695574  745  108  108.58965483  6.95824557558  0.00375254260988
-1.1493695574  746  125  125.389450867  7.13007399905  0.00525123298739
-1.1493695574  746  142  142.268904065  7.56295126256  0.0156818404431
-1.1493695574  747  159  159.33643788  8.25126546505  0.0236086815854
-1.1493695574  748  177  176.50301152  8.73586552565  0.00108742651288
-1.1493695574  748  194  193.682183566  9.75626662357  0.00900643543861
-1.1493695574  749  211  211.170664024  11.6188837378  0.0261262661097
-1.1493695574  749  229  228.770158902  13.5863299187  0.00246227639177
-1.1493695574  750  247  246.701691682  16.2476969336  0.00116758194653
-1.1493695574  750  265  264.751591846  19.7570515897  0.00286405574367
-1.1493695574  751  283  283.459694364  23.7952903877  0.0294860970286
-1.1493695574  751  302  302.794162995  28.383467963  0.0510302919992
-1.1493695574  752  321  322.7818161  1.05597025301  0.0760470441078
-1.1493695574  752  341  341.575266085  0.347050512074  0.0331433444624
-1.1493695574  752  360  360.72968197  24.6265562962  0.0389279500554
-1.1493695574  753  379  379.805614984  23.5220396786  0.0525856746635
-1.1493695574  753  399  398.502630971  19.7599872929  0.00221440168535
-1.1493695574  753  418  417.621113337  18.6022740878  0.0105419764883
-1.1493695574  753  437  437.022521225  17.7029525685  0.026129197017
-1.1493695574  753  456  456.578345444  18.0327041337  0.0466323295934
-1.1493695574  754  476  475.97305337  17.5134453149  0.0234991945405
-1.1493695574  754  496  495.832319151  17.6759414118  0.021578766361
-1.1493695574  754  516  516.022071674  18.019819504  0.0245539016371
-1.1493695574  754  537  536.2573988  18.6707788669  -0.00166616587832
-1.1493695574  754  557  557.247901713  0.243697068042  0.0270796155369
-1.1493695574  754  578  578.494885778  22.7103563708  0.0289590323792
-1.1493695574  754  600  600.150042737  0.309156896546  0.0219244074976
-1.1493695574  754  623  622.126015784  28.508871834  -0.00645510110372
-1.1493695574  753  646  645.163692803  30.9772900214  0.00452818332343
-1.1493695574  753  668  669.235540824  33.943694873  0.0589600792936
-1.1493695574  753  692  692.536618326  26.7412000089  0.0406386634556
-1.1493695574  752  715  716.533019151  23.7670526228  0.0629056997911
-1.1493695574  752  739  739.640828664  20.2906944013  0.0355613379492
-1.1493695574  752  763  763.209941874  17.4862293821  0.0211821381861
-1.1493695574  751  787  787.070858044  15.7128326045  0.0148055443641
-1.1493695574  751  811  811.393092051  14.6003786153  0.0169115256628
-1.1493695574  750  836  835.835998968  13.79712337  0.00637058083117
-1.1493695574  749  861  860.715040528  12.9690308949  0.00725318337865
-1.1493695574  748  886  885.888760283  12.9463533668  0.00919981499645
-1.1493695574  748  912  913.80238202  0.207018023222  12.3957437741
-1.1493695574  747  937  937.358892964  12.5654642417  0.0131635618761
-1.1493695574  746  964  963.600168233  12.8823924052  0.0137169538646
-1.1493695574  745  990  990.514071951  13.6293299274  0.0269233922324
-1.1493695574  743  1018  1019.79180273  0.209338054959  12.7613389169
-0.971499557395  739  10  10.4728761318  5.70778268245  0.0226951310233
-0.971499557395  740  26  26.4576503215  6.03631052996  0.0122811058337
-0.971499557395  741  43  42.5772351089  6.34661273523  -0.0356004306121
-0.971499557395  742  59  58.8895453334  6.40268813216  -0.0328843787238
-0.971499557395  743  75  75.3579897233  6.65905337765  -0.010602135951
-0.971499557395  743  92  91.8718507577  6.75063554764  -0.0273759574925
-0.971499557395  744  108  108.527846616  6.85318657835  -0.00167203431957
-0.971499557395  745  125  125.382131882  7.19293286919  0.0107360143511
-0.971499557395  745  142  142.269504675  7.581790124  0.0124561822575
-0.971499557395  746  159  159.295853201  8.30473866448  0.0215400306336
-0.971499557395  747  177  176.423952555  8.76711087381  0.000432020733151
-0.971499557395  747  194  193.70550959  9.75428206332  0.00889417640968
-0.971499557395  748  211  211.155017042  11.5512857045  0.0211856422886
-0.971499557395  748  229  228.764688215  13.5676174466  0.00280824130892
-0.971499557395  749  247  246.687749782  16.4035816368  0.00232234043781
-0.971499557395  749  265  264.82279501  19.6307621087  0.00849955089124
-0.971499557395  750  283  283.590351509  23.9600561951  0.0296996703591
-0.971499557395  750  302  302.735667951  28.6658397334  0.0382764487505
-0.971499557395  751  321  321.725521487  34.098815227  0.0
-0.971499557395  751  341  341.677649312  27.2361529701  0.0372243318735
-0.971499557395  751  360  360.756060626  25.0114667766  0.041173154733
-0.971499557395  752  379  379.702719787  23.1591420393  0.0488584901849
-0.971499557395  752  399  398.539481162  19.4513353592  0.00436565588313
-0.971499557395  752  417  417.941310026  20.100724837  0.0593371339998
-0.971499557395  752  437  437.012762492  17.8878030657  0.0259682075817
-0.971499557395  753  456  456.484154379  18.0445719559  0.0438154110992
-0.971499557395  753  476  475.889741243  17.5919616271  0.0215009076953
-0.971499557395  753  496  495.887918214  16.6841512078  0.0234467748498
-0.971499557395  753  515  516.296028678  17.7223890612  0.0627334164319
-0.971499557395  753  536  536.499406706  18.6278077267  0.0365722368031
-0.971499557395  753  557  557.250971416  0.241786860063  0.0267510809644
-0.971499557395  753  578  578.499719851  22.4800307152  0.0288933384847
-0.971499557395  753  600  600.123923453  25.2775603099  0.016394953477
-0.971499557395  753  623  622.111416769  28.6415090925  -0.00855515689675
-0.971499557395  752  645  645.55365814  33.1141848375  0.0381688506169
-0.971499557395  752  669  668.760971715  29.603493511  0.0273522827845
-0.971499557395  752  692  692.690795694  26.5326009326  0.0413170745426
-0.971499557395  752  715  716.358198467  0.315193014571  0.0588426402896
-0.971499557395  751  739  739.648687317  20.2452502192  0.034847014337
-0.971499557395  751  763  763.272969253  17.5005539723  0.0183905187363
-0.971499557395  750  787  787.092717045  15.86923489  0.0149671581394
-0.971499557395  750  811  811.399973404  14.5273759425  0.0172244154271
-0.971499557395  749  836  835.835400154  13.7646375184  0.00862781420081
-0.971499557395  748  861  860.771053216  12.9946950541  0.00655932902422
-0.971499557395  747  886  885.864846144  13.1254971959  0.0113196847108
-0.971499557395  747  912  911.319861013  12.6664216362  0.0142350727352
-0.971499557395  746  938  938.299997608  0.381242812414  -6.01102920324
-0.971499557395  745  964  963.670810675  13.032689914  0.0123724878091
-0.971499557395  744  991  991.296861113  0.385588397143  -6.04945461254
-0.971499557395  742  1018  1019.77985064  0.199046808157  12.5817448629
-0.793629557395  739  10  10.4196539668  5.76998088836  0.0243954601859
-0.793629557395  739  26  26.4253004127  6.11634365351  0.0029775016086
-0.793629557395  740  42  42.6071623534  6.26825988845  0.00446858210585
-0.793629557395  741  59  58.8653107501  6.4226059278  -0.0343221315024
-0.793629557395  742  75  75.3263143781  6.58850187819  -0.0148817688073
-0.793629557395  742  92  91.8340673005  6.7206324839  -0.0220649093444
-0.793629557395  743  108  108.546729182  6.87264814785  0.0032160873571
-0.793629557395  744  125  125.33349993  7.14195710074  0.005965369364
-0.793629557395  744  142  142.201255655  7.49604295757  0.0121819840996
-0.793629557395  745  159  159.263591595  8.03698393945  0.0221368724906
-0.793629557395  746  176  176.490472223  9.09709242517  0.0291667948235
-0.793629557395  746  194  193.670356385  9.74403186392  0.00904523051088
-0.793629557395  747  211  211.14575577  11.5171011493  0.0219200506739
-0.793629557395  747  229  228.669557382  13.6421080816  -0.0060295036234
-0.793629557395  748  247  246.607541525  16.3366519817  -0.000501532594987
-0.793629557395  748  265  264.75559448  19.3020360439  0.00977350271018
-0.793629557395  749  283  283.460721507  26.1792956591  0.0165792559614
-0.793629557395  749  303  302.448036295  29.7398050917  -0.0152029907911
-0.793629557395  750  321  322.576680798  35.3377289057  0.0754213722438
-0.793629557395  750  341  341.80194083  26.9786371905  0.0382077714047
-0.793629557395  750  360  360.577019988  0.308665529069  0.0377622853435
-0.793629557395  751  379  379.684901326  23.4709165128  0.0476415475717
-0.793629557395  751  399  398.586836823  19.4462251916  0.00665493629158
-0.793629557395  751  417  -26780.1869422  111733.018605  -0.114152943444
-0.793629557395  751  437  437.024352078  18.7786854649  0.0266246998948
-0.793629557395  752  457  457.307898581  0.385959412759  -7.06278904032
-0.793629557395  752  476  476.003990325  17.8102138866  0.0262550654792
-0.793629557395  752  496  495.789002342  17.662233899  0.0173050700034
-0.793629557395  752  516  516.090415084  18.0359990083  0.0271814039097
-0.793629557395  752  536  536.507002418  18.6522750463  0.040888989462
-0.793629557395  752  557  557.145333467  19.9887883022  0.0225577225654
-0.793629557395  752  578  578.540342244  22.7799334303  0.0320633532569
-0.793629557395  752  600  599.960028379  25.6726775009  0.0117128413256
-0.793629557395  752  623  621.983779723  28.78586851  -0.00985071569858
-0.793629557395  752  645  645.409303797  32.9718712685  0.0385334411175
-0.793629557395  751  669  668.788990669  32.0115483895  0.0265272515198
-0.793629557395  751  693  692.412553561  26.2434539017  0.00823347310339
-0.793629557395  751  716  716.036754325  22.2965460556  0.0195256546366
-0.793629557395  750  739  739.665992872  20.3766118423  0.0396211854226
-0.793629557395  750  763  763.299899344  17.9116364007  0.0244524651783
-0.793629557395  749  787  787.1873391  15.9753979253  0.0176628440639
-0.793629557395  749  811  811.439987684  14.4497282902  0.0152908927963
-0.793629557395  748  836  835.911932614  13.7020467555  0.0106769724629
-0.793629557395  747  861  860.797086803  13.0762813037  0.010619065103
-0.793629557395  747  886  885.991679461  13.2060699036  0.0113437696546
-0.793629557395  746  912  911.364511223  12.7168936499  0.0172393318865
-0.793629557395  745  938  937.45122159  12.6576803824  0.00226083469417
-0.793629557395  744  964  963.76746214  12.9189710969  0.0158835700964
-0.793629557395  743  991  990.531243589  13.4386268872  0.0100749256184
-0.793629557395  742  1018  1019.78328386  0.199940692149  12.6806259762
-0.615759557395  738  10  10.3816378264  5.7005963111  0.0220684329212
-0.615759557395  738  26  26.3725828811  6.09625202174  0.00545631314503
-0.615759557395  739  42  42.5925943938  6.30061950798  0.00307217802164
-0.615759557395  740  59  58.815790835  6.42195896977  -0.0301310585807
-0.615759557395  741  75  75.3008432362  6.64571199521  -0.0131127668382
-0.615759557395  742  92  91.8415676393  6.7176755551  -0.0277783419871
-0.615759557395  742  108  108.533648567  6.9462098168  0.00193969971926
-0.615759557395  743  125  125.286002036  7.13413884848  0.00161959500907
-0.615759557395  744  142  142.231061893  7.51679980536  0.0093567060335
-0.615759557395  744  159  159.234749774  7.99719671707  0.0196886735924
-0.615759557395  745  176  176.489564616  9.12706165635  0.0332273714344
-0.615759557395  745  194  193.646935504  9.81686326642  0.00651183803493
-0.615759557395  746  211  211.114329859  11.4021544324  0.0212119788392
-0.615759557395  746  229  228.65739894  13.4809401922  0.000118104058073
-0.615759557395  747  247  246.572545985  16.249941857  -0.0016688816713
-0.615759557395  747  265  264.844559002  19.5676162185  0.00183738008274
-0.615759557395  748  283  283.357309804  26.3538352765  0.00910710064773
-0.615759557395  748  303  302.388277162  28.4386466737  -0.00833105358592
-0.615759557395  749  322  322.228430445  29.7849099543  0.0159652522497
-0.615759557395  749  341  341.731827553  26.8481979049  0.0357817690473
-0.615759557395  750  360  360.759491088  0.307406772715  0.0377190806678
-0.615759557395  750  379  379.734520775  23.8158045899  0.0501380774286
-0.615759557395  750  399  398.433182873  19.778582305  -0.000716573538064
-0.615759557395  750  417  418.294042839  2.20620686005  0.116058644965
-0.615759557395  751  437  437.01357713  0.225776971953  0.0280097404824
-0.615759557395  751  457  457.278765386  0.375613574169  -7.10114308542
-0.615759557395  751  476  476.095797914  0.214809460615  0.0300284962319
-0.615759557395  751  496  495.84686691  17.5185766458  0.0201092497811
-0.615759557395  751  516  516.169312365  0.220666044709  0.0297823575334
-0.615759557395  751  537  536.328124598  18.7463768583  0.00276835407736
-0.615759557395  751  557  557.390014543  20.9318361038  0.0284239995553
-0.615759557395  751  579  578.423370224  21.750078397  0.00322606525473
-0.615759557395  751  600  600.078520841  25.6358871535  0.0168068752983
-0.615759557395  751  623  622.053594107  28.370017835  -0.00828978291896
-0.615759557395  751  646  645.223792184  30.6677618408  0.00882667966308
-0.615759557395  750  669  668.901993511  29.7729419077  0.0260070817192
-0.615759557395  750  692  692.870302963  28.6627107786  0.0509029146917
-0.615759557395  750  716  716.139075437  23.7141523961  0.0272714210782
-0.615759557395  749  740  739.577297683  19.2369518986  0.011352092526
-0.615759557395  749  763  763.356072142  17.9527941987  0.027796820191
-0.615759557395  748  787  787.304725977  16.0607474203  0.0178500432255
-0.615759557395  748  811  811.409777395  14.3631697519  0.0172904693953
-0.615759557395  747  836  835.964777473  13.8226225664  0.0115729390678
-0.615759557395  746  861  860.813411293  12.9378680004  0.0060137068055
-0.615759557395  746  886  885.994966653  13.0608686895  0.0135713427387
-0.615759557395  745  912  911.424393477  12.7833615044  0.0157563450202
-0.615759557395  744  938  937.550946092  12.5158221673  0.00541821674437
-0.615759557395  743  964  963.787492373  12.8729945248  0.0144272909577
-0.615759557395  742  991  990.563386865  13.2609886056  0.0126968537052
-0.615759557395  741  1018  1019.78906667  0.19834617562  12.9238357102
-0.437889557395  737  10  10.3653908326  5.70831689627  0.0266273795926
-0.437889557395  738  26  26.3763870953  6.06465066483  0.0048587983353
-0.437889557395  738  42  42.5536286722  6.21276132947  0.00834972040643
-0.437889557395  739  59  58.7797223731  6.38902434158  -0.0315431551131
-0.437889557395  740  75  75.2761655447  6.60973251011  -0.0191287558257
-0.437889557395  741  92  91.7763452522  6.76580317628  -0.0232663291456
-0.437889557395  741  108  108.47913084  6.95658612658  -0.00251839352341
-0.437889557395  742  125  125.275576346  7.1788490551  0.00646839782378
-0.437889557395  743  142  142.176907571  7.5247009751  0.0153906820046
-0.437889557395  743  159  159.217801812  7.99976264877  0.0195321475496
-0.437889557395  744  176  176.422631357  9.10712813075  0.0278285023733
-0.437889557395  744  194  193.618903962  9.66075266055  0.00878575513019
-0.437889557395  745  211  211.125453519  11.5289450267  0.0219067610872
-0.437889557395  746  229  228.731235619  13.6141749819  3.81120027343e-05
-0.437889557395  746  247  246.525801944  16.3508426141  -0.000179978284498
-0.437889557395  747  265  264.709097148  19.6525399531  -0.00554022725044
-0.437889557395  747  283  283.384406855  26.1712949673  0.016657714996
-0.437889557395  747  303  302.395180191  29.3725820911  -0.0176554098453
-0.437889557395  748  321  322.501957758  0.896028460669  0.075396754882
-0.437889557395  748  341  341.641606291  26.4895602014  0.0376447467986
-0.437889557395  749  360  360.755736154  24.4503156562  0.0446925638569
-0.437889557395  749  379  379.820525345  23.9743814704  0.05569856961
-0.437889557395  749  399  399.294263459  0.346723825346  -7.92199308627
-0.437889557395  749  417  417.762351391  0.251224101664  0.0465505162527
-0.437889557395  750  437  436.911286581  18.6123824771  0.0225812729444
-0.437889557395  750  457  457.304609766  0.376904863386  -7.17712971579
-0.437889557395  750  476  476.150017996  0.215861552654  0.0328777779621
-0.437889557395  750  496  495.922236808  17.6393565693  0.0238093542862
-0.437889557395  750  516  516.105252168  18.4009702276  0.0277139995929
-0.437889557395  750  537  536.436246364  19.0112879629  0.00469278266038
-0.437889557395  750  557  557.449061587  21.2117807874  0.032130861115
-0.437889557395  750  579  578.389679877  21.8216917462  0.00513301442391
-0.437889557395  750  600  600.22784362  25.2551284761  0.0246169153713
-0.437889557395  750  623  622.232513795  28.3178115212  0.000451928895798
-0.437889557395  750  646  645.163726993  30.8097392281  0.00249215455346
-0.437889557395  749  669  668.711429548  32.0668902912  0.0275822226048
-0.437889557395  749  693  692.594266012  26.2282374265  0.014439000217
-0.437889557395  749  715  716.482453367  24.9487905933  0.060889505326
-0.437889557395  748  739  739.827125498  20.4242515061  0.0399588714559
-0.437889557395  748  763  763.449236144  17.743295631  0.0256631831584
-0.437889557395  747  787  787.285299675  16.2852785645  0.0212007913293
-0.437889557395  747  811  811.500722474  14.4253650686  0.0216848326426
-0.437889557395  746  836  836.033910069  13.8755129628  0.0106373660582
-0.437889557395  746  861  860.788202803  12.9921432462  0.00949666703252
-0.437889557395  745  886  886.072137867  13.1098176876  0.0103277902807
-0.437889557395  744  912  911.487964511  12.7404602267  0.0180940390971
-0.437889557395  743  938  937.567591933  12.4398872466  0.00338235821902
-0.437889557395  742  964  963.88785646  12.8978651482  0.0171624028009
-0.437889557395  741  991  990.601978111  13.244735967  0.0139723052937
-0.437889557395  740  1018  1019.78350461  0.193836949818  12.8546655724
-0.260019557395  736  10  10.3424229977  5.6829767973  0.0269070478715
-0.260019557395  737  26  26.3334773626  6.11093286064  0.00721176674229
-0.260019557395  737  42  42.5480308633  6.25799654242  0.00329966419324
-0.260019557395  738  59  58.760131302  6.39457978615  -0.0329785696972
-0.260019557395  739  75  75.2378753347  6.58114694529  -0.0188495134186
-0.260019557395  740  92  91.7551793147  6.76575296748  -0.0304497705052
-0.260019557395  740  108  108.46820387  6.92436390076  0.00135280120709
-0.260019557395  741  125  125.287187392  7.23042074363  0.00913825135749
-0.260019557395  742  142  142.181768173  7.44771066425  0.0109427283766
-0.260019557395  742  159  159.190160601  8.35616653176  0.017833062489
-0.260019557395  743  177  178.907902477  0.0834962824615  10.8014709754
-0.260019557395  744  194  193.65530406  9.70101172343  0.0117361607829
-0.260019557395  744  211  211.118264133  11.6554111444  0.0209151611367
-0.260019557395  745  229  228.671847562  13.7997171532  0.00192648017739
-0.260019557395  745  247  246.554862544  16.2231290217  -0.00276300578654
-0.260019557395  746  265  264.73670362  19.3583754154  -0.00690992435
-0.260019557395  746  284  283.23124993  24.6128337099  -0.0198136986857
-0.260019557395  747  303  302.173329186  28.5463274136  -0.0225563266512
-0.260019557395  747  322  322.2603222  29.4038257059  0.0220624384147
-0.260019557395  747  341  341.574998501  26.681126681  0.0321939662458
-0.260019557395  748  360  360.676858416  24.2430407575  0.0347977263289
-0.260019557395  748  379  379.794360575  23.6747241424  0.053889952688
-0.260019557395  748  399  398.259979302  19.8299200929  -0.00431833031374
-0.260019557395  749  417  417.694517964  20.0770788332  0.0497388613396
-0.260019557395  749  437  436.966008574  18.5892308098  0.0220080189011
-0.260019557395  749  457  457.295136768  0.374972184752  -7.37048331769
-0.260019557395  749  476  476.153580711  17.5208163283  0.0333109721012
-0.260019557395  749  496  495.987365752  17.7362735997  0.0242236058683
-0.260019557395  749  516  516.149684542  18.3670083125  0.0278044238002
-0.260019557395  749  537  536.460897007  18.8044561153  0.00673792223048
-0.260019557395  749  558  557.231216142  19.8066532332  -0.00165831644045
-0.260019557395  749  579  578.501699629  21.7027276072  0.00307945557946
-0.260019557395  749  600  600.278330198  25.3083661038  0.0276170574782
-0.260019557395  749  623  622.367320332  28.4263899142  0.00533092276097
-0.260019557395  749  646  645.246984453  30.5883982657  0.0030579370725
-0.260019557395  749  669  669.010483009  32.474526436  0.0258910049914
-0.260019557395  748  693  692.609316558  26.1981210694  0.0138277334067
-0.260019557395  748  715  716.567149262  0.338434143165  0.0638923539241
-0.260019557395  748  739  739.694357375  20.5204347436  0.0397752368763
-0.260019557395  747  763  763.460312883  17.782662289  0.0225506007768
-0.260019557395  747  787  787.43984068  16.1345843906  0.0201702747782
-0.260019557395  746  811  811.621063937  14.7289383443  0.0231141729962
-0.260019557395  745  836  836.044266639  13.7822052107  0.0132906328038
-0.260019557395  745  861  860.925052153  13.1834398631  0.00643207891987
-0.260019557395  744  886  886.097068948  13.0620002587  0.0143619594893
-0.260019557395  743  912  911.524866469  12.6511601623  0.0164023558665
-0.260019557395  742  938  937.609855628  12.5392174676  0.0014602021018
-0.260019557395  741  964  963.96040405  13.0981578141  0.0194491479975
-0.260019557395  740  990  990.814493961  13.6635199049  0.033237005337
-0.260019557395  739  1018  1019.80367017  0.195974589072  13.5397822935
-0.0821495573951  735  10  10.2953577052  5.69471255825  0.0240963135065
-0.0821495573951  736  26  26.3181813156  6.03081863149  0.00164518137286
-0.0821495573951  737  42  42.4917370441  6.27535308814  0.0021806134791
-0.0821495573951  737  59  58.7024362404  6.49118341382  -0.0405146581124
-0.0821495573951  738  75  75.1835030844  6.65604459774  -0.0195051372651
-0.0821495573951  739  92  91.7459621013  6.74709382371  -0.0282669666564
-0.0821495573951  739  108  108.509994435  7.03045559657  0.0011180774286
-0.0821495573951  740  125  125.235281054  7.21326973691  0.00845425841705
-0.0821495573951  741  142  142.150493065  7.50463335272  0.0138442331026
-0.0821495573951  741  159  159.167934155  8.18053815827  0.0131164340369
-0.0821495573951  742  176  176.396770431  9.07881434829  0.0279014580298
-0.0821495573951  743  194  193.591103506  9.75370537408  0.0130466513776
-0.0821495573951  743  211  211.131280677  11.5757050928  0.0235028458907
-0.0821495573951  744  229  228.695663346  13.5909106753  0.00164064877115
-0.0821495573951  744  247  246.471157654  16.2350038528  -0.00691690062677
-0.0821495573951  745  265  264.771363295  19.6406497019  0.00511574647813
-0.0821495573951  745  283  283.383152608  25.8254756085  0.015850546941
-0.0821495573951  746  303  302.327647667  28.0952947758  -0.0229959902857
-0.0821495573951  746  322  322.18337911  0.35980172661  0.0189674098881
-0.0821495573951  746  341  341.492711026  26.5236232474  0.0337544836142
-0.0821495573951  747  360  360.661632335  24.0895529647  0.0406458850038
-0.0821495573951  747  379  379.757704614  23.4414928926  0.046909139391
-0.0821495573951  747  399  398.329760475  19.6862671026  -0.00295027465565
-0.0821495573951  748  417  417.791009561  19.8770270532  0.0429599451559
-0.0821495573951  748  437  436.939505514  18.7283687029  0.0270837926458
-0.0821495573951  748  457  457.279105374  0.378942585823  -7.5976379905
-0.0821495573951  748  476  476.134111546  17.7470714084  0.0335766688139
-0.0821495573951  748  496  496.008746584  17.9706023303  0.0276322150588
-0.0821495573951  748  516  516.168050172  18.177005348  0.0257237038158
-0.0821495573951  748  537  536.516989302  18.942917967  0.00748648337709
-0.0821495573951  748  558  557.203207978  20.0683661628  -0.00136140770361
-0.0821495573951  748  579  578.440317605  21.4385451129  -0.00143349515399
-0.0821495573951  748  600  600.314380921  25.1336788161  0.0235412949065
-0.0821495573951  748  623  622.351431147  28.468277095  0.00389845878923
-0.0821495573951  748  646  645.187090146  30.8938216604  0.00355634862529
-0.0821495573951  748  669  668.845426621  31.8009840943  0.0249042678556
-0.0821495573951  747  693  692.483499503  26.2036055564  0.0143560079096
-0.0821495573951  747  716  716.212183088  21.8234050893  0.0286062425548
-0.0821495573951  747  739  739.892023371  20.5707624425  0.0419413393183
-0.0821495573951  746  763  763.474030255  18.0666676531  0.0246724386739
-0.0821495573951  746  787  787.372768233  16.1543058205  0.0212461698899
-0.0821495573951  745  812  811.551409216  14.6831263177  0.00320892754009
-0.0821495573951  744  836  836.131928378  13.6622082253  0.00982877729523
-0.0821495573951  744  861  860.967892167  12.9618951809  0.0128071343681
-0.0821495573951  743  886  886.110779692  13.0782403825  0.0128174954154
-0.0821495573951  742  912  911.576558442  12.7811439375  0.0185689035577
-0.0821495573951  741  938  937.650404845  12.6202463545  0.00267005824432
-0.0821495573951  740  964  964.082347229  13.1927217089  0.0195358027399
-0.0821495573951  739  991  990.760809254  13.2557255954  0.0177968125655
-0.0821495573951  738  1018  1019.79012326  0.196156893369  12.9447271315
0.0957204426049  734  10  10.2348294288  5.71062864419  0.0210091466301
0.0957204426049  735  26  26.2702541039  6.05495552117  0.008344968107
0.0957204426049  736  42  42.4675134049  6.18119594226  -0.00450726611818
0.0957204426049  736  59  58.6925294161  6.45577587953  -0.0350818513046
0.0957204426049  737  75  75.1617605094  6.66684708984  -0.0218488081599
0.0957204426049  738  92  91.7046383748  6.73416313415  -0.0307761801501
0.0957204426049  739  108  108.418974239  6.96391093054  0.00216865142312
0.0957204426049  739  125  125.225392788  7.22168799368  0.00605569208248
0.0957204426049  740  142  142.120005901  7.49956189783  0.00945688539761
0.0957204426049  740  159  159.095933286  8.03101905286  0.0111870986174
0.0957204426049  741  176  176.363173745  9.09433301694  0.0251647358346
0.0957204426049  742  194  193.573541872  9.70337579663  0.00645501074663
0.0957204426049  742  211  211.079760285  11.623595711  0.0206278221125
0.0957204426049  743  229  228.699116369  13.7256285531  0.00609559529633
0.0957204426049  743  247  246.425512056  16.3982693315  -0.0078380466867
0.0957204426049  744  265  264.681933482  19.7325272441  -0.0023089882578
0.0957204426049  744  283  283.39280354  26.2102041687  0.0167945632896
0.0957204426049  745  303  302.353813137  29.2362898106  -0.0147076222042
0.0957204426049  745  321  322.569663731  0.910578909595  0.0752866245218
0.0957204426049  746  341  341.730151757  0.332411255281  0.0348345958269
0.0957204426049  746  360  360.580450762  24.2705180454  0.0416022410751
0.0957204426049  746  379  379.790634512  23.6261752568  0.0499120624287
0.0957204426049  746  399  398.431290172  19.7909401188  0.00357800667249
0.0957204426049  747  417  417.95135146  19.8023527502  0.0550464489648
0.0957204426049  747  437  436.952878367  18.5214075345  0.0256769638305
0.0957204426049  747  457  457.291371959  0.37762162691  -7.39877157179
0.0957204426049  747  476  476.108685214  17.6124872404  0.0349619712714
0.0957204426049  747  496  496.001249213  17.9795595644  0.0270775515637
0.0957204426049  747  516  516.12751783  18.0314909687  0.0243222409596
0.0957204426049  747  537  536.552755976  18.6765691906  0.00739994674378
0.0957204426049  747  557  557.420061681  20.9121129092  0.0294323768006
0.0957204426049  747  579  578.463308071  21.8961087199  0.00462715057973
0.0957204426049  747  600  600.396231339  25.089013197  0.0275121900048
0.0957204426049  747  623  622.451408057  28.2564014932  0.00471443312561
0.0957204426049  747  646  645.432627311  30.6986992476  0.0127091395429
0.0957204426049  747  669  668.815651512  0.390868713906  0.0182568202277
0.0957204426049  746  693  692.609309464  26.1942510915  0.0153288215569
0.0957204426049  746  716  716.300754917  21.6667546227  0.0267257808845
0.0957204426049  746  739  739.905408767  20.4172869342  0.0460847046372
0.0957204426049  745  763  763.547457627  17.9740679501  0.026705628295
0.0957204426049  745  787  787.392393734  16.3767298451  0.0177566904925
0.0957204426049  744  811  811.719439233  14.7753566657  0.0240940676382
0.0957204426049  743  836  836.06110419  13.8216162903  0.0117716193425
0.0957204426049  743  861  860.991301569  13.1162076283  0.00916811515631
0.0957204426049  742  886  886.219908966  13.3082232403  0.0170035065909
0.0957204426049  741  912  911.634205043  12.7543276707  0.0213236475378
0.0957204426049  740  938  937.808754785  12.6144934847  0.00535442239031
0.0957204426049  739  964  964.198791721  13.2085811003  0.0272224799878
0.0957204426049  738  991  990.820888427  13.2854952318  0.0157969340417
0.0957204426049  737  1018  1019.80348367  0.194377746478  13.5094024196
0.273590442605  733  10  10.2017076046  5.7256788373  0.0192070127004
0.273590442605  734  26  26.2419558473  6.00909221943  0.00610290379419
0.273590442605  735  42  42.4240825973  6.23395811603  -0.000232999088255
0.273590442605  735  59  58.7285521203  6.52921461671  -0.0391553535974
0.273590442605  736  75  75.1323525036  6.62823714883  -0.0242629459493
0.273590442605  737  92  91.6704600075  6.71527397279  -0.0302741011833
0.273590442605  738  108  108.378967228  6.96427469315  -0.00655502247218
0.273590442605  738  125  125.193434225  7.24100849435  0.000294364265055
0.273590442605  739  142  142.101034824  7.54980171892  0.0103555300397
0.273590442605  740  159  159.139892042  7.95384742569  0.0100219484117
0.273590442605  740  176  176.356638365  9.06575463117  0.023497364569
0.273590442605  741  194  194.249273384  0.0657834276829  -4.07555916491
0.273590442605  741  211  211.046260613  11.6968040852  0.0154560978167
0.273590442605  742  229  228.650489659  13.6874302379  0.00466076271728
0.273590442605  742  247  246.43765492  16.0644157312  -0.00428307853591
0.273590442605  743  265  264.663611027  19.5702031764  -0.00286012157834
0.273590442605  743  283  283.432505224  26.6514168898  0.00971385714984
0.273590442605  744  303  302.366577117  29.4638358807  -0.015777499932
0.273590442605  744  321  322.671974867  34.5335820278  0.0762169690197
0.273590442605  745  341  341.481930403  0.341950222719  0.0336875605424
0.273590442605  745  360  360.567739592  24.2936937553  0.0347120614593
0.273590442605  745  379  379.743032244  23.8907246902  0.0504169878898
0.273590442605  746  399  398.554377332  19.6518233022  0.00389449481273
0.273590442605  746  418  417.689463104  18.2869700809  0.0142190412753
0.273590442605  746  437  437.043306307  0.22578646151  0.0298649215364
0.273590442605  746  457  457.294103273  0.385246866121  -7.29236711915
0.273590442605  746  476  476.251932415  17.7474093291  0.0396853187997
0.273590442605  746  496  495.997826804  17.7788954998  0.027303885573
0.273590442605  746  516  516.257349672  0.219439565229  0.0324407297882
0.273590442605  747  537  536.521414589  18.5813732821  0.00506490137783
0.273590442605  747  557  557.494008163  20.9325386275  0.0311599796952
0.273590442605  746  579  578.479993053  22.0133920243  0.00492206172505
0.273590442605  746  600  600.455458663  25.058854363  0.026094588524
0.273590442605  746  623  622.35288079  28.0792979209  0.00544415921534
0.273590442605  746  645  645.676304751  32.7189731746  0.040753259183
0.273590442605  746  669  668.926701417  32.0607815972  0.0237969780902
0.273590442605  745  693  692.484525371  26.547664214  0.0170499004795
0.273590442605  745  716  716.293554581  0.268633750858  0.0252620701373
0.273590442605  745  739  739.903142108  20.7310104404  0.0419501871351
0.273590442605  744  763  763.549952311  17.962583933  0.0269670868523
0.273590442605  744  787  787.506128256  16.1670102475  0.0207063101432
0.273590442605  743  811  811.779155277  14.5409321813  0.0250459254876
0.273590442605  743  836  836.188729665  13.765319312  0.0106673644798
0.273590442605  742  861  861.087414913  13.1614051533  0.0139210730001
0.273590442605  741  886  886.319363395  13.3191141959  0.0172051026694
0.273590442605  740  912  911.708223372  12.6931941547  0.0204108399251
0.273590442605  739  938  937.889323871  12.7954387956  0.0123786161205
0.273590442605  738  964  964.226757981  13.0709818961  0.0236570585573
0.273590442605  737  991  990.939059232  13.3586938189  0.020529222473
0.273590442605  736  1018  1019.81235511  0.189655390817  14.0226691575
0.451460442605  732  10  10.1758629186  5.65542315929  0.0148914477478
0.451460442605  733  26  26.22058321  6.08992611176  0.00512902246204
0.451460442605  734  42  42.3875535119  6.19639453827  -0.00496665265054
0.451460442605  735  59  58.6480072425  6.47281954306  -0.0372320634585
0.451460442605  735  75  75.0914012135  6.67259977087  -0.0291943346746
0.451460442605  736  92  91.6295879539  6.76106463793  -0.0294060165397
0.451460442605  737  108  108.394555573  7.0288584974  0.00296791683652
0.451460442605  737  125  125.170516784  7.29569310737  -0.00614989594021
0.451460442605  738  142  142.11645475  7.57290397688  0.0126357322826
0.451460442605  739  159  159.115641774  8.02481791641  0.0160624707646
0.451460442605  739  176  176.353854693  9.08204099435  0.0235717133065
0.451460442605  740  194  193.570761098  9.79371371681  0.00435478040756
0.451460442605  740  211  211.04151896  11.5965452453  0.0205273289216
0.451460442605  741  229  228.685891014  13.5486561816  0.00340054687788
0.451460442605  741  247  246.508433409  16.217265864  -0.0100453865796
0.451460442605  742  265  264.596275524  19.5938265964  -0.00393566338164
0.451460442605  742  283  283.35729395  26.0703280211  0.0195353075096
0.451460442605  743  303  302.386225097  29.1468918347  -0.0165941992007
0.451460442605  743  322  320.255488241  0.398241141454  -10.5975282218
0.451460442605  744  340  341.899041404  31.3242042821  0.0825816616771
0.451460442605  744  360  360.45182539  24.0889003131  0.0257616036172
0.451460442605  744  379  379.69805229  23.8970306905  0.0471728470682
0.451460442605  745  399  398.336304601  19.957824757  -5.44519617958e-05
0.451460442605  745  417  417.982492934  19.8421299102  0.0617097481025
0.451460442605  745  437  437.016451526  0.226023651392  0.0282205022323
0.451460442605  745  457  456.399087765  17.1004706811  0.00981447672371
0.451460442605  745  476  476.250807436  17.5861013868  0.0379618058242
0.451460442605  745  496  496.040621125  18.0494039984  0.0282993881817
0.451460442605  746  516  516.257349672  0.219439565229  0.0324407297882
0.451460442605  746  536  536.748852514  19.7777666073  0.0401392447369
0.451460442605  746  558  557.294923642  19.8648828443  -0.00119934012931
0.451460442605  746  579  578.48966506  21.9306123243  0.00820374672875
0.451460442605  745  600  600.445598579  26.9313673516  0.0265683671234
0.451460442605  745  624  623.293860329  0.30925430873  -8.55027094217
0.451460442605  745  645  645.699824406  31.7637283582  0.0399026568405
0.451460442605  745  669  669.109709532  32.1148712365  0.0282708927663
0.451460442605  745  693  692.79906457  26.3452156255  0.0182529570534
0.451460442605  744  716  716.388310149  21.807387146  0.0305850352169
0.451460442605  744  739  739.869004277  20.5668454901  0.0399219302219
0.451460442605  743  763  763.598444905  0.221001739051  0.0300983810335
0.451460442605  743  787  787.529962417  15.9912342493  0.0235136391936
0.451460442605  742  811  811.79095148  14.7987705074  0.0244282777694
0.451460442605  742  836  836.202242308  13.8220057294  0.0124528542376
0.451460442605  741  861  861.136404332  13.0345186069  0.0129120580389
0.451460442605  740  886  886.401848152  13.2210669857  0.0187247600196
0.451460442605  739  912  911.706537773  12.762343561  0.0235630775882
0.451460442605  738  938  937.931245755  12.6308487908  0.00665039947786
0.451460442605  737  964  964.289259396  13.3101443081  0.0266887767416
0.451460442605  736  991  991.062190216  13.2703361632  0.0217164691941
0.451460442605  735  1018  1019.86362224  0.192400871277  24.2406853212
0.629330442605  731  10  10.1354656047  5.74639675231  0.00669500608818
0.629330442605  732  26  26.1835357337  6.06852436949  0.00402419922555
0.629330442605  733  42  42.3841653065  6.30138439269  -0.00220864715914
0.629330442605  734  59  58.6185557687  6.44346501489  -0.0410139920813
0.629330442605  734  75  75.0815171035  6.62768805272  -0.0234961741152
0.629330442605  735  92  91.6247241369  6.74332740742  -0.0287845699508
0.629330442605  736  108  108.346953997  6.91384741918  -0.00660127361112
0.629330442605  736  125  125.118951361  7.18073126045  -0.000963863146964
0.629330442605  737  142  142.100100742  7.57964077027  0.00970842473539
0.629330442605  738  159  159.096945049  8.08724186473  0.0102196355873
0.629330442605  738  176  176.333074721  9.12044927731  0.0259310556107
0.629330442605  739  194  193.541605601  9.70714135581  0.00579009039571
0.629330442605  739  211  211.116979483  11.6226868401  0.0172020997829
0.629330442605  740  229  228.683314678  13.7376973014  0.00101839486038
0.629330442605  741  247  246.415356966  16.1647150826  -0.00851284425295
0.629330442605  741  265  264.623300511  19.6135485863  -0.00119715325237
0.629330442605  742  284  283.247488686  0.297771192717  -0.0221774805263
0.629330442605  742  303  302.429597719  28.6838514893  -0.0120090181745
0.629330442605  742  322  320.260506189  0.388029187082  -10.627049345
0.629330442605  743  341  341.362053241  27.2006662976  0.0304155321192
0.629330442605  743  360  360.681753403  24.0701483946  0.0293448160705
0.629330442605  743  379  379.705724586  23.6573779828  0.0414690247923
0.629330442605  744  399  398.455488746  19.911353972  0.00152475483321
0.629330442605  744  417  417.966166989  19.993922715  0.0623316009469
0.629330442605  744  437  436.985797892  18.8034298773  0.0263013835025
0.629330442605  744  457  456.461792766  17.0877827598  0.0119107072807
0.629330442605  744  476  476.311692335  17.512372687  0.0402607437795
0.629330442605  745  496  496.069726396  0.2165716853  0.0301013368172
0.629330442605  745  516  516.3333903  17.820105413  0.0360059307475
0.629330442605  745  537  536.520716448  18.5377522169  0.00677070092054
0.629330442605  745  557  557.2179726  21.1040685509  0.0
0.629330442605  745  579  578.600489781  21.6981115992  0.0117167408108
0.629330442605  745  600  600.556013397  27.2684015252  0.0234786070164
0.629330442605  744  624  622.323793773  0.349924886077  -0.0195063555419
0.629330442605  744  646  645.3943172  29.8733410888  0.0102501504645
0.629330442605  744  669  669.06658914  33.1547206093  0.0327293630272
0.629330442605  744  693  692.782031631  25.6802518988  0.024106484216
0.629330442605  743  716  716.46702572  23.3316912723  0.0371506084375
0.629330442605  743  740  739.807065574  19.0379313746  0.0109675767775
0.629330442605  742  763  763.682956375  18.0592793524  0.0260257368057
0.629330442605  742  787  787.556699089  16.2734612566  0.0262634697467
0.629330442605  741  812  811.703065079  14.733453416  0.0107068796244
0.629330442605  741  836  836.33978882  13.8875831184  0.011618170991
0.629330442605  740  861  861.158840544  13.1424129877  0.0130068287312
0.629330442605  739  886  886.468945682  13.078217258  0.0223785131786
0.629330442605  738  912  911.800634434  12.801500837  0.0228155595076
0.629330442605  737  938  937.927615131  12.5843690129  0.00646150741403
0.629330442605  736  964  964.386536305  13.1977054773  0.0275382577481
0.629330442605  735  991  991.079981571  13.460339242  0.0272637279041
0.629330442605  734  1018  1019.86945293  0.190483726058  21.6568099169
0.807200442605  730  10  10.1237933874  5.66950858352  0.0176139280094
0.807200442605  731  26  26.1450744814  6.06378580459  -0.00373724271551
0.807200442605  732  42  42.3625974549  6.32520221702  -0.00443656560054
0.807200442605  733  59  58.6373836137  6.51271007347  -0.033833567448
0.807200442605  733  75  75.080002187  6.65492027167  -0.026499988163
0.807200442605  734  91  91.681843936  6.74318445209  0.00153695964181
0.807200442605  735  108  108.332751464  6.91869146342  -0.00732884830602
0.807200442605  736  125  125.150701092  7.19365036034  -0.000723243134151
0.807200442605  736  142  142.096259879  7.51652852978  0.0100114238006
0.807200442605  737  159  159.070796071  8.13890029561  0.0116561212175
0.807200442605  737  176  176.357489436  9.23160907803  0.0214085161427
0.807200442605  738  194  193.557697821  9.69954859905  0.00700762756359
0.807200442605  739  211  211.036314124  11.6851899163  0.018215522668
0.807200442605  739  229  228.708465879  13.8823586149  0.00104067270157
0.807200442605  740  247  246.531658258  16.141962068  -0.00767781781825
0.807200442605  740  265  264.697120559  19.7100506892  0.0037053038931
0.807200442605  741  283  283.248987515  0.295621863821  0.0218445136455
0.807200442605  741  302  302.713538409  30.3669677456  0.032195798271
0.807200442605  741  322  322.150991855  29.8376454242  0.00697336179583
0.807200442605  742  341  341.447153034  28.0900938292  0.0294481378392
0.807200442605  742  360  360.685354588  24.7226982765  0.0348021336307
0.807200442605  742  379  379.703439602  23.4934279452  0.0476793415382
0.807200442605  743  399  398.448607182  19.7970402878  -0.00130157602534
0.807200442605  743  417  418.010025094  19.8985485198  0.0652732156392
0.807200442605  743  437  437.000170555  18.9750326836  0.0256360505944
0.807200442605  743  457  456.414260351  17.1082238564  0.00890181694024
0.807200442605  744  476  476.288746637  17.1700680123  0.0345980347013
0.807200442605  744  496  496.144406564  17.7857860726  0.0355685472657
0.807200442605  744  517  517.292202366  0.426868697457  -6.9726772172
0.807200442605  744  537  536.60799749  18.5981618495  0.00813119755504
0.807200442605  744  557  557.654259153  21.0796562593  0.0345921314375
0.807200442605  744  579  578.63123543  21.9669412976  0.0112154106251
0.807200442605  744  600  600.412054801  25.3734249076  0.0238187609104
0.807200442605  743  623  622.73599269  28.6360858238  0.0224011777439
0.807200442605  743  646  645.471132976  30.0625083048  0.0109540890196
0.807200442605  743  669  669.12467503  32.7300235914  0.030512262621
0.807200442605  743  693  692.82423489  26.1180181882  0.0247632856161
0.807200442605  742  716  716.444487217  23.4347649951  0.0352282008478
0.807200442605  742  740  739.931780454  18.9939712289  0.0156361321408
0.807200442605  742  763  763.590377195  18.1448533125  0.0271971146457
0.807200442605  741  787  787.61512337  16.3442394919  0.025553744281
0.807200442605  740  812  812.30788906  0.386091310246  -5.91057683391
0.807200442605  740  836  836.410151084  13.8095259953  0.0154316037287
0.807200442605  739  861  861.206361227  13.0476405134  0.0133022367214
0.807200442605  738  886  886.547229091  13.1046948097  0.0202975781979
0.807200442605  737  912  911.882592648  12.8392598427  0.0257691534942
0.807200442605  737  938  938.044029267  12.488599664  0.00634760863102
0.807200442605  736  964  964.35690917  13.2137209526  0.0272638875639
0.807200442605  734  991  991.173202931  13.397450769  0.0242816209045
0.807200442605  733  1018  1023.00797678  33.4057592773  231.975775516
0.985070442605  729  10  10.1249695015  5.83140516469  0.0139833862285
0.985070442605  730  26  26.1108803015  6.0502914615  -0.00317006320724
0.985070442605  731  42  42.3241927367  6.2877284379  -0.00219434677332
0.985070442605  732  59  58.598990164  6.45763503629  -0.0424679983297
0.985070442605  733  75  75.0263707852  6.60412296831  -0.0227052986688
0.985070442605  733  91  91.6676047729  6.70388569801  0.000182134329915
0.985070442605  734  108  108.319275593  6.91886559293  -0.00118066853598
0.985070442605  735  125  125.102725727  7.25186034328  -0.000835029370779
0.985070442605  735  142  142.031254838  7.5184184106  0.00789618994804
0.985070442605  736  159  159.068406561  8.11266526078  0.0155748292226
0.985070442605  736  176  176.274632415  9.12647505185  0.0245181974195
0.985070442605  737  194  193.518828876  9.63805486698  0.00643378007742
0.985070442605  738  211  211.0482415  11.5785622178  0.0137710828306
0.985070442605  738  229  228.684472542  13.8990512541  0.00460387592223
0.985070442605  739  247  246.520623441  16.2513354635  -0.000981395683863
0.985070442605  739  265  264.702051229  19.5543534626  0.00393945917856
0.985070442605  740  284  283.064329411  24.541363607  -0.0323428366134
0.985070442605  740  303  302.4999058  28.4131629461  -0.0133964239955
0.985070442605  741  322  321.824579352  29.0210524376  0.00540692539913
0.985070442605  741  340  341.846252547  0.7480467535  0.0780605237858
0.985070442605  741  360  360.637032013  0.307137257061  0.0371238836948
0.985070442605  742  379  379.809179297  23.3543378012  0.0478924294985
0.985070442605  742  399  398.540469526  19.983999049  0.00426631870397
0.985070442605  742  417  417.938090718  19.8324299026  0.0641334361031
0.985070442605  742  437  437.012628466  18.905619733  0.0264684295278
0.985070442605  742  457  456.495640764  17.0382959465  0.0151835819821
0.985070442605  743  476  476.27758773  17.4380153654  0.0367413989441
0.985070442605  743  496  496.176785912  0.215071252642  0.0325461785237
0.985070442605  743  516  516.239131906  18.0956601726  0.0268843169463
0.985070442605  743  537  536.668875557  18.6421657688  0.0111312937025
0.985070442605  743  557  557.674362307  21.2360522158  0.0392912319701
0.985070442605  743  579  578.738897536  23.3218133748  0.00564603063018
0.985070442605  743  601  600.20884125  25.287445566  -0.00675031678848
0.985070442605  743  623  622.724811701  28.8891391061  0.0133779088795
0.985070442605  742  646  645.439959217  0.372433330801  0.0176128841469
0.985070442605  742  669  668.647672844  32.7144432629  0.0
0.985070442605  742  693  692.832121554  0.319968127184  0.0203417145374
0.985070442605  741  716  716.438719018  23.5144303317  0.0397249630421
0.985070442605  741  740  740.037512426  19.3521429484  0.0170865451179
0.985070442605  741  763  763.777523859  0.221771438096  0.0306014712717
0.985070442605  740  788  787.516935916  16.0891804352  0.00236535731295
0.985070442605  739  812  811.711980749  14.5494599648  0.00870961190925
0.985070442605  739  836  836.454666584  13.8286719238  0.0177039644381
0.985070442605  738  861  861.23560984  13.4201948046  0.013771835255
0.985070442605  737  887  886.47939867  12.9283495149  0.00935801661513
0.985070442605  737  912  912.033506336  12.7171233198  0.0257043496012
0.985070442605  736  938  938.004278385  12.4671326762  0.00900523785897
0.985070442605  735  964  964.503470386  13.2043931173  0.0260865514495
0.985070442605  734  991  991.169472622  13.4169364882  0.0279816348837
0.985070442605  732  1018  1023.0231793  32.5262983765  231.971342098
1.1629404426  729  10  10.0795775252  5.78034084228  0.0134843639436
1.1629404426  729  26  26.1161249591  6.1138415712  -0.00315479004203
1.1629404426  730  42  42.304723254  6.30102948544  -0.00522712578195
1.1629404426  731  59  58.5595335928  6.47208197721  -0.0405112160495
1.1629404426  732  75  75.0237252055  6.56357051748  -0.0301867874238
1.1629404426  732  91  91.6563009739  6.70687851364  0.00328607221915
1.1629404426  733  108  108.30073662  6.94495801604  -0.00046979433093
1.1629404426  734  125  125.086658364  7.18679895799  -0.0051921517722
1.1629404426  734  142  142.039469021  7.51728965764  0.0090944893582
1.1629404426  735  159  159.071789663  8.09926807583  0.0139927107037
1.1629404426  736  176  176.333471006  8.9931803183  0.0230580008287
1.1629404426  736  194  193.531570527  9.61725076066  0.00505637627918
1.1629404426  737  211  211.037671965  11.6303009415  0.0170960675663
1.1629404426  737  229  228.709096982  13.7683119394  0.00169087482552
1.1629404426  738  247  246.530345134  16.2366267628  -0.00255804903154
1.1629404426  738  265  264.707010503  19.3323535285  -0.00294987607129
1.1629404426  739  284  283.135295991  0.301813003039  -0.0229781556034
1.1629404426  739  303  302.561968007  28.3817291182  -0.00668413246899
1.1629404426  740  322  322.086507277  28.510661931  0.00711443687732
1.1629404426  740  341  341.491066242  0.343391814025  0.0336287442866
1.1629404426  740  360  360.634410731  24.4970801034  0.0343280259736
1.1629404426  741  379  379.626807092  21.9523882582  0.0430722870076
1.1629404426  741  398  398.79920102  21.9453947162  0.0521877319797
1.1629404426  741  418  417.733762966  18.8498210039  0.0188037319385
1.1629404426  741  437  437.081039071  0.227196156718  0.0301862684294
1.1629404426  742  457  456.46842039  16.928163617  0.00546666173263
1.1629404426  742  476  476.354324725  17.5317713652  0.0410712902559
1.1629404426  742  496  496.195354756  0.214254992401  0.0327018915722
1.1629404426  742  516  516.239482394  18.1229577603  0.0279820307038
1.1629404426  742  537  536.688393482  18.7928941138  0.0108694481818
1.1629404426  742  557  557.769012206  20.8708052857  0.041641067757
1.1629404426  742  579  578.762502982  23.0615969726  0.010187148489
1.1629404426  742  601  600.238078549  25.0692277721  -0.0033599855797
1.1629404426  742  623  622.745238823  28.2070748035  0.0151709881553
1.1629404426  741  645  646.104672279  0.531785330141  0.0582346004468
1.1629404426  741  669  669.31314897  32.8545921164  0.0316994180377
1.1629404426  741  693  692.830679288  25.9756295636  0.0243674952997
1.1629404426  741  716  716.556088195  23.4343744761  0.0370812515046
1.1629404426  740  740  740.030387927  19.3058261359  0.0148932556683
1.1629404426  740  763  763.850107933  17.6695839855  0.0366358858979
1.1629404426  739  787  787.748422556  16.2946333433  0.026211834526
1.1629404426  739  812  811.871307316  14.6309304688  0.0086387455423
1.1629404426  738  837  836.452428666  13.742440558  0.000631553518834
1.1629404426  737  861  861.399032641  13.5363384204  0.0192669683054
1.1629404426  736  887  886.584561163  12.8169329106  0.00597428172846
1.1629404426  736  912  911.996555189  12.6389532746  0.0273126955876
1.1629404426  735  938  938.103361552  12.4972324271  0.00865722828081
1.1629404426  734  964  964.512981697  13.0942892422  0.0265518741272
1.1629404426  733  991  991.325246282  13.4648043028  0.0283242963863
1.1629404426  731  1018  1023.01874793  33.1671608084  232.027186593
1.3408104426  728  10  10.0638395381  5.69507230264  0.00847210680741
1.3408104426  728  26  26.0704975647  6.02081215374  -0.00460482967206
1.3408104426  729  42  42.3015050741  6.29818842245  -0.00582883601791
1.3408104426  730  59  58.5483250463  6.49812894135  -0.0405113187295
1.3408104426  731  75  75.0221014328  6.61747237366  -0.0203101004201
1.3408104426  731  91  91.6380308483  6.79937267006  -0.00498129434915
1.3408104426  732  108  108.281929182  6.92668343749  -0.00420987182377
1.3408104426  733  125  125.075409692  7.21699759833  -0.000611653068058
1.3408104426  733  142  142.036311858  7.59087292991  0.00432186957664
1.3408104426  734  159  159.076058522  8.17550883023  0.0117555214356
1.3408104426  735  176  176.296736754  9.08092602733  0.0265049797981
1.3408104426  735  194  193.507382171  9.64584318118  0.00469951840341
1.3408104426  736  211  210.997124063  11.472461268  0.0108965576102
1.3408104426  736  229  228.695660777  13.6273006585  0.00501501858873
1.3408104426  737  247  246.413359559  16.2504643846  -0.00791558779557
1.3408104426  737  265  264.704544736  19.5803527832  -0.00853514359261
1.3408104426  738  283  283.379208159  23.7984285027  0.0284554901061
1.3408104426  738  302  302.779726614  30.6598935146  0.0322853620374
1.3408104426  739  322  322.046367814  30.093404186  0.0109391523857
1.3408104426  739  341  341.359007125  27.6983315266  0.0276521990669
1.3408104426  739  360  360.679851558  24.509117796  0.0292901113939
1.3408104426  740  379  379.873940388  23.9118026921  0.0540934021874
1.3408104426  740  399  398.452323205  20.1480057703  0.00535052343925
1.3408104426  740  417  418.091696312  20.1378113907  0.0661228194811
1.3408104426  740  437  437.137613927  18.2386382157  0.0341228838145
1.3408104426  741  457  456.537685903  18.0105185548  0.0109460928717
1.3408104426  741  477  476.124890339  16.6152877397  -0.00019386307197
1.3408104426  741  496  496.239300768  17.5357329306  0.0351592463793
1.3408104426  741  516  516.336835861  17.7352340752  0.0337751893856
1.3408104426  741  537  536.753503415  18.9601746681  0.0106236459542
1.3408104426  741  558  557.58989541  19.6296593095  0.00892443709399
1.3408104426  741  579  578.836799503  23.0782276057  0.0119993930735
1.3408104426  741  601  600.289324751  25.4732461665  -0.00337605297349
1.3408104426  741  623  622.55172587  29.4535766088  0.0082254242472
1.3408104426  740  647  645.59600441  30.3317315252  -0.0114595461719
1.3408104426  740  670  669.106760075  30.7376190658  0.00242402747947
1.3408104426  740  693  692.972599821  26.1533154139  0.0247994300061
1.3408104426  740  716  716.522420577  22.140236364  0.039063193625
1.3408104426  739  739  740.287926627  20.467783826  0.0501154045236
1.3408104426  739  763  763.859406536  17.4959308489  0.0353018813973
1.3408104426  738  787  787.804921506  16.2848262496  0.0255241385082
1.3408104426  738  812  811.911684314  14.6306939189  0.00979175902167
1.3408104426  737  837  836.512348815  13.6731876405  0.00278916605824
1.3408104426  736  861  861.423935503  13.4861105311  0.0185443524762
1.3408104426  736  887  886.563793844  12.7287695031  0.00913523181503
1.3408104426  735  912  912.026682481  12.8255912539  0.0244926854516
1.3408104426  734  938  938.195782767  12.5490089565  0.0116171404347
1.3408104426  733  964  964.594503141  13.3925993872  0.0231979389418
1.3408104426  732  992  991.311615474  13.3214720336  0.0147257095499
1.3408104426  731  1018  1019.57677028  0.165679711683  0.215782420856
1.5186804426  727  10  10.0447182552  5.78504719657  0.0148046290826
1.5186804426  727  26  26.1148598851  6.10663994886  -0.00511372210365
1.5186804426  728  42  42.2650888449  6.27742490092  -0.00542356562913
1.5186804426  729  58  58.5984947871  6.51698319249  -0.000950948277743
1.5186804426  730  75  75.0191680075  6.62824489798  -0.0262960821736
1.5186804426  730  91  91.6161702171  6.73401283933  0.00038896870925
1.5186804426  731  108  108.270672697  6.90229433746  -0.00310672266126
1.5186804426  732  125  125.084432721  7.1635569765  -0.00220497839181
1.5186804426  733  142  141.990637184  7.53805064358  0.00266718660434
1.5186804426  733  159  159.05831615  8.15305507527  0.0134807540941
1.5186804426  734  176  176.276177494  9.0720027495  0.0209231225653
1.5186804426  734  194  193.535228946  9.61368595832  0.00957866150337
1.5186804426  735  211  211.070891893  11.5215792337  0.0146890191053
1.5186804426  735  229  228.72328555  13.8495295511  0.000528923919558
1.5186804426  736  247  246.428774851  16.3416910195  -0.0104849307081
1.5186804426  736  265  264.642506578  19.3305236764  0.00248085355241
1.5186804426  737  283  283.25363658  25.4046463676  0.0113877114111
1.5186804426  737  303  302.339586356  29.4460738117  -0.0282056609211
1.5186804426  738  322  322.005919028  30.3370723502  0.0109426567967
1.5186804426  738  341  341.498682067  27.27487661  0.0289641071358
1.5186804426  738  360  360.555278746  23.961964428  0.0366579920387
1.5186804426  739  379  379.891415189  23.9627762317  0.0564913205471
1.5186804426  739  399  398.514434447  20.3792072954  0.00860134055606
1.5186804426  739  417  418.09045523  20.0721969353  0.065704210956
1.5186804426  740  437  437.298190578  0.223525720163  0.0318711506503
1.5186804426  740  457  456.564000416  17.2993763636  0.0134973537811
1.5186804426  740  476  476.367965924  17.5793913211  0.0371577502852
1.5186804426  740  496  496.254850197  17.4878553416  0.0347044079946
1.5186804426  740  516  516.369589963  17.8131720547  0.0377333772555
1.5186804426  740  537  536.770306646  19.1825140767  0.0110882771221
1.5186804426  740  558  557.620837946  19.7030651481  0.00835004895459
1.5186804426  740  579  578.782858201  22.9988916548  0.0105406038809
1.5186804426  740  601  600.443466547  24.0385498771  0.000101555804375
1.5186804426  740  622  622.930366469  29.9251735139  0.038873704167
1.5186804426  740  647  645.437450596  29.6469641102  -0.0144718408357
1.5186804426  739  670  668.97402226  30.8109016662  -0.000319896840484
1.5186804426  739  693  693.073165174  26.4769542172  0.0296993465373
1.5186804426  739  716  716.587640273  22.5607264933  0.0386527976694
1.5186804426  738  739  740.366417236  20.3945249032  0.0492993293386
1.5186804426  738  763  763.963869961  17.6193433399  0.0364776829103
1.5186804426  737  788  787.75632752  15.9942451686  0.0108819511718
1.5186804426  737  812  812.001527097  14.7770963875  0.00738596773643
1.5186804426  736  837  836.635084411  13.7484236385  0.00614535637537
1.5186804426  735  861  861.547258744  13.683129939  0.025708041867
1.5186804426  735  887  886.650849042  12.7856080047  0.00420955665673
1.5186804426  734  912  912.209192802  12.7763277396  0.0325447951572
1.5186804426  733  938  938.23502138  12.6154457166  0.00828038164932
1.5186804426  732  965  964.618653352  12.9139773562  0.0119427949125
1.5186804426  731  992  992.312302097  0.394870010861  -5.76911628673
1.5186804426  730  1018  1019.60865984  9.54688475471  0.218336585591
1.6965504426  726  10  10.017184359  5.74622058174  0.00630120764611
1.6965504426  727  26  26.0436734259  6.07410750728  -0.00136813067463
1.6965504426  727  42  42.2392977387  6.35806215315  -0.0118286455384
1.6965504426  728  58  58.5855496726  6.46748964847  -0.00320369765982
1.6965504426  729  75  75.0129411715  6.65802676511  -0.0245687996967
1.6965504426  730  91  91.6165405008  6.71057368752  -3.19748989753e-05
1.6965504426  730  108  108.268245002  6.93852852917  -0.00312661118321
1.6965504426  731  125  125.080308123  7.13136125035  -0.0010378720584
1.6965504426  732  142  142.013482908  7.4436309441  0.00160853792778
1.6965504426  732  159  159.055478205  8.12761367849  0.00907699778777
1.6965504426  733  176  176.300899093  9.10305652401  0.0231557288078
1.6965504426  733  194  193.573780341  9.66574426107  0.00752108683364
1.6965504426  734  211  211.039747305  11.5682134278  0.0164269337677
1.6965504426  735  229  228.658395543  13.6332633558  0.000199280709705
1.6965504426  735  247  246.497197666  16.2408925264  -0.00649104299348
1.6965504426  735  265  264.821463906  19.5563237154  0.00216663485173
1.6965504426  736  283  283.347433994  25.6553392889  0.0127899022878
1.6965504426  736  303  302.255186741  0.344664337882  -0.0196571742074
1.6965504426  737  321  322.609152175  36.5233497049  0.0711064032715
1.6965504426  737  341  341.490062271  27.5315161175  0.0324704541388
1.6965504426  738  360  360.765630048  23.743405259  0.0423678780115
1.6965504426  738  379  379.859817474  22.12705934  0.046942924118
1.6965504426  738  398  398.810157618  22.1266503124  0.0545736932248
1.6965504426  738  418  417.766266635  18.5649284545  0.0168790058761
1.6965504426  739  437  437.199329512  18.3722956082  0.0333230338468
1.6965504426  739  457  456.580552471  17.0851696043  0.014950896433
1.6965504426  739  476  476.451825073  17.5461444547  0.040555668379
1.6965504426  739  496  496.357192848  17.253249479  0.0378583762614
1.6965504426  739  517  516.263110024  17.54309937  0.00352467262056
1.6965504426  739  537  536.81837242  19.0245745987  0.0162505834138
1.6965504426  739  557  557.979251651  20.7029221497  0.0463645993161
1.6965504426  739  579  578.89211069  23.030085644  0.0147670026499
1.6965504426  739  601  600.488523244  23.788233014  0.00446767935492
1.6965504426  739  622  622.933735971  30.1554459195  0.0408825568816
1.6965504426  739  646  645.646447332  0.36780856257  0.0186739128247
1.6965504426  738  669  669.368250308  32.9916877346  0.0381522785386
1.6965504426  738  693  693.137729739  26.9739735015  0.030287852911
1.6965504426  738  716  716.71550859  24.0355833431  0.045914313203
1.6965504426  737  740  740.272353751  19.5039878246  0.020021406861
1.6965504426  737  763  764.044998065  17.6740098199  0.0385628051109
1.6965504426  736  788  787.853652361  15.9329569361  0.00985639823488
1.6965504426  736  812  812.101991579  14.7762312356  0.00918447875129
1.6965504426  735  837  836.667997736  13.712630447  0.00375088020658
1.6965504426  734  861  861.599380062  13.6085355049  0.0226623009912
1.6965504426  734  887  886.721404068  12.7453754458  0.00639014729937
1.6965504426  733  912  912.353175231  12.770847251  0.0325444857098
1.6965504426  732  938  938.388298818  12.5341951429  0.0136066274423
1.6965504426  731  965  964.752054015  12.9819478955  0.0155416559262
1.6965504426  730  992  992.30827472  0.381784880563  -5.92139222
1.6965504426  729  1019  1020.77588957  0.2007278821  12.4245798956
1.8744204426  725  10  9.9989692634  5.7726569476  0.00746516437862
1.8744204426  726  26  26.04620814  6.04334624238  -0.00504813983523
1.8744204426  726  42  42.2388956523  6.27737828206  -0.00763765449851
1.8744204426  727  58  58.5798483814  6.48423637736  -0.00254609842825
1.8744204426  728  75  74.9943686078  6.5916487431  -0.0278728775945
1.8744204426  729  91  91.5958384104  6.8382427739  0.00325557379527
1.8744204426  729  108  108.289445178  6.95599238178  -0.00806945238713
1.8744204426  730  125  125.060699722  7.16179231346  -0.00172151162702
1.8744204426  731  142  142.012562299  7.54245103953  0.0106778194548
1.8744204426  731  159  159.016259585  8.10787716925  0.00724056570125
1.8744204426  732  176  176.276113691  9.08678480269  0.0239594049024
1.8744204426  732  194  193.497903775  9.54188534673  0.0101072778125
1.8744204426  733  211  211.083990889  11.6009720778  0.0170092361798
1.8744204426  734  229  228.676447322  13.4263394401  -8.99912743466e-05
1.8744204426  734  247  246.486199833  16.0018731275  -0.0105396842628
1.8744204426  735  265  264.657617119  19.5411434907  -0.00286080875858
1.8744204426  735  283  283.330235672  0.291260248345  0.0223136335026
1.8744204426  735  302  302.74120796  30.557548674  0.0246935261646
1.8744204426  736  322  321.837158429  30.2674403624  -0.00115059800851
1.8744204426  736  341  341.615100279  28.2250279778  0.03073368043
1.8744204426  737  360  360.781170903  24.8743219995  0.0506248386289
1.8744204426  737  379  379.886340901  22.0352906177  0.0536806133883
1.8744204426  737  398  398.899623504  20.4347326476  0.0511250548667
1.8744204426  737  417  418.232407557  0.266934498464  0.0692990209127
1.8744204426  738  437  437.31320278  18.6813155669  0.0378194803489
1.8744204426  738  457  456.561858043  18.0485330736  0.0132240441501
1.8744204426  738  477  477.298717535  0.373018320871  -7.2991072684
1.8744204426  738  496  496.359112996  17.2261991455  0.0379319037157
1.8744204426  738  517  516.428803637  17.9117470516  0.010244736713
1.8744204426  738  537  536.869828497  18.5971903103  0.0164682866264
1.8744204426  738  557  557.91713987  0.247671053026  0.0461417253051
1.8744204426  738  578  579.147454315  23.359142474  0.0512494919323
1.8744204426  738  601  600.552424085  25.5490293087  0.00653054574893
1.8744204426  738  623  622.721094382  28.1683099518  0.0157251368087
1.8744204426  738  646  645.810908667  0.396622549756  0.0162316622569
1.8744204426  737  670  669.264123166  30.4944091778  0.0157632952992
1.8744204426  737  693  693.17396131  26.6228544292  0.0272520661703
1.8744204426  737  716  716.747128288  24.3306256135  0.0475657330369
1.8744204426  736  740  740.361671382  19.9701264129  0.0233112274904
1.8744204426  736  764  763.959552417  17.55366638  0.0151874307862
1.8744204426  735  788  787.919125925  16.1198374435  0.0134216049081
1.8744204426  735  812  812.17642212  14.8026398507  0.0149406365902
1.8744204426  734  837  836.708114102  13.6625706092  0.00294148516191
1.8744204426  734  861  861.722441223  13.5816572406  0.0253668856665
1.8744204426  733  887  886.81039849  12.75341496  0.00555047579925
1.8744204426  732  912  912.369267328  12.8687035667  0.0351053609949
1.8744204426  731  938  938.509271498  12.5063685991  0.0158345741679
1.8744204426  730  965  964.786154767  13.1253517257  0.0187907281586
1.8744204426  729  992  991.497993823  13.2839733919  0.0152968509335
1.8744204426  728  1019  1020.78062599  0.200385220956  12.5717660404
2.0522904426  724  10  9.99712920174  5.7045677824  0.00381251911582
2.0522904426  725  26  26.0443918917  6.14144413942  -0.000475801786663
2.0522904426  725  42  42.2175871384  6.32303123035  -0.0141626921921
2.0522904426  726  58  58.6000610764  6.45533833151  0.000597987604169
2.0522904426  727  75  74.9848792244  6.58524949376  -0.0286122094884
2.0522904426  728  91  91.5909082626  6.73118561865  -0.00249177400537
2.0522904426  728  108  108.236065929  6.82464050793  -0.00287927767971
2.0522904426  729  125  125.053058232  7.16237282622  -0.00100930511178
2.0522904426  730  142  142.005069954  7.53688703209  0.00588083779125
2.0522904426  730  159  159.018735502  8.08301030249  0.0154375955091
2.0522904426  731  176  176.258035138  9.02277862283  0.0203490327772
2.0522904426  732  194  193.584258258  9.71038016688  0.0170422516061
2.0522904426  732  211  211.054117284  11.7014447716  0.0185862197051
2.0522904426  733  229  228.67998573  13.7209964479  0.0075019754261
2.0522904426  733  247  246.492242472  16.1581966426  -0.00885393490975
2.0522904426  734  265  264.700594769  19.8427457262  0.0018305670972
2.0522904426  734  284  283.14279849  24.7310662753  -0.0292840394002
2.0522904426  735  302  302.475213234  31.5502129862  0.0254919042858
2.0522904426  735  322  321.930243856  29.7167620955  0.000633939955301
2.0522904426  735  341  341.636257247  0.347173900737  0.0331257572063
2.0522904426  736  360  360.801458362  24.8139740528  0.0436023023654
2.0522904426  736  379  379.945265625  21.7407848005  0.0579077858345
2.0522904426  736  398  398.893163659  19.8370892979  0.0486634830735
2.0522904426  737  417  418.139307864  20.8067795837  0.0723613971862
2.0522904426  737  437  437.367920399  18.7569873317  0.0416622199174
2.0522904426  737  457  456.641221898  17.8965411685  0.0126639119147
2.0522904426  737  477  477.294234461  0.406290144418  -7.1043973298
2.0522904426  737  497  497.315206607  0.40429774612  -6.78370198801
2.0522904426  737  517  516.328035239  17.7863327588  0.00350167977553
2.0522904426  737  537  536.814279966  18.7108085839  0.013152977778
2.0522904426  737  557  557.887194038  19.7847389694  0.0456210338349
2.0522904426  737  578  579.118637078  22.8899124592  0.049309074207
2.0522904426  737  601  600.674630873  25.6296962909  0.00792929237047
2.0522904426  737  623  622.819560089  28.2796537764  0.0151150718628
2.0522904426  737  646  645.90325448  33.1570760141  0.0208084935215
2.0522904426  737  670  669.741660369  31.676490033  0.0265117578687
2.0522904426  736  693  693.181634273  28.1416093784  0.0332597373918
2.0522904426  736  717  716.739334818  22.60341039  0.0176249505495
2.0522904426  735  740  740.391016591  20.0628975787  0.0309834157139
2.0522904426  735  764  763.963210938  17.7318547413  0.0166570278851
2.0522904426  735  788  788.150770231  16.1572767979  0.018931448087
2.0522904426  734  812  812.304105768  14.7984556035  0.0179993690603
2.0522904426  733  837  836.759221298  13.608176241  0.00387773512829
2.0522904426  733  861  861.800899668  13.7570010972  0.0229370935749
2.0522904426  732  887  886.905131246  12.7869361145  0.0132722791839
2.0522904426  731  912  912.456063324  12.746128261  0.0389097203377
2.0522904426  730  938  938.552791466  12.5887590473  0.0173423444584
2.0522904426  729  965  964.887853601  13.0789642968  0.0231319939468
2.0522904426  728  992  991.572413422  13.3514451102  0.0177812657032
2.0522904426  727  1019  1020.78371423  0.198375016537  12.6922563749
