# Band 2C   Etalon 1B   Slice 15
# Distortion map version 06.04.00 - date 2018-10-09
# Trace (isoalpha): Take pixel trace along specified slice, specified alpha position trace is built by taking the pixel in every detector row with alpha value closest to the one specified 
# xpos[i] = np.argmin(alpha_img[i,:])+funcs.find_nearest(alpha_img[i,:][(slice_img[i,:]!=0)],alpha_pos)
#    alpha       x  y      center         FWHM          skewness
0.0  845  6  5.95201275198  1.76737577672  0.0566310394608
0.0  846  20  19.6940577767  1.7458515969  0.0532955964022
0.0  846  33  33.4425860277  1.81043229282  -0.0240887785732
0.0  847  47  47.4421851821  1.6836272111  0.0380396341153
0.0  848  62  61.5616737395  1.67305228302  0.0473155047431
0.0  848  76  75.7098149622  1.81069479178  0.0018748285844
0.0  849  90  90.0824533618  1.6957937511  0.0794612290961
0.0  850  105  104.548295485  1.71121832348  0.0222661422081
0.0  850  119  119.07699986  1.75660053154  0.0321310107495
0.0  851  134  133.85553093  1.78560929908  0.0466115928268
0.0  852  149  148.754748212  1.83517131494  0.0860299133034
0.0  852  164  163.673261706  1.79058192664  0.0362086221031
0.0  853  179  178.816468494  1.77445873521  0.0342114901785
0.0  853  194  194.031227229  1.7783904788  0.0352868946437
0.0  854  209  209.457425607  1.79045338617  0.0108152332311
0.0  854  225  224.93848228  1.7647250866  0.0189745374764
0.0  855  241  240.655800935  1.72869870038  0.00996856306972
0.0  855  256  256.436713696  1.71231346526  0.0138432741675
0.0  856  272  272.451340148  1.64651368439  0.0114423836078
0.0  856  289  288.533719089  1.67624711792  0.0224243330721
0.0  856  305  304.744612887  1.70352420307  0.021396733556
0.0  857  321  321.259435632  1.7175042717  0.0734755012222
0.0  857  338  337.776227651  1.75378222182  0.0508259190717
0.0  857  354  354.477536387  1.74096166248  0.050933764137
0.0  858  371  371.441949408  1.78308263857  0.0494167620543
0.0  858  388  388.46296728  1.78372679692  0.0380214053589
0.0  858  406  405.641317095  1.80818329533  0.0212454735964
0.0  858  423  423.030924603  1.84818840457  0.0279719680334
0.0  859  441  440.643512979  1.8233985538  0.0164682288035
0.0  859  458  458.369103216  1.81619136747  0.0240001211258
0.0  859  476  476.271102338  1.82829545502  0.0166676578946
0.0  859  494  494.329333303  1.82396716101  -0.00158066243956
0.0  859  513  512.575774289  1.83227611474  -0.0206270316104
0.0  859  531  531.032036138  1.86444085631  -0.00483473133758
0.0  859  550  549.649761895  1.81701616772  -0.0100150746881
0.0  859  568  568.466609082  1.76579922729  -0.000100575638961
0.0  859  587  587.477951898  1.80393120422  0.0179933512985
0.0  859  607  606.655245823  1.80079518319  0.00603087640423
0.0  859  626  626.087345452  1.8747789581  0.0483241661682
0.0  859  646  645.661124618  1.87616945304  0.0244290921348
0.0  858  665  665.408116519  1.87294852633  0.0363760612769
0.0  858  685  685.442996597  1.88141822291  0.0522112219545
0.0  858  706  705.640713919  1.94212871348  0.028930920816
0.0  857  726  726.043167603  2.00263500822  0.0373397957798
0.0  857  747  746.697392232  2.00111481022  0.0283292079328
0.0  857  768  767.581093734  2.02225687835  0.0206919203491
0.0  856  789  788.634803698  2.0521244376  -0.00596926848557
0.0  856  810  810.003268687  2.09065448248  -0.00843913241851
0.0  855  832  831.537327423  2.0527964474  -0.0252244059317
0.0  854  853  853.306764745  2.07653768477  -0.0206821147095
0.0  854  875  875.362729831  2.05619673018  0.0117212836704
0.0  853  898  897.593757947  2.04292320512  -0.00543021940165
0.0  852  920  920.097093358  2.09596923618  0.0191168952892
0.0  851  943  942.891632199  2.12949498303  0.0141896293586
0.0  850  966  965.934146477  2.15220186226  0.0150500260633
0.0  849  989  989.268660533  2.20502689838  0.025490926973
0.0  848  1013  1012.84276198  2.23507862046  0.000831962067812
-1.73468289373  854  7  7.07290273014  1.80266562802  0.0649187140297
-1.73468289373  854  21  20.6823284491  1.76022988102  0.0518421335766
-1.73468289373  855  35  34.5545359524  1.71494145824  0.0685395441334
-1.73468289373  856  49  48.5247884969  1.67938227747  0.0490020790473
-1.73468289373  856  63  62.5185894016  1.64735433551  0.046551793114
-1.73468289373  857  77  76.7466697119  1.68062059511  0.040218551748
-1.73468289373  858  91  91.1336660274  1.71195789619  0.0684870460589
-1.73468289373  858  105  105.483692299  1.73687770346  0.0241831776901
-1.73468289373  859  120  120.141053723  1.75616042683  0.059538805247
-1.73468289373  860  135  134.881905175  1.79436283845  0.115070579697
-1.73468289373  860  150  149.64845695  1.79370124687  0.0376691835213
-1.73468289373  861  165  164.647243349  1.78326306787  0.0288515378874
-1.73468289373  861  180  179.705445658  1.8137542388  0.0303132311641
-1.73468289373  862  195  195.000755087  1.77321630171  0.031375129644
-1.73468289373  862  210  210.328947375  1.76280444182  0.0296711782611
-1.73468289373  863  226  225.896012411  1.75839108874  0.0270366854672
-1.73468289373  863  242  241.505473131  1.75436344341  0.0103319861209
-1.73468289373  864  257  257.396907979  1.72602764793  0.0304641017682
-1.73468289373  864  273  273.287729566  1.72009715583  0.0238286770006
-1.73468289373  865  289  289.464317918  1.64360927141  0.0429690687052
-1.73468289373  865  306  305.637131107  1.7052500459  0.0125690243174
-1.73468289373  865  322  322.049425598  1.72409346675  0.0770203200637
-1.73468289373  866  339  338.627763182  1.72280381343  0.0205987465064
-1.73468289373  866  355  355.351544829  1.73700182926  0.060445545695
-1.73468289373  866  372  372.201400925  1.77947709303  0.0727739901096
-1.73468289373  867  389  389.322813512  1.7855142867  0.0592255924534
-1.73468289373  867  406  406.47307992  1.76637596037  0.0304707363972
-1.73468289373  867  424  423.831951198  1.8465569359  0.0399122050337
-1.73468289373  867  441  441.36015559  1.81416842635  0.0391802707677
-1.73468289373  867  459  459.049164458  1.86206188184  0.0250563579195
-1.73468289373  867  477  476.929731551  1.84171347108  0.0176886704057
-1.73468289373  868  495  495.09755584  1.85897666047  0.0131095263811
-1.73468289373  868  513  513.342568799  1.83834835369  0.004559391761
-1.73468289373  868  532  531.74641765  1.83930711664  -0.00238042345751
-1.73468289373  868  550  550.388713429  1.81085570369  0.00866877686445
-1.73468289373  868  569  569.182106179  1.84927153905  0.0136937346041
-1.73468289373  868  588  588.187595435  1.82570261171  0.0304693237697
-1.73468289373  867  607  607.260902368  1.84781515019  0.0170792641546
-1.73468289373  867  627  626.629898781  1.83352543891  0.0213349381112
-1.73468289373  867  646  646.255381478  1.84571003404  0.0722825957014
-1.73468289373  867  666  666.057299754  1.90789791997  0.06123757457
-1.73468289373  867  686  686.04607075  1.90615719833  0.0573881745852
-1.73468289373  866  706  706.18589834  1.95094845145  0.0644818738955
-1.73468289373  866  727  726.586488861  1.94560048633  0.0280173128042
-1.73468289373  866  747  747.269781979  2.00207018708  0.0520407464054
-1.73468289373  865  768  768.072497256  2.05319512831  0.0382473527627
-1.73468289373  865  789  789.18198651  2.0599135896  0.0207856714551
-1.73468289373  864  810  810.447821671  2.05947599808  -0.011152938447
-1.73468289373  864  832  832.031291189  2.10680538398  -0.00416878077112
-1.73468289373  863  854  853.756198466  2.04648267843  -0.0281979404851
-1.73468289373  862  876  875.740021866  2.04300033887  -0.0152094582122
-1.73468289373  862  898  898.061775445  2.0578234603  0.0145078893345
-1.73468289373  861  921  920.507568674  2.02786139267  0.00182825860984
-1.73468289373  860  943  943.310109282  2.1007895069  0.0271031452464
-1.73468289373  859  966  966.339683596  2.10936118708  0.0375359371174
-1.73468289373  858  990  989.606865196  2.1867936377  0.00709420373794
-1.73468289373  857  1013  1013.20614205  2.22750471586  0.0252061066696
-1.54064289373  853  7  6.94344600309  1.8031722048  0.0597496957958
-1.54064289373  853  21  20.554588275  1.73127490362  0.0423070856642
-1.54064289373  854  34  34.4299123888  1.69391334884  0.0637684322342
-1.54064289373  855  48  48.4113081884  1.67468115134  0.0627534350834
-1.54064289373  855  62  62.393551227  1.73084622299  -0.0183381733844
-1.54064289373  856  77  76.622170755  1.67143924302  0.025571239919
-1.54064289373  857  91  91.0117076832  1.70676376299  0.0676172702097
-1.54064289373  857  105  105.382062717  1.73921172296  0.0301542224914
-1.54064289373  858  120  120.027166305  1.76326259256  0.0709120787871
-1.54064289373  859  135  134.752978421  1.77511632859  0.0388992176118
-1.54064289373  859  150  149.536608732  1.79201969593  0.0359275786706
-1.54064289373  860  165  164.537560681  1.7730826624  0.0146653094144
-1.54064289373  860  180  179.597149595  1.80104440987  0.0340596540246
-1.54064289373  861  195  194.872211568  1.77359810552  0.0228169290891
-1.54064289373  861  210  210.229693096  1.76319055092  0.0318638202168
-1.54064289373  862  226  225.796931039  1.77564629909  0.031940234074
-1.54064289373  862  241  241.400858485  1.75883180379  0.0141146401152
-1.54064289373  863  257  257.271018082  1.72769869984  0.0240951874818
-1.54064289373  863  273  273.177472856  1.7335826295  0.0211704231219
-1.54064289373  864  289  289.365174626  1.70118391775  0.0419380362057
-1.54064289373  864  306  305.540443201  1.68893671933  0.015559471121
-1.54064289373  864  322  321.926891251  1.7531371189  0.0535738696248
-1.54064289373  865  339  338.538721396  1.70719103438  0.0420648789621
-1.54064289373  865  355  355.241293173  1.75097982838  0.0595901451286
-1.54064289373  865  372  372.094957492  1.78110436773  0.0663287999354
-1.54064289373  866  389  389.211749611  1.79790834133  0.0552894995019
-1.54064289373  866  406  406.382179962  1.77304347293  0.033182174834
-1.54064289373  866  424  423.722861784  1.85075981382  0.0273626979151
-1.54064289373  866  441  441.269507354  1.83670791116  0.0303664847956
-1.54064289373  866  459  458.951981392  1.88123266912  0.0157563449757
-1.54064289373  867  477  476.930121732  1.84056250257  0.0216734950606
-1.54064289373  867  495  494.980137777  1.85825201782  -0.00446328378536
-1.54064289373  867  513  513.247819123  1.84150457097  0.00740354025908
-1.54064289373  867  532  531.65401118  1.83853177855  -0.00881336956564
-1.54064289373  867  550  550.294532357  1.81946606417  0.0148576649008
-1.54064289373  867  569  569.062490167  1.85223109147  -0.00943658206371
-1.54064289373  867  588  588.090566311  1.86400122204  0.0233645652229
-1.54064289373  867  607  607.271568323  1.83051652375  0.03737107835
-1.54064289373  866  627  626.566378831  1.82057000156  0.0307949800367
-1.54064289373  866  646  646.180784597  1.87852480379  0.0680773425785
-1.54064289373  866  666  665.955167058  1.91374052249  0.0456589837114
-1.54064289373  866  686  685.954792669  1.9217194956  0.0529564762848
-1.54064289373  865  706  706.111418427  1.92473562862  0.0653478096104
-1.54064289373  865  727  726.506970145  1.9356104898  0.0339177958036
-1.54064289373  865  747  747.170333605  2.00645540855  0.0415628889418
-1.54064289373  864  768  768.012585706  2.05832708879  0.0381415677484
-1.54064289373  864  789  789.112793968  2.0874613974  0.0152098760356
-1.54064289373  863  810  810.397148164  2.04021176059  0.00653089230698
-1.54064289373  863  832  831.953536304  2.08267340819  -0.0180494681309
-1.54064289373  862  854  853.699302263  2.05473573517  -0.0278572600332
-1.54064289373  861  876  875.677090033  2.03978815151  -0.012691244153
-1.54064289373  861  898  897.974166423  2.09177091096  0.00287451967428
-1.54064289373  860  920  920.454365675  2.04839305194  0.0136354063867
-1.54064289373  859  943  943.250804428  2.11626390059  0.0305922094836
-1.54064289373  858  966  966.283940592  2.10814893446  0.036223700581
-1.54064289373  857  990  989.549724301  2.16861140388  0.0203263261638
-1.54064289373  856  1013  1013.14580167  2.25732643174  0.0264099626542
-1.34660289373  852  7  6.81126964621  1.80021818877  0.0663894104469
-1.34660289373  852  20  20.4079218562  1.83223765732  -0.031554173207
-1.34660289373  853  34  34.3152750732  1.73038093722  0.0739316333224
-1.34660289373  854  48  48.2975508115  1.68265337035  0.0647724915855
-1.34660289373  854  62  62.361244237  1.71663776208  0.0802021475408
-1.34660289373  855  77  76.5120723967  1.64591452397  0.0434585410278
-1.34660289373  856  91  90.8820179704  1.71313355703  0.0543183540653
-1.34660289373  856  105  105.244726358  1.76570862482  -0.0303814311112
-1.34660289373  857  120  119.906122976  1.78630860858  0.0601690204443
-1.34660289373  858  135  134.636387245  1.77794112919  0.0321551912333
-1.34660289373  858  149  149.411130482  1.79880248057  0.028733411625
-1.34660289373  859  164  164.424640517  1.76692539804  0.0267204779269
-1.34660289373  859  179  179.473030417  1.79601045203  0.0274536660784
-1.34660289373  860  195  194.768019877  1.78005272019  0.0219119530821
-1.34660289373  860  210  210.109441889  1.75618329755  0.0343130063065
-1.34660289373  861  226  225.673731046  1.78583832117  0.0183672241698
-1.34660289373  861  241  241.293648695  1.76423158263  0.0123117159237
-1.34660289373  862  257  257.167716003  1.73296661724  0.0220012114602
-1.34660289373  862  273  273.066372825  1.73187469106  0.0136218671864
-1.34660289373  863  289  289.25821536  1.70159506735  0.0497938605367
-1.34660289373  863  305  305.452250574  1.66658948211  0.0374356459881
-1.34660289373  863  322  321.817910499  1.74156987503  0.0552819140076
-1.34660289373  864  338  338.439972712  1.68792559325  0.0445422971472
-1.34660289373  864  355  355.148244382  1.78023121934  0.0655772815162
-1.34660289373  864  372  371.996374057  1.78600937936  0.0602459743187
-1.34660289373  865  389  389.104611665  1.82460238611  0.0501956729371
-1.34660289373  865  406  406.29467187  1.77330993718  0.0494699960089
-1.34660289373  865  424  423.642067465  1.84245108888  0.0402996374539
-1.34660289373  865  441  441.178137458  1.81753088153  0.0399436088742
-1.34660289373  865  459  458.863554561  1.84849066692  0.0179849456692
-1.34660289373  866  477  476.83924684  1.84276796894  0.0118825189817
-1.34660289373  866  495  494.895115613  1.85952181195  -0.00027780950569
-1.34660289373  866  513  513.237010214  1.73044006177  0.165634255718
-1.34660289373  866  532  531.563808988  1.82273196541  -0.0211969148811
-1.34660289373  866  550  550.21442553  1.82963515499  0.00268444968159
-1.34660289373  866  569  568.975704629  1.83942259213  -0.00569504784827
-1.34660289373  866  588  587.99875676  1.85301316707  0.00923879290197
-1.34660289373  866  607  607.187486334  1.86682721007  0.032913089488
-1.34660289373  865  626  626.489273995  1.8144405854  0.0323437389414
-1.34660289373  865  646  646.103987067  1.88006198701  0.0650749280943
-1.34660289373  865  666  665.880863297  1.93524001898  0.0411990431366
-1.34660289373  865  686  685.880214981  1.9378741112  0.0409920004932
-1.34660289373  864  706  706.080826227  1.87922080046  0.0658656403273
-1.34660289373  864  726  726.448531873  1.91819433856  0.0369590077448
-1.34660289373  864  747  747.108368615  2.00200156999  0.0475990323105
-1.34660289373  863  768  767.937022593  2.05227438981  0.0280641491304
-1.34660289373  863  789  789.045251651  2.09502965904  0.0107561153572
-1.34660289373  862  810  810.345942462  2.05789645864  0.0066858929688
-1.34660289373  862  832  831.901509714  2.07515481952  -0.0243484570733
-1.34660289373  861  854  853.645703559  2.04457906094  -0.0250987385721
-1.34660289373  860  876  875.629533796  2.02967931047  -0.0151820531096
-1.34660289373  860  898  897.930107855  2.08496377209  0.00793951217741
-1.34660289373  859  920  920.402415678  2.03447691769  0.0241320606873
-1.34660289373  858  943  943.21110815  2.11019958826  0.0369146406487
-1.34660289373  857  966  966.236788345  2.11607063399  0.0401840815113
-1.34660289373  856  990  989.515286867  2.17140402685  0.0216770147273
-1.34660289373  855  1013  1013.08580794  2.24386179783  0.0214862309416
-1.15256289373  851  7  6.69414414896  1.78855896297  0.0766732997735
-1.15256289373  851  20  20.291126285  1.78987186828  -0.0272553464368
-1.15256289373  852  34  34.1903008696  1.72943287161  0.0657933122675
-1.15256289373  853  48  48.1702193619  1.69590861255  0.0659721383125
-1.15256289373  854  62  62.2674367282  1.8091272416  0.0939177691404
-1.15256289373  854  76  76.3984921404  1.63960107911  0.0612623858367
-1.15256289373  855  91  90.7605965346  1.71270710251  0.0529615699562
-1.15256289373  855  105  105.221485126  1.82289328  0.0496791050446
-1.15256289373  856  120  119.772841825  1.78893948782  0.0425190993539
-1.15256289373  857  135  134.504510669  1.75822319724  0.0108622100361
-1.15256289373  857  149  149.304918222  1.80109852769  0.0306537266468
-1.15256289373  858  164  164.316121255  1.77332773482  0.0223698733716
-1.15256289373  858  179  179.358933814  1.77731521862  0.0225677811231
-1.15256289373  859  195  194.669848336  1.77154233104  0.042438160862
-1.15256289373  859  210  209.983135817  1.78721203699  0.0207251323503
-1.15256289373  860  226  225.566680007  1.78023084682  0.0248844912016
-1.15256289373  860  241  241.18856984  1.7702097989  0.0147026623431
-1.15256289373  861  257  257.048542955  1.74350569546  0.00711557557709
-1.15256289373  861  273  272.948596169  1.73136771819  0.010361068707
-1.15256289373  862  289  289.149505679  1.71409880843  0.0483834850366
-1.15256289373  862  305  305.360986527  1.66816889191  0.0539607946023
-1.15256289373  862  322  321.713340278  1.73162540143  0.0431582065264
-1.15256289373  863  338  338.357706679  1.67611135276  0.0659387667872
-1.15256289373  863  355  355.045565766  1.78755746657  0.0671968861898
-1.15256289373  863  372  371.892206246  1.80512195594  0.0561882630065
-1.15256289373  864  389  389.00405602  1.81757172782  0.0478761536121
-1.15256289373  864  406  406.206425826  1.79516722478  0.0553972759419
-1.15256289373  864  424  423.557503183  1.83638920938  0.0387874801755
-1.15256289373  864  441  441.085930371  1.83843565252  0.0352169262279
-1.15256289373  864  459  458.777338306  1.86289081422  0.01797444678
-1.15256289373  865  477  476.747904266  1.86323920697  0.0121726947588
-1.15256289373  865  495  494.803035584  1.86726488648  -0.00647555941828
-1.15256289373  865  513  513.107420231  1.85726933012  0.0586205482843
-1.15256289373  865  531  531.491718485  1.82703996206  -0.0104648753427
-1.15256289373  865  550  550.142951091  1.86081220205  0.015566451095
-1.15256289373  865  569  568.890894369  1.83058534136  -0.0152361234979
-1.15256289373  865  588  587.911618043  1.84463261581  0.00471533255886
-1.15256289373  865  607  607.108766064  1.85904186937  0.0417268344372
-1.15256289373  864  626  626.405902971  1.81341165525  0.0245318112108
-1.15256289373  864  646  646.015511844  1.89613154743  0.0473519360623
-1.15256289373  864  666  665.817672036  1.91788683686  0.0413900798385
-1.15256289373  864  686  685.796447504  1.93818802647  0.0234148561752
-1.15256289373  864  706  706.045446823  1.97562008714  0.0810568471313
-1.15256289373  863  726  726.404913307  1.91665500471  0.0548858130671
-1.15256289373  863  747  747.040222282  2.01199732072  0.0396730867143
-1.15256289373  862  768  767.879695328  2.05857447506  0.0329173051097
-1.15256289373  862  789  788.965210353  2.08867406874  -0.0020825017121
-1.15256289373  861  810  810.274238338  2.04882348783  -0.00419103237226
-1.15256289373  861  832  831.829504052  2.07024757768  -0.0280748784158
-1.15256289373  860  854  853.592414217  2.04149528808  -0.0229682272069
-1.15256289373  859  876  875.568256232  1.98947177518  -0.0390943652294
-1.15256289373  859  898  897.861566536  2.0884632069  -0.00052893251345
-1.15256289373  858  920  920.35632891  2.03986619116  0.0244160567608
-1.15256289373  857  943  943.123896324  2.1304238361  0.0200311953021
-1.15256289373  856  966  966.195309876  2.12339757842  0.0356862048741
-1.15256289373  855  989  989.492378188  2.15784587839  0.0342226415439
-1.15256289373  854  1013  1013.06376853  2.22036097168  0.0203228743249
-0.958522893725  850  7  6.56139569599  1.77700670805  0.0607587329001
-0.958522893725  850  20  20.2724209633  1.80470582844  0.0900846958453
-0.958522893725  851  34  34.0604616224  1.72567702485  0.0718538063207
-0.958522893725  852  48  48.0391670953  1.70767676354  0.052891052399
-0.958522893725  853  62  62.1873364223  1.6655259222  0.123899302431
-0.958522893725  853  76  76.2901399222  1.64817773552  0.0707456885303
-0.958522893725  854  91  90.633893658  1.68374801494  0.031596637166
-0.958522893725  855  105  105.087444444  1.87722171756  0.0470822031121
-0.958522893725  855  120  119.645444137  1.76913292353  0.0314870897808
-0.958522893725  856  134  134.392696182  1.76352362315  0.0146964572973
-0.958522893725  856  149  149.187034488  1.78448814612  0.0284883779922
-0.958522893725  857  164  164.218776922  1.75820904897  0.0369270924453
-0.958522893725  857  179  179.248572048  1.7846464092  0.00773202558873
-0.958522893725  858  195  194.550728013  1.76877286341  0.0171377271079
-0.958522893725  858  210  209.858256894  1.76252276489  -0.00853085463818
-0.958522893725  859  225  225.466869593  1.76999223418  0.0174298746198
-0.958522893725  859  241  241.059549841  1.76099459024  -0.00565785217623
-0.958522893725  860  257  256.946512273  1.73414386847  0.0134040649302
-0.958522893725  860  273  272.838140318  1.73214340759  0.00477167095307
-0.958522893725  861  289  289.032031895  1.71597365278  0.0335997587073
-0.958522893725  861  305  305.257683144  1.69504381896  0.0571694725326
-0.958522893725  861  322  321.600722722  1.70460819628  0.0291267272114
-0.958522893725  862  338  338.272270832  1.70729909303  0.0802685257065
-0.958522893725  862  355  354.945336046  1.79541302929  0.0580289431555
-0.958522893725  862  372  371.796043443  1.81306953226  0.05156247716
-0.958522893725  863  389  388.902254585  1.8133806022  0.0374015795196
-0.958522893725  863  406  406.123348854  1.80748749522  0.0632874132189
-0.958522893725  863  423  423.453928979  1.83808880187  0.0271521160895
-0.958522893725  863  441  440.997831511  1.84511286711  0.0356168048149
-0.958522893725  864  459  458.718899219  1.91160158271  -0.00251591823461
-0.958522893725  864  477  476.660982923  1.85220197071  0.0071937574315
-0.958522893725  864  495  494.71460305  1.86031541292  -0.00502279797748
-0.958522893725  864  513  512.993908175  1.88776655  0.010332948465
-0.958522893725  864  531  531.414218122  1.83697702565  -0.015942921185
-0.958522893725  864  550  550.049827269  1.84323115306  -0.000531351927177
-0.958522893725  864  569  568.814136419  1.83011199841  -0.0277420488018
-0.958522893725  864  588  587.83515876  1.84224228992  0.00301507831026
-0.958522893725  864  607  607.037572756  1.88275455087  0.0341602907627
-0.958522893725  864  626  626.405826938  1.81279893463  0.0270648070754
-0.958522893725  863  646  645.945665114  1.87870377541  0.0521137596774
-0.958522893725  863  666  665.740389224  1.9032303039  0.0366628743161
-0.958522893725  863  686  685.722446691  1.91828524984  0.0204669691502
-0.958522893725  863  706  705.966138609  1.9783445452  0.0526058894056
-0.958522893725  862  726  726.336944172  1.91843712044  0.0512687406158
-0.958522893725  862  747  746.986274857  2.01926333165  0.0413567377129
-0.958522893725  861  768  767.809751861  2.05368291919  0.0310099220406
-0.958522893725  861  789  788.913984287  2.08372315385  -0.00039633387525
-0.958522893725  860  810  810.216974825  2.05736295387  -0.00119328906648
-0.958522893725  860  832  831.779561211  2.06258021758  -0.0255787222348
-0.958522893725  859  854  853.540337178  2.03249377795  -0.0224463403172
-0.958522893725  858  876  875.555743674  2.0107744511  -0.00755133671815
-0.958522893725  858  898  897.813483268  2.07529341341  -0.00705717894594
-0.958522893725  857  920  920.306663142  2.0428254165  0.0219086197572
-0.958522893725  856  943  943.081053214  2.13938585604  0.0157353111391
-0.958522893725  855  966  966.13987697  2.15931933815  0.0330793333389
-0.958522893725  854  989  989.444508732  2.18001804106  0.0311235538401
-0.958522893725  853  1013  1013.01523339  2.26566894801  0.0137434173822
-0.764482893725  849  6  6.43558556248  1.76030466271  0.0535995338812
-0.764482893725  850  20  20.1516529885  1.86716359627  0.0614172094842
-0.764482893725  850  34  33.9370427195  1.73168346348  0.0667214367335
-0.764482893725  851  48  47.9155545786  1.71006965725  0.0617694220078
-0.764482893725  852  62  62.0499602503  1.69155804851  0.0740033673751
-0.764482893725  852  76  76.1752354524  1.67526052046  0.0818990868506
-0.764482893725  853  91  90.5209291783  1.65879047335  0.0461841375954
-0.764482893725  854  105  105.048847449  1.73374190965  0.103345917138
-0.764482893725  854  120  119.53562295  1.7577290776  0.0321433992834
-0.764482893725  855  134  134.286706375  1.74050562135  0.0283852256319
-0.764482893725  855  149  149.070782245  1.77958615502  0.0303867847477
-0.764482893725  856  164  164.113192291  1.76841339345  0.0396763279666
-0.764482893725  856  179  179.119974215  1.79767004192  -0.0463677008351
-0.764482893725  857  194  194.437737418  1.75117653409  0.0237094444408
-0.764482893725  858  210  209.813246362  1.85251445717  0.0123579062664
-0.764482893725  858  225  225.356601837  1.76679844455  0.00898722181237
-0.764482893725  858  241  240.936203174  1.75498707969  -0.0349246867475
-0.764482893725  859  257  256.833482537  1.72198661799  0.00621950501528
-0.764482893725  859  273  272.729056351  1.69993392322  -0.00295971275205
-0.764482893725  860  289  288.913412955  1.72931279762  0.0253131695704
-0.764482893725  860  305  305.156551924  1.70350967242  0.0585591008617
-0.764482893725  861  322  321.554653039  1.75251874282  0.0290666721453
-0.764482893725  861  338  338.183950993  1.72224196861  0.0926681896183
-0.764482893725  861  355  354.836153311  1.79840980686  0.049408453335
-0.764482893725  861  372  371.688825109  1.77619056116  0.0293472706175
-0.764482893725  862  389  388.79938922  1.82857741785  0.0266229724691
-0.764482893725  862  406  406.018360508  1.8322147328  0.0553011808971
-0.764482893725  862  423  423.375728045  1.81247999604  0.0346803478189
-0.764482893725  862  441  440.90680911  1.84326622967  0.0347852336164
-0.764482893725  863  459  458.680119799  1.84179753382  0.00637247354893
-0.764482893725  863  477  476.585851427  1.83548750696  0.0115820181369
-0.764482893725  863  495  494.632596099  1.82810645086  -0.0161883867616
-0.764482893725  863  513  512.89717491  1.86045293413  -0.00834743689696
-0.764482893725  863  531  531.338103473  1.84769086263  -0.00561931414896
-0.764482893725  863  550  549.957288271  1.83866550699  -0.00640661770592
-0.764482893725  863  569  568.743192069  1.80652781505  -0.0212383114266
-0.764482893725  863  588  587.742854769  1.8309450671  -0.00480544467647
-0.764482893725  863  607  606.946451862  1.85007719953  0.0265605214973
-0.764482893725  863  626  626.3549254  1.81799143075  0.0446125683442
-0.764482893725  862  646  645.88026566  1.89650754697  0.0433732291942
-0.764482893725  862  666  665.652913732  1.88335894499  0.0239232078401
-0.764482893725  862  686  685.681436158  1.91983996538  0.0360719137594
-0.764482893725  862  706  705.90138274  1.96550306144  0.0428054201798
-0.764482893725  861  726  726.288651436  1.93475503377  0.0671937494003
-0.764482893725  861  747  746.910969664  2.01981340038  0.0327787899942
-0.764482893725  860  768  767.737829735  2.03826914495  0.0141598792656
-0.764482893725  860  789  788.865156566  2.06748375831  0.00418452258523
-0.764482893725  859  810  810.158881689  2.07982419994  -0.00332355356344
-0.764482893725  859  832  831.725005092  2.05678822376  -0.0294745036824
-0.764482893725  858  853  853.492692836  2.0462073469  -0.0177267468555
-0.764482893725  858  876  875.52365597  1.97353459679  0.0141243291583
-0.764482893725  857  898  897.764067895  2.07480682281  -0.00757260715441
-0.764482893725  856  920  920.261412261  2.0511310013  0.0240368320835
-0.764482893725  855  943  943.069630978  2.14133137757  0.02756228542
-0.764482893725  854  966  966.077295266  2.17226577358  0.0174491258868
-0.764482893725  853  989  989.399070374  2.179310715  0.0268207341225
-0.764482893725  852  1013  1012.98230031  2.24869706472  0.0139217496145
-0.570442893725  848  6  6.33178655193  1.77988969267  0.0656752701359
-0.570442893725  849  20  20.0883763441  1.75354374098  0.114105005014
-0.570442893725  849  34  33.8105687351  1.74285151442  0.0603650961382
-0.570442893725  850  48  47.7855542786  1.69816030676  0.0442635815406
-0.570442893725  851  62  61.9285099216  1.69622366642  0.0778189218235
-0.570442893725  851  76  76.0512795558  1.67984864007  0.0697617223228
-0.570442893725  852  90  90.4099103555  1.64903256923  0.0510962147017
-0.570442893725  853  105  104.898179177  1.75414000199  0.0463320585856
-0.570442893725  853  119  119.410174607  1.7589247839  0.023608832489
-0.570442893725  854  134  134.186349549  1.75500595653  0.0481318457189
-0.570442893725  854  149  148.966256673  1.79119862384  0.0430672905445
-0.570442893725  855  164  164.000949009  1.78598882472  0.0478478945966
-0.570442893725  855  179  179.093349437  1.87637915896  0.0196541640751
-0.570442893725  856  194  194.334759408  1.75088663543  0.0190834252782
-0.570442893725  857  210  209.778864842  1.83473664234  0.0791909832125
-0.570442893725  857  225  225.251229168  1.77711664425  0.0105736203208
-0.570442893725  857  241  240.895967604  1.85926239614  -0.00501990875789
-0.570442893725  858  257  256.734487203  1.72293262688  0.000891052405679
-0.570442893725  858  273  272.62588677  1.66491698037  -0.00179074781415
-0.570442893725  859  289  288.814402484  1.71917890274  0.0113127065553
-0.570442893725  859  305  305.052105461  1.73540681851  0.0503835829965
-0.570442893725  860  322  321.516154558  1.69463165272  0.0421253923157
-0.570442893725  860  338  338.067214751  1.76028118328  0.0668317466543
-0.570442893725  860  355  354.746906872  1.78354577386  0.0460701892001
-0.570442893725  861  372  371.656520851  1.83545609189  0.0407291649912
-0.570442893725  861  389  388.714291693  1.80887807419  0.0324595413855
-0.570442893725  861  406  405.926069135  1.82887160348  0.0502746540338
-0.570442893725  861  423  423.281563099  1.81930147435  0.0292428230711
-0.570442893725  861  441  440.808452273  1.83215980352  0.0218040653986
-0.570442893725  862  459  458.599526943  1.83943178926  0.000778587958757
-0.570442893725  862  476  476.499946196  1.82249076167  0.00679308766877
-0.570442893725  862  495  494.555589608  1.82815417892  -0.00830228333856
-0.570442893725  862  513  512.809506416  1.86754799366  -0.0179724609684
-0.570442893725  862  531  531.257334627  1.83839447106  -0.012001491229
-0.570442893725  862  550  549.880785021  1.83255126777  -0.0110776824114
-0.570442893725  862  569  568.673343909  1.78821432569  -0.0152814119987
-0.570442893725  862  588  587.67567608  1.81768390231  -0.00493193249964
-0.570442893725  862  607  606.872726231  1.85517230208  0.0121636012137
-0.570442893725  862  626  626.30178549  1.82357073944  0.0609133329752
-0.570442893725  861  646  645.795589398  1.88459099496  0.031659813359
-0.570442893725  861  666  665.590786604  1.87737897509  0.0242279683217
-0.570442893725  861  686  685.61681542  1.8980796264  0.0361664001476
-0.570442893725  861  706  705.81691489  1.96686839355  0.0369283250679
-0.570442893725  860  726  726.223884308  1.95585657591  0.0630439153989
-0.570442893725  860  747  746.855722704  2.02808764822  0.0274903567703
-0.570442893725  859  768  767.699652413  2.02512082714  0.0127707069835
-0.570442893725  859  789  788.804958753  2.07115705258  0.00405981913429
-0.570442893725  858  810  810.122886378  2.01277290767  -0.014493403903
-0.570442893725  858  832  831.66615414  2.05409102554  -0.0303262923964
-0.570442893725  857  853  853.439118406  2.03640376013  -0.0119372561788
-0.570442893725  857  875  875.47971444  2.04153816734  -0.000506980098193
-0.570442893725  856  898  897.710172134  2.05645143277  -0.00895463568432
-0.570442893725  855  920  920.225798124  2.0739375966  0.0264918427494
-0.570442893725  854  943  943.000270895  2.15538513197  0.0236515615735
-0.570442893725  853  966  966.04380644  2.15594256628  0.0297586220765
-0.570442893725  852  989  989.358675883  2.19412174041  0.0234920506984
-0.570442893725  851  1013  1012.94317128  2.23458534708  0.0140553981073
-0.376402893725  847  6  6.19112791123  1.76173786123  0.0580902634021
-0.376402893725  848  20  19.9389880712  1.75402506773  0.0522493545128
-0.376402893725  848  34  33.6851844411  1.72010779103  0.0531987597793
-0.376402893725  849  48  47.6676852215  1.6814715978  0.0365364652914
-0.376402893725  850  62  61.7863203193  1.69681094892  0.0464441904771
-0.376402893725  850  76  75.933399705  1.69267653034  0.0699770363381
-0.376402893725  851  90  90.3084464455  1.64283410739  0.079572434404
-0.376402893725  852  105  104.782771919  1.72842634509  0.0410889405023
-0.376402893725  852  119  119.314010742  1.74001295153  0.0354158349039
-0.376402893725  853  134  134.075921993  1.75993935757  0.0469069488362
-0.376402893725  853  149  148.847268639  1.77164152512  0.031434889769
-0.376402893725  854  164  163.874130909  1.77448474859  0.0451410286329
-0.376402893725  855  179  178.967892011  1.87338640897  0.0206771525129
-0.376402893725  855  194  194.232356399  1.73887504541  0.0273392365338
-0.376402893725  856  210  209.648383944  1.77982048658  0.00894912219029
-0.376402893725  856  225  225.144347435  1.76101206416  0.0045861284456
-0.376402893725  857  241  240.865453611  1.75228482646  0.0553709014368
-0.376402893725  857  257  256.636637564  1.71638437377  0.00793427011516
-0.376402893725  857  273  272.546365286  1.64989810146  0.008198503868
-0.376402893725  858  289  288.71293342  1.70169416789  0.00646790678447
-0.376402893725  858  305  304.943868783  1.71330421246  0.0339202772521
-0.376402893725  859  321  321.434208055  1.69496203  0.0614402489074
-0.376402893725  859  338  337.970323005  1.7546140794  0.0751240107779
-0.376402893725  859  355  354.651322025  1.76058406982  0.0350222358357
-0.376402893725  860  372  371.606675453  1.78427996924  0.0384821158234
-0.376402893725  860  389  388.632233964  1.79662457774  0.0321488492895
-0.376402893725  860  406  405.828509376  1.81994306861  0.0385492576092
-0.376402893725  860  423  423.195067498  1.81392120452  0.0347358689859
-0.376402893725  860  441  440.726768144  1.83870699617  0.0185659274492
-0.376402893725  861  459  458.516369257  1.83016757439  0.00993961225658
-0.376402893725  861  476  476.423872298  1.82074364218  0.0162959259873
-0.376402893725  861  494  494.487135923  1.83651981013  0.000298257029301
-0.376402893725  861  513  512.726600538  1.83880381  -0.0191228641499
-0.376402893725  861  531  531.182167364  1.83653577359  -0.0133888087525
-0.376402893725  861  550  549.793554882  1.83322247254  -0.0195240444505
-0.376402893725  861  569  568.606647139  1.76619712135  -0.00538215725764
-0.376402893725  861  588  587.614749324  1.80803176349  0.00379140388245
-0.376402893725  861  607  606.792771006  1.83997569833  0.0107609253673
-0.376402893725  861  626  626.230722971  1.83983636392  0.0639728586751
-0.376402893725  860  646  645.726218555  1.88227676912  0.0267361252509
-0.376402893725  860  666  665.520384717  1.8780983638  0.0200562605049
-0.376402893725  860  686  685.554174263  1.88682696155  0.0314379474213
-0.376402893725  860  706  705.744272268  1.95112889491  0.0206693447153
-0.376402893725  859  726  726.172598403  1.96264298793  0.0637421879962
-0.376402893725  859  747  746.810481695  2.01859761246  0.0361959224315
-0.376402893725  859  768  767.686924429  2.04960927987  0.0213608957677
-0.376402893725  858  789  788.745463414  2.07596796999  -0.00276362473952
-0.376402893725  858  810  810.079292648  2.03488489819  -0.0155624552483
-0.376402893725  857  832  831.616109278  2.03966592681  -0.0328293717915
-0.376402893725  856  853  853.406925997  2.03851436669  -0.0079504962622
-0.376402893725  856  875  875.445364475  2.04199960518  0.00360498894426
-0.376402893725  855  898  897.665526152  2.05458155683  -0.00968337470719
-0.376402893725  854  920  920.175129282  2.07117363216  0.0183331510316
-0.376402893725  853  943  942.960346788  2.15381609817  0.00937258933869
-0.376402893725  852  966  966.008842976  2.1468095968  0.019169215753
-0.376402893725  851  989  989.336909207  2.1783068389  0.0357878027886
-0.376402893725  850  1013  1012.8940946  2.26584718769  0.000470379419298
-0.182362893725  846  6  6.07053800776  1.76464928854  0.0578697732684
-0.182362893725  847  20  19.8063916261  1.74991062818  0.0418237015833
-0.182362893725  847  34  33.5678079977  1.72149535492  0.0462163116902
-0.182362893725  848  48  47.5548534911  1.67936821014  0.0328426909203
-0.182362893725  849  62  61.6718718871  1.67873948484  0.0444916928663
-0.182362893725  849  76  75.808777553  1.68689993585  0.0554009503846
-0.182362893725  850  90  90.1989910679  1.6739949801  0.0902209321373
-0.182362893725  851  105  104.663170138  1.71550957305  0.0337798272609
-0.182362893725  851  119  119.193814849  1.73614621661  0.0358574486372
-0.182362893725  852  134  133.970006734  1.776379278  0.052768172272
-0.182362893725  852  149  148.726638762  1.77360067371  0.0118259525847
-0.182362893725  853  164  163.765571823  1.79910184447  0.0407959833719
-0.182362893725  854  179  178.938079196  1.78831939156  0.0825652004455
-0.182362893725  854  194  194.121641582  1.7527655784  0.0170021138657
-0.182362893725  855  210  209.549073516  1.78485390489  0.00637228048307
-0.182362893725  855  225  225.034191413  1.76430230835  0.0105751936298
-0.182362893725  856  241  240.75127471  1.73894280413  2.95655484228e-05
-0.182362893725  856  257  256.532848874  1.70418462147  0.00428537576049
-0.182362893725  856  272  272.451785499  1.6410550207  0.0091254438736
-0.182362893725  857  289  288.621636277  1.66661794847  0.0146696137981
-0.182362893725  857  305  304.833479355  1.71623766709  0.0235671126239
-0.182362893725  858  321  321.350353266  1.68734507807  0.0648034288228
-0.182362893725  858  338  337.875429532  1.75747918361  0.0621442441885
-0.182362893725  858  355  354.558804885  1.74402864904  0.0370483584594
-0.182362893725  859  372  371.520565169  1.77199133998  0.0394282356535
-0.182362893725  859  389  388.548486906  1.77812432164  0.0328467938915
-0.182362893725  859  406  405.734210544  1.82210787964  0.0326254870866
-0.182362893725  859  423  423.109724674  1.82447256464  0.0312355224869
-0.182362893725  859  441  440.641854526  1.80737509147  0.00690429029209
-0.182362893725  860  458  458.441876281  1.81992411568  0.0227086332889
-0.182362893725  860  476  476.350263229  1.82306618641  0.0158231971218
-0.182362893725  860  494  494.403788553  1.82988275931  -0.000593129742314
-0.182362893725  860  513  512.654514843  1.85302959352  -0.0201482184442
-0.182362893725  860  531  531.106785371  1.84447985337  -0.0161830647435
-0.182362893725  860  550  549.728486825  1.82183651472  -0.0132467073026
-0.182362893725  860  569  568.545129284  1.77845998358  0.00524339563147
-0.182362893725  860  588  587.540611732  1.80177796563  0.00161249545661
-0.182362893725  860  607  606.723280608  1.82094439564  0.00743810229277
-0.182362893725  860  626  626.158170056  1.86717719139  0.0595433010468
-0.182362893725  859  646  645.654091792  1.84638350303  -0.00552269248018
-0.182362893725  859  665  665.470377788  1.8632778058  0.0374560874418
-0.182362893725  859  685  685.495038306  1.88934522398  0.0363365399494
-0.182362893725  859  706  705.695192935  1.93112894068  0.0289414673529
-0.182362893725  858  726  726.111247679  1.98125605639  0.0628978248564
-0.182362893725  858  747  746.745189627  2.0187332282  0.0223807607431
-0.182362893725  858  768  767.636470959  2.03219607857  0.0164074455204
-0.182362893725  857  789  788.705092684  2.04601369413  0.00287472579762
-0.182362893725  857  810  810.058918575  2.08740272603  -0.0043306732049
-0.182362893725  856  832  831.588552893  2.05326471551  -0.0256036891093
-0.182362893725  855  853  853.363375489  2.06359503861  -0.00976883999576
-0.182362893725  855  875  875.382789046  2.03347255063  -0.0088719208406
-0.182362893725  854  898  897.624561398  2.0583804274  -0.0132914503915
-0.182362893725  853  920  920.147918959  2.07461732749  0.0270833070366
-0.182362893725  852  943  942.932138937  2.13742148237  0.00662515594992
-0.182362893725  851  966  965.96421257  2.16733270708  0.0201949365498
-0.182362893725  850  989  989.302295079  2.18872189804  0.0306282069217
-0.182362893725  849  1013  1012.86386174  2.23785358292  0.00386199510318
0.0116771062748  845  6  5.95201275198  1.76737577672  0.0566310394608
0.0116771062748  846  20  19.6938704726  1.74473560109  0.0533878749984
0.0116771062748  846  33  33.4519477891  1.71861909523  0.0388929136056
0.0116771062748  847  47  47.4421851821  1.6836272111  0.0380396341153
0.0116771062748  848  62  61.5616523733  1.6727011677  0.047406549039
0.0116771062748  848  76  75.6772983726  1.67178595088  0.0306876482917
0.0116771062748  849  90  90.0824533618  1.6957937511  0.0794612290961
0.0116771062748  850  105  104.548241429  1.71012453342  0.0225206190832
0.0116771062748  850  119  119.076983708  1.75661346165  0.0320523636059
0.0116771062748  851  134  133.85553093  1.78560929908  0.0466115928268
0.0116771062748  851  149  148.642141541  1.91301310623  -0.0219415603806
0.0116771062748  852  164  163.673261706  1.79058192664  0.0362086221031
0.0116771062748  853  179  178.815938838  1.7721665636  0.0358915209467
0.0116771062748  853  194  194.031227229  1.7783904788  0.0352868946437
0.0116771062748  854  209  209.457453285  1.78943690093  0.0111508965246
0.0116771062748  854  225  224.93848228  1.7647250866  0.0189745374764
0.0116771062748  855  241  240.655550072  1.72689511298  0.0101360406013
0.0116771062748  855  256  256.436713696  1.71231346526  0.0138432741675
0.0116771062748  855  272  272.353665764  1.73344571142  -0.0418369301331
0.0116771062748  856  289  288.533719089  1.67624711792  0.0224243330721
0.0116771062748  856  305  304.744498415  1.70304674335  0.0208880759913
0.0116771062748  857  321  321.259419073  1.7175744926  0.0733897025724
0.0116771062748  857  338  337.776227651  1.75378222182  0.0508259190717
0.0116771062748  857  354  354.477536387  1.74096166248  0.050933764137
0.0116771062748  858  371  371.441928563  1.78361521359  0.0491839272512
0.0116771062748  858  388  388.46296728  1.78372679692  0.0380214053589
0.0116771062748  858  406  405.641317095  1.80818329533  0.0212454735964
0.0116771062748  858  423  423.030924603  1.84818840457  0.0279719680334
0.0116771062748  859  441  440.642496212  1.81566315275  0.0177031933982
0.0116771062748  859  458  458.369103216  1.81619136747  0.0240001211258
0.0116771062748  859  476  476.271102338  1.82829545502  0.0166676578946
0.0116771062748  859  494  494.329333303  1.82396716101  -0.00158066243956
0.0116771062748  859  513  512.575774289  1.83227611474  -0.0206270316104
0.0116771062748  859  531  531.032036138  1.86444085631  -0.00483473133758
0.0116771062748  859  550  549.649761895  1.81701616772  -0.0100150746881
0.0116771062748  859  568  568.466609082  1.76579922729  -0.000100575638961
0.0116771062748  859  587  587.477951898  1.80393120422  0.0179933512985
0.0116771062748  859  607  606.655245823  1.80079518319  0.00603087640423
0.0116771062748  859  626  626.087345452  1.8747789581  0.0483241661682
0.0116771062748  859  646  645.669328057  1.88172667057  0.0281880604396
0.0116771062748  858  665  665.408116519  1.87294852633  0.0363760612769
0.0116771062748  858  685  685.442996597  1.88141822291  0.0522112219545
0.0116771062748  858  706  705.640713919  1.94212871348  0.028930920816
0.0116771062748  857  726  726.052544575  2.00474592628  0.0536539729597
0.0116771062748  857  747  746.697392232  2.00111481022  0.0283292079328
0.0116771062748  857  768  767.581126965  2.02274119905  0.0209239992521
0.0116771062748  856  789  788.634803698  2.0521244376  -0.00596926848557
0.0116771062748  856  810  810.00322734  2.09042563321  -0.00874434387776
0.0116771062748  855  832  831.537327423  2.0527964474  -0.0252244059317
0.0116771062748  854  853  853.307265297  2.07252079581  -0.0156871610029
0.0116771062748  854  875  875.362733298  2.05606672379  0.0115926145972
0.0116771062748  853  898  897.593757947  2.04292320512  -0.00543021940165
0.0116771062748  852  920  920.09708634  2.09599370238  0.0190807132425
0.0116771062748  851  943  942.891624189  2.12999221061  0.0137028357099
0.0116771062748  850  966  965.934240226  2.15296356467  0.0185172835863
0.0116771062748  849  989  989.268728767  2.20480746604  0.0304130419781
0.0116771062748  848  1013  1012.84276305  2.23482360959  0.00163243550683
0.205717106275  844  6  5.8424646618  1.76894187478  0.0683241751318
0.205717106275  845  20  19.5735208067  1.75850169843  0.0472023159951
0.205717106275  845  33  33.3348613236  1.71371365621  0.0426010388176
0.205717106275  846  47  47.3312737253  1.67222262073  0.0543803267352
0.205717106275  847  61  61.4531879133  1.66479980444  0.055360329679
0.205717106275  847  76  75.5805407681  1.78859779365  -0.0286822368303
0.205717106275  848  90  89.9766348185  1.71422182521  0.0786437585382
0.205717106275  849  104  104.441692189  1.68697721625  0.0293477625516
0.205717106275  849  119  118.972300405  1.75256921069  0.0372736929424
0.205717106275  850  134  133.743455739  1.77311594726  0.0363364445044
0.205717106275  851  149  148.564353138  1.81665077997  0.0167477684439
0.205717106275  851  164  163.558820792  1.7908065614  0.0274951433997
0.205717106275  852  179  178.698624515  1.78786896063  0.0200091356608
0.205717106275  852  194  193.928454374  1.76867130548  0.0399561982163
0.205717106275  853  209  209.346749191  1.77292145025  0.00413724373937
0.205717106275  853  225  224.836888691  1.74432777324  0.019128460404
0.205717106275  854  241  240.557866207  1.72916993314  0.00629353013564
0.205717106275  854  256  256.355479606  1.71366555241  0.0160730655987
0.205717106275  855  272  272.36215753  1.77400963959  0.0601948044321
0.205717106275  855  288  288.439509967  1.64714702512  0.021564583494
0.205717106275  855  305  304.6551383  1.67457448427  0.0191618765571
0.205717106275  856  321  321.168005393  1.74448538238  0.0745474738493
0.205717106275  856  338  337.682854188  1.7271039834  0.0425358542818
0.205717106275  856  354  354.396361418  1.75009506727  0.0595778646226
0.205717106275  857  371  371.350368075  1.78508565094  0.0481347829468
0.205717106275  857  388  388.374288083  1.77421981654  0.04117256816
0.205717106275  857  406  405.567354443  1.80866251402  0.0243792072322
0.205717106275  857  423  422.952624596  1.84169734861  0.0315542483096
0.205717106275  858  441  440.561156135  1.81607164057  0.017898425968
0.205717106275  858  458  458.294880508  1.823101017  0.023199682912
0.205717106275  858  476  476.195506945  1.83956038161  0.0210918108042
0.205717106275  858  494  494.258528872  1.82265695195  -0.000308754540176
0.205717106275  858  513  512.500262034  1.82945416947  -0.019962268269
0.205717106275  858  531  530.944024419  1.87594616114  -0.0262068249307
0.205717106275  858  550  549.588722952  1.83560686775  -0.0118401362125
0.205717106275  858  568  568.403786102  1.78495472829  -0.00188273909334
0.205717106275  858  587  587.415016372  1.80297184832  0.0147550983578
0.205717106275  858  607  606.611106877  1.80766581954  0.00615844329046
0.205717106275  858  626  626.02421001  1.87415863722  0.0430427052913
0.205717106275  858  646  645.620524911  1.87310424239  0.0388778558118
0.205717106275  857  665  665.35423946  1.88528923146  0.0507161149694
0.205717106275  857  685  685.400201833  1.88670608623  0.0628229288737
0.205717106275  857  706  705.569423151  1.91617641937  0.0209744207398
0.205717106275  856  726  725.988854058  1.98749750653  0.0438003841441
0.205717106275  856  747  746.640879392  1.99696860972  0.0302908600967
0.205717106275  856  768  767.53956201  2.03924822777  0.0208097040019
0.205717106275  855  789  788.589858655  2.05268732299  -0.00677811671345
0.205717106275  855  810  809.949946948  2.0986951497  -0.0121338147017
0.205717106275  854  831  831.481988708  2.05168887317  -0.0326953411106
0.205717106275  853  853  853.274764673  2.07539966023  -0.0146515520899
0.205717106275  853  875  875.320039388  2.06334764919  0.00197704968532
0.205717106275  852  898  897.559981672  2.06615328005  -0.00732019218452
0.205717106275  851  920  920.053925061  2.0933193487  0.0120274478743
0.205717106275  850  943  942.863110285  2.13096052309  0.00894875849392
0.205717106275  849  966  965.910688763  2.16339872235  0.0179375946678
0.205717106275  848  989  989.247630599  2.21251894154  0.0267272996049
0.205717106275  847  1013  1012.79240103  2.22307037019  -0.00498166832824
0.399757106275  843  6  5.71819295393  1.78666791058  0.0543474964016
0.399757106275  844  19  19.4570210839  1.74688393497  0.0423766067099
0.399757106275  844  33  33.2044066383  1.7650747559  -0.0137791774739
0.399757106275  845  47  47.224841307  1.67756935049  0.0496020110705
0.399757106275  846  61  61.3449552554  1.66270186898  0.0525921751694
0.399757106275  846  75  75.4530292147  1.7387708745  -0.0343931812433
0.399757106275  847  90  89.8647037378  1.7211993546  0.0799551719764
0.399757106275  848  104  104.343423661  1.67579033225  0.0273764959629
0.399757106275  848  119  118.871785533  1.77243619706  0.0425172437094
0.399757106275  849  134  133.644098795  1.81069157654  0.0117535798815
0.399757106275  850  149  148.519206461  1.86096746179  0.0649983266868
0.399757106275  850  163  163.449938126  1.79158951209  0.0131504710307
0.399757106275  851  179  178.597947022  1.78833644957  0.02178500131
0.399757106275  851  194  193.82004041  1.78460448161  0.0301644891774
0.399757106275  852  209  209.243135207  1.78750869458  0.00209591813351
0.399757106275  852  225  224.734614323  1.75513088114  0.0122038928278
0.399757106275  853  240  240.474341752  1.72063849314  0.00775164645904
0.399757106275  853  256  256.265901116  1.72592491611  0.0279594910548
0.399757106275  854  272  272.288188109  1.65412625619  0.043157535536
0.399757106275  854  288  288.36080425  1.66173365084  0.0412829440848
0.399757106275  854  305  304.57240516  1.65925899738  0.0221416755066
0.399757106275  855  321  321.050684671  1.74333053992  0.0545844198806
0.399757106275  855  338  337.599782209  1.74563164597  0.0452551654139
0.399757106275  855  354  354.314238788  1.7429677548  0.0653165741408
0.399757106275  856  371  371.275054328  1.77361517057  0.0538298527906
0.399757106275  856  388  388.3022937  1.77441234585  0.0512356013274
0.399757106275  856  406  405.502108323  1.81010969208  0.0273463069321
0.399757106275  856  423  422.858778526  1.83315291336  0.0196887748731
0.399757106275  857  440  440.50073173  1.80152439878  0.0318678422695
0.399757106275  857  458  458.22276338  1.8318342459  0.0288918703452
0.399757106275  857  476  476.114811406  1.84107850993  0.0153281837798
0.399757106275  857  494  494.195225062  1.82755023055  0.00124230210718
0.399757106275  857  512  512.450356093  1.83865570942  -0.0035266571409
0.399757106275  857  531  530.878846171  1.84620197148  -0.0219868226936
0.399757106275  857  550  549.525070928  1.84412947698  -0.0147878958992
0.399757106275  857  568  568.353387532  1.78576888518  0.0061579954547
0.399757106275  857  587  587.343793384  1.84248790883  0.00874332343115
0.399757106275  857  607  606.542398758  1.80652039127  0.000298222890417
0.399757106275  857  626  625.950726663  1.90468725845  0.0292098505823
0.399757106275  857  646  645.549286938  1.86534953201  0.0231197807143
0.399757106275  856  665  665.323914079  1.89441154929  0.0575890202142
0.399757106275  856  685  685.326897649  1.90925067256  0.0531230019958
0.399757106275  856  706  705.532400328  1.90975202198  0.0353867117124
0.399757106275  855  726  725.932636514  2.00459324232  0.0270156342636
0.399757106275  855  747  746.593009259  1.97723180077  0.0309490365059
0.399757106275  855  767  767.494099229  2.0510593736  0.0204021373241
0.399757106275  854  789  788.553310036  2.06221894479  -0.00262517943783
0.399757106275  854  810  809.908752101  2.10069227374  -0.0124006922321
0.399757106275  853  831  831.443810708  2.05729474146  -0.0318167966065
0.399757106275  852  853  853.235600983  2.09722536899  -0.0237838673004
0.399757106275  852  875  875.280142158  2.05591003294  -0.00203846583229
0.399757106275  851  898  897.503743802  0.0252762338844  -0.086987949491
0.399757106275  850  920  920.012519601  2.08343400295  0.00694100863449
0.399757106275  849  943  942.826602355  2.14526206876  0.00339619350774
0.399757106275  848  966  965.865971743  2.17830869876  -0.00559709682982
0.399757106275  847  989  989.222883979  2.16489728317  0.0310938627035
0.399757106275  846  1013  1012.77318003  2.23249875187  -0.00150827788409
0.593797106275  842  6  5.58934410103  1.78808009347  0.0382850390076
0.593797106275  843  19  19.3418843449  1.74886627029  0.0407356679845
0.593797106275  843  33  33.1800404916  1.84012282816  0.0512860083284
0.593797106275  844  47  47.1136748106  1.67929792785  0.0605517023366
0.593797106275  845  61  61.230730802  1.66525689819  0.0478657383947
0.593797106275  845  75  75.4279173202  1.7080010101  0.0460512820142
0.593797106275  846  90  89.7409522936  1.71844968711  0.0484162625804
0.593797106275  847  104  104.254423327  1.68857100706  0.0491964884081
0.593797106275  847  119  118.757112696  1.75988682179  0.0361759872373
0.593797106275  848  134  133.504134272  1.24558293332  -0.163211236671
0.593797106275  849  148  148.415160195  1.75820435208  0.0234589069585
0.593797106275  849  163  163.345160757  1.77203511317  0.000981616130862
0.593797106275  850  178  178.500556431  1.7794482974  0.0119229742258
0.593797106275  850  194  193.719149778  1.80020016384  0.0306295361453
0.593797106275  851  209  209.137855449  1.77687771322  0.00166734497316
0.593797106275  851  225  224.641232947  1.76535949539  0.0156693225668
0.593797106275  852  240  240.377863353  1.73719889029  0.00279073210366
0.593797106275  852  256  256.158511048  1.7262162104  0.0115082284226
0.593797106275  853  272  272.197869866  1.68361825607  0.0360775473736
0.593797106275  853  288  288.285716312  1.67562666421  0.0570674470458
0.593797106275  853  304  304.499949542  1.63677893956  0.0485752375646
0.593797106275  854  321  320.96053533  1.75532667465  0.0471261370614
0.593797106275  854  338  337.513680627  1.71960733734  0.0450171971706
0.593797106275  854  354  354.24187433  1.7483605757  0.0765068289802
0.593797106275  855  371  371.191800274  1.75007088616  0.0531559934345
0.593797106275  855  388  388.222588679  1.78713394336  0.0477985939166
0.593797106275  855  405  405.429648507  1.83124967339  0.0290394926643
0.593797106275  855  423  422.775197218  1.82775249231  0.0234986052149
0.593797106275  856  440  440.410061309  1.80384089263  0.0114932206974
0.593797106275  856  458  458.142715988  1.86376904341  0.0255235417287
0.593797106275  856  476  476.047458344  1.86534046951  0.0208245033562
0.593797106275  856  494  494.119548864  1.84000240967  0.0114343813363
0.593797106275  856  512  512.386984132  1.85125946982  -0.00611447643261
0.593797106275  856  531  530.812603266  1.84251871467  -0.0214128853181
0.593797106275  856  549  549.454161219  1.83867838801  -0.0113562698444
0.593797106275  856  568  568.275398617  1.80573276416  -0.00317771072194
0.593797106275  856  587  587.287637985  1.83724576548  0.00795110663992
0.593797106275  856  606  606.483145044  1.8035511161  0.014578086457
0.593797106275  856  626  625.877641676  1.89938296276  0.0265102364659
0.593797106275  856  646  645.507010501  1.84898204675  0.0374956541647
0.593797106275  855  665  665.256504152  1.89605125149  0.0528533050122
0.593797106275  855  685  685.279465722  1.91690667987  0.0604658231961
0.593797106275  855  705  705.462356966  1.92450777423  0.0262782845963
0.593797106275  855  726  725.913697974  1.96545240145  0.0513230539956
0.593797106275  854  747  746.531039936  1.98121660438  0.0258418730122
0.593797106275  854  767  767.442302561  2.03991188641  0.017444108437
0.593797106275  853  789  788.504319158  2.07148328796  -0.00611394081066
0.593797106275  853  810  809.872251698  2.08671541657  -0.022046443859
0.593797106275  852  831  831.405934849  2.06156810634  -0.0256197802888
0.593797106275  851  853  853.200703524  2.04387406986  -0.0368815838185
0.593797106275  851  875  875.238338003  2.07645091753  -0.00361040182447
0.593797106275  850  898  897.508603385  2.03745072635  0.00260822052371
0.593797106275  849  920  919.979758196  2.10014057181  0.00176514309434
0.593797106275  848  943  942.782075526  2.14586142367  -0.00495262968626
0.593797106275  847  966  965.853272472  2.14290598786  0.00595330954844
0.593797106275  846  989  989.186627806  2.17799354427  0.0172775437975
0.593797106275  845  1013  1012.72421104  2.22608652975  -0.0245336204522
0.787837106275  841  5  5.48040686969  1.78920435362  0.0394803107116
0.787837106275  842  19  19.2330531401  1.73152630894  0.0405952218251
0.787837106275  842  33  33.0439417947  1.82447720174  0.035931397777
0.787837106275  843  47  46.9856101279  1.67761553278  0.0348444162029
0.787837106275  844  61  61.12340203  1.67450674405  0.0574328579499
0.787837106275  845  75  75.3424085474  1.78136450183  0.0794945452214
0.787837106275  845  90  89.6322516224  1.70069534195  0.0489880523171
0.787837106275  846  104  104.159205868  1.70589338811  0.0673062731887
0.787837106275  846  119  118.640124531  1.75359662547  0.00966020919955
0.787837106275  847  133  133.423078019  1.77239219364  0.0144513997471
0.787837106275  848  148  148.311897295  1.769824033  0.0184431410105
0.787837106275  848  163  163.248941116  1.77376086009  0.0059357983106
0.787837106275  849  178  178.403000388  1.75156930621  0.00520897674974
0.787837106275  849  194  193.604838033  1.81046959094  0.00845788253242
0.787837106275  850  209  209.049576939  1.76494284911  0.00455328331029
0.787837106275  850  225  224.544992867  1.76461847215  0.0117728959726
0.787837106275  851  240  240.284785007  1.71806025689  0.000274000145849
0.787837106275  851  256  256.067945415  1.72186308053  0.0145824128212
0.787837106275  852  272  272.106179385  1.70433996297  0.0349368197623
0.787837106275  852  288  288.1978064  1.70716922543  0.0554721876658
0.787837106275  852  304  304.423159006  1.63994903489  0.0580607378699
0.787837106275  853  321  320.871505594  1.76163296146  0.0484941049877
0.787837106275  853  337  337.443574684  1.71738629476  0.0645596797172
0.787837106275  853  354  354.157103182  1.7742287651  0.0777859214359
0.787837106275  854  371  371.110532117  1.80467865388  0.0509459705992
0.787837106275  854  388  388.142259979  1.79990725904  0.0458690623538
0.787837106275  854  405  405.358347162  1.83452834991  0.0345519693284
0.787837106275  854  423  422.696259583  1.83348873722  0.00704951868123
0.787837106275  855  440  440.342045618  1.82046633804  0.0277964787011
0.787837106275  855  458  458.067794155  1.84364086142  0.0271208771071
0.787837106275  855  476  475.970483827  1.84924437741  0.0210393213963
0.787837106275  855  494  494.056631489  1.85803166124  0.00871483480903
0.787837106275  855  512  512.313263987  1.84979189772  -0.00989217741075
0.787837106275  855  531  530.748183755  1.83836179056  -0.0260056426103
0.787837106275  855  549  549.383625559  1.83832131382  -0.017736634454
0.787837106275  855  568  568.214742096  1.82082456485  -2.58542691504e-06
0.787837106275  855  587  587.221344236  1.85541433269  0.0136776660639
0.787837106275  855  606  606.431272319  1.79962762874  0.0260401296328
0.787837106275  855  626  625.813961191  1.89590929746  0.0146955219599
0.787837106275  855  645  645.4454876  1.84781351812  0.0379911390585
0.787837106275  854  665  665.21604019  1.91867352136  0.0582872067024
0.787837106275  854  685  685.232186736  1.91842250508  0.0598113563301
0.787837106275  854  705  705.434245852  1.92239606396  0.0418720767682
0.787837106275  854  726  725.887669319  1.99915929367  0.0498491941665
0.787837106275  853  746  746.50106498  1.97924846834  0.0295243589088
0.787837106275  853  767  767.404730295  2.04086060024  0.0200176653987
0.787837106275  852  788  788.464901145  2.06607765999  -0.000740424686888
0.787837106275  852  810  809.828171755  2.11860087224  -0.0220604503154
0.787837106275  851  831  831.37731942  2.06846494428  -0.0233999320432
0.787837106275  851  853  853.163434659  2.06251945427  -0.0312925234145
0.787837106275  850  875  875.202347  2.10179370252  -0.00664940090238
0.787837106275  849  897  897.469115209  2.04104924712  0.0147272006485
0.787837106275  848  920  919.94048898  2.09769688256  -0.00245144241244
0.787837106275  847  943  942.779755857  2.15285490537  0.00840292617071
0.787837106275  847  966  965.83200059  2.14978211348  0.0085893313799
0.787837106275  846  989  989.168492776  2.19444613105  0.0219520975375
0.787837106275  844  1013  1012.73455212  2.23460935714  -0.0161742039246
0.981877106275  840  5  5.35101627896  1.79500016386  0.0165910299236
0.981877106275  841  19  19.1232342384  1.7357724594  0.0393208641045
0.981877106275  842  33  32.9257759826  1.80544639325  0.0286340605979
0.981877106275  842  47  46.8740734335  1.68226559588  0.0411316119933
0.981877106275  843  61  61.0087034543  1.67894294081  0.0606277375696
0.981877106275  844  75  75.2310582121  1.77891692519  0.0673546728236
0.981877106275  844  90  89.520302067  1.69498932502  0.0312657312954
0.981877106275  845  104  104.040083792  1.7158876313  0.0576747922506
0.981877106275  845  119  118.543765083  1.74233012853  0.0137767684544
0.981877106275  846  133  133.321361259  1.78491665648  0.014139598262
0.981877106275  847  148  148.226021399  1.75951423062  0.0338019814566
0.981877106275  847  163  163.144800161  1.7731139604  0.00628870495491
0.981877106275  848  178  178.296537604  1.76410747201  -0.00177926964162
0.981877106275  848  194  193.515594255  1.80015452451  0.0100244858256
0.981877106275  849  209  208.949751957  1.76000923035  0.00509661533732
0.981877106275  849  224  224.465697761  1.76482239059  0.0110458869906
0.981877106275  850  240  240.194860987  1.7298430606  0.0108966644077
0.981877106275  850  256  255.981898954  1.74586541066  0.023219967094
0.981877106275  851  272  271.995739081  1.71013562036  0.0303765866581
0.981877106275  851  288  288.09625515  1.71864382745  0.0390632683867
0.981877106275  851  304  304.341570848  1.65978357596  0.0645702333165
0.981877106275  852  321  320.770791259  1.7475660697  0.0250192006488
0.981877106275  852  337  337.370846351  1.70751822124  0.0752300431234
0.981877106275  852  354  354.083915709  1.78420470009  0.0827242174937
0.981877106275  853  371  371.016090771  1.81234133922  0.044708374228
0.981877106275  853  388  388.065454696  1.80169370062  0.0533352738631
0.981877106275  853  405  405.266720722  1.82242047914  0.0253971287415
0.981877106275  853  423  422.633310083  1.81228694942  0.0102630869653
0.981877106275  854  440  440.278625265  1.82439437675  0.0330288078057
0.981877106275  854  458  458.002430978  1.84926525804  0.0300245316391
0.981877106275  854  476  475.901063477  1.86707422605  0.0166020361583
0.981877106275  854  494  493.975990709  1.87341298838  -0.0016392960654
0.981877106275  854  512  512.245968729  1.8481534389  -0.013770609303
0.981877106275  854  531  530.681523502  1.84540566699  -0.025313617963
0.981877106275  854  549  549.330173952  1.83764518273  -0.00145343706674
0.981877106275  854  568  568.169888654  1.8390059886  0.0121486511753
0.981877106275  854  587  587.166874541  1.87092655844  0.0159743277009
0.981877106275  854  606  606.389386646  1.7871378477  0.0398742130512
0.981877106275  854  626  625.757493246  1.87163547562  0.0142258163915
0.981877106275  854  645  645.399171494  1.83874819421  0.056075249674
0.981877106275  853  665  665.147149254  1.92730487398  0.0519361129455
0.981877106275  853  685  685.16914322  1.9445795932  0.0454847660785
0.981877106275  853  705  705.389203429  1.93482920817  0.0401814571732
0.981877106275  853  726  725.826575562  2.00608040598  0.0291590064326
0.981877106275  852  746  746.463677929  1.99319680279  0.0330337228805
0.981877106275  852  767  767.372775625  2.04783624495  0.0277987678646
0.981877106275  851  788  788.424256012  2.07847138475  -0.00962720020689
0.981877106275  851  810  809.793545897  2.10252134241  -0.0228114237934
0.981877106275  850  831  831.344253701  2.07509160046  -0.021243533964
0.981877106275  850  853  853.143430776  2.09304632165  -0.0197127093152
0.981877106275  849  875  875.161035747  2.08862849222  -0.0158799711215
0.981877106275  848  897  897.445612596  2.04985850969  0.0133104795426
0.981877106275  847  920  919.911193643  2.0772295727  0.000203957461274
0.981877106275  846  943  942.748448726  2.10991063256  -0.00304508089505
0.981877106275  846  966  965.801184409  2.14130911243  0.0104808022075
0.981877106275  845  989  989.166854717  2.21316378261  0.0299954143801
0.981877106275  843  1013  1012.70378772  2.2562532305  -0.0148169020733
1.17591710627  839  5  5.24071025738  1.78408834155  0.0185763200588
1.17591710627  840  19  19.0093384099  1.72089780868  0.0399968886558
1.17591710627  841  33  32.8921915621  1.72732292538  0.0985637668629
1.17591710627  841  47  46.7572753791  1.66436064951  0.0349027709695
1.17591710627  842  61  60.8985751568  1.69094777942  0.0510373096408
1.17591710627  843  75  75.1667722584  1.64377771668  0.0980856076168
1.17591710627  843  89  89.4259716738  1.68217686116  0.0387899627358
1.17591710627  844  104  103.937434748  1.73795252261  0.0586950053352
1.17591710627  844  118  118.437329627  1.81429528538  -0.0340167460041
1.17591710627  845  133  133.215594947  1.76331467761  0.0121923518467
1.17591710627  846  148  148.137388081  1.74933539579  0.0678257807883
1.17591710627  846  163  163.054576449  1.77042170033  0.0219244551529
1.17591710627  847  178  178.216741132  1.75424992413  0.00537541015777
1.17591710627  847  193  193.429049387  1.78491544501  0.00651105231577
1.17591710627  848  209  208.857647603  1.76356468775  0.0118446517704
1.17591710627  848  224  224.367709158  1.75790862461  0.00162945146577
1.17591710627  849  240  240.096398232  1.74408422105  0.00449135382256
1.17591710627  849  256  255.881636854  1.74979204583  0.00753685342582
1.17591710627  850  272  271.904441898  1.71199065717  0.0183176187993
1.17591710627  850  288  288.00805361  1.72875179928  0.0331463552885
1.17591710627  850  304  304.267896661  1.66518974239  0.0702163495154
1.17591710627  851  321  320.695897883  1.71294608466  0.031800497357
1.17591710627  851  337  337.288981591  1.72415898397  0.0702712367947
1.17591710627  851  354  353.980777534  1.79926767976  0.0333870021538
1.17591710627  852  371  370.939954527  1.82376132482  0.0509271478592
1.17591710627  852  388  387.98788797  1.79812723209  0.0534853051629
1.17591710627  852  405  405.200114716  1.82956988562  0.033884935172
1.17591710627  852  423  422.566987986  1.86979082269  -0.0182998585811
1.17591710627  853  440  440.204187067  1.82663453067  0.0354449613504
1.17591710627  853  458  457.925407545  1.83315247891  0.0251997232602
1.17591710627  853  476  475.830527442  1.86868559186  0.00747605777353
1.17591710627  853  494  493.915398658  1.86018040213  0.00124348113979
1.17591710627  853  512  512.180681795  1.85941788179  -0.0178827161154
1.17591710627  853  531  530.619454088  1.83541329387  -0.0235418749596
1.17591710627  853  549  549.262607801  1.85399427274  -0.0191877787428
1.17591710627  853  568  568.109319373  1.83347973825  0.00530509791144
1.17591710627  853  587  587.107843004  1.85173719923  0.00761696073509
1.17591710627  853  606  606.333007717  1.81737667089  0.0500285047867
1.17591710627  853  626  625.705685831  1.85975026893  0.0197856375543
1.17591710627  853  645  645.335897688  1.86746564726  0.0452018855506
1.17591710627  852  665  665.100483207  1.94659760138  0.0286929066903
1.17591710627  852  685  685.130237449  1.94967971821  0.0510543158994
1.17591710627  852  705  705.349609835  1.93757829663  0.0433940927375
1.17591710627  852  726  725.794104091  1.99513584346  0.0372069551879
1.17591710627  851  746  746.424083739  1.99713076329  0.0288011761448
1.17591710627  851  767  767.314460539  2.06259932798  0.0105276180821
1.17591710627  850  788  788.395018384  2.0595321537  -0.00302659103398
1.17591710627  850  810  809.761775538  2.08823656196  -0.023015945511
1.17591710627  849  831  831.300506429  2.09034951263  -0.0329998317212
1.17591710627  849  853  853.109724193  2.10446486311  -0.0371864274183
1.17591710627  848  875  875.128659273  2.07961373062  -0.0196526002947
1.17591710627  847  897  897.419280581  2.04537334882  0.00167664333733
1.17591710627  846  920  919.899940043  2.07392527666  0.00183554471906
1.17591710627  845  943  942.737272454  2.10934897781  0.00154760972269
1.17591710627  845  966  965.799379467  2.17987615405  0.0186246555462
1.17591710627  844  989  989.138963626  2.22370127681  0.025871651323
1.17591710627  843  1013  1012.71508095  2.23927212572  -0.00873111072476
1.36995710627  838  5  5.12351727395  1.76551131933  0.0114558367563
1.36995710627  839  19  18.8936546839  1.71623252917  0.043758373566
1.36995710627  840  33  32.7793973614  1.76808443543  0.094606087885
1.36995710627  840  47  46.6571953053  1.65024708284  0.0329107957224
1.36995710627  841  61  60.7705926175  1.66964735997  0.024906941304
1.36995710627  842  75  75.0436627605  1.67145234651  0.0607400992237
1.36995710627  842  89  89.3264343567  1.6658151528  0.0462282962022
1.36995710627  843  104  103.84397843  1.73361493601  0.0634249731761
1.36995710627  843  118  118.401864934  1.7791605043  0.0115459953654
1.36995710627  844  133  133.113566473  1.76058570773  0.0169742447245
1.36995710627  845  148  148.028604135  1.76271835925  0.0362530952914
1.36995710627  845  163  162.955593697  1.78601130987  0.0179993218076
1.36995710627  846  178  178.122752092  1.75906881236  0.0143769480728
1.36995710627  846  193  193.335177653  1.77156848377  0.00153121002428
1.36995710627  847  209  208.769728028  1.76665445289  0.0113966140719
1.36995710627  847  224  224.271759182  1.75638057128  -0.000456892107561
1.36995710627  848  240  240.008012205  1.74147480906  0.00779758340888
1.36995710627  848  256  255.795573042  1.72444385673  0.000983295564298
1.36995710627  849  272  271.813761263  1.69982476626  0.0100203224748
1.36995710627  849  288  287.906414172  1.73467831228  0.0204330882442
1.36995710627  849  304  304.17081527  1.71142137262  0.0351235045117
1.36995710627  850  321  320.613911234  1.71010477117  0.0255013981436
1.36995710627  850  337  337.20840991  1.75360209518  0.069965229356
1.36995710627  850  354  353.937742616  1.88362508528  0.0457635878631
1.36995710627  851  371  370.860150197  1.80593256413  0.0480958685155
1.36995710627  851  388  387.919132969  1.81379331907  0.0565810700165
1.36995710627  851  405  405.125148507  1.83321042942  0.0319807772601
1.36995710627  852  423  422.564576199  1.80485794371  0.0130523606833
1.36995710627  852  440  440.137747084  1.83264491194  0.0402244890275
1.36995710627  852  458  457.857842478  1.8449198533  0.0257295211264
1.36995710627  852  476  475.765152986  1.87074704156  0.00658047960375
1.36995710627  852  494  493.84806613  1.85590070611  -0.00416962929693
1.36995710627  852  512  512.117322693  1.85620944696  -0.012636056127
1.36995710627  852  531  530.55439672  1.82417528054  -0.0229816178937
1.36995710627  852  549  549.206523739  1.85153332232  -0.0153885712697
1.36995710627  852  568  568.050092639  1.84121284943  0.00120747817925
1.36995710627  852  587  587.047474166  1.86533628417  0.00487778095539
1.36995710627  852  606  606.286134757  1.83269348577  0.0487713130173
1.36995710627  852  626  625.633344931  1.84723804542  -0.0049188634954
1.36995710627  852  645  645.284033171  1.89316348427  0.0522133920576
1.36995710627  852  665  665.078442803  1.90684974481  0.0436447679594
1.36995710627  851  685  685.075694847  1.94830096537  0.0526562234345
1.36995710627  851  705  705.313085297  1.92518565698  0.0539680413663
1.36995710627  851  726  725.743985984  1.97326460209  0.0350826537221
1.36995710627  850  746  746.387357881  1.98491815084  0.0310041187247
1.36995710627  850  767  767.270720544  2.06905827373  0.0178483748057
1.36995710627  849  788  788.372579449  2.06159272957  0.00170176788207
1.36995710627  849  810  809.719152965  2.09236095506  -0.0222026215203
1.36995710627  848  831  831.287223047  2.1037237661  -0.016769110918
1.36995710627  848  853  853.074012289  2.11612093237  -0.0454138286599
1.36995710627  847  875  875.10561977  2.07763409323  -0.0170804669274
1.36995710627  846  897  897.38006502  2.05266806148  0.00822646661002
1.36995710627  845  920  919.872995906  2.09245911343  -0.00319476466285
1.36995710627  845  943  942.714023373  2.12548121439  -0.00495546818474
1.36995710627  844  966  965.775781939  2.18738421888  0.0098196680001
1.36995710627  843  989  989.152936991  2.26148654722  0.0636794083745
1.36995710627  842  1013  1012.70488872  2.24023915975  -0.00559986518208
1.56399710627  837  5  4.99988674735  1.77215354083  -0.000529200968257
1.56399710627  838  19  18.7811813683  1.71990336321  0.0333619743259
1.56399710627  839  33  32.6504419757  1.69698302057  0.0322954713749
1.56399710627  839  47  46.5492087665  1.64319793398  0.0375040752856
1.56399710627  840  61  60.6812027797  1.67228670693  0.0357683988687
1.56399710627  841  75  74.9496139353  1.67051640263  0.0707572156634
1.56399710627  841  89  89.2233319802  1.67012689993  0.048644317163
1.56399710627  842  104  103.728654396  1.74631897113  0.0483028464938
1.56399710627  842  118  118.295627887  1.78128869021  0.0230075920424
1.56399710627  843  133  133.027718708  1.75399211364  0.0265478476791
1.56399710627  844  148  147.926288367  1.78156282647  0.0349211646576
1.56399710627  844  163  162.871372013  1.77668823869  0.0350361372318
1.56399710627  845  178  178.02378431  1.76298583593  0.020689754743
1.56399710627  845  193  193.23152235  1.77853056744  -0.000983608140229
1.56399710627  846  209  208.666137127  1.77122653887  -0.000112553131836
1.56399710627  846  224  224.192223399  1.75041505311  0.00192374789056
1.56399710627  847  240  239.914024753  1.76073806166  0.00509545720873
1.56399710627  847  256  255.700124942  1.71991134429  0.0110015401141
1.56399710627  848  272  271.728665889  1.70111881636  0.0103388518005
1.56399710627  848  288  287.815292336  1.71461753919  0.0158796586071
1.56399710627  848  304  304.129566787  1.77199750739  0.0671489192665
1.56399710627  849  321  320.544221249  1.6888797049  0.0376376477124
1.56399710627  849  337  337.123822693  1.75603025614  0.0697647329004
1.56399710627  850  354  353.852630093  1.8648086226  0.035463240094
1.56399710627  850  371  370.771262687  1.81219188854  0.0277833245112
1.56399710627  850  388  387.835499582  1.8244270119  0.0425626440415
1.56399710627  850  405  405.047609889  1.84781584975  0.0336113276353
1.56399710627  851  422  422.498251571  1.79897816633  0.0175133492816
1.56399710627  851  440  440.075100846  1.852913559  0.0362373721839
1.56399710627  851  458  457.788510797  1.86779790905  0.0162798131524
1.56399710627  851  476  475.693216628  1.87633769269  -0.000447972670774
1.56399710627  851  494  493.784055305  1.86607640722  -0.0019838261892
1.56399710627  851  512  512.049996507  1.86266772865  -0.0143037215101
1.56399710627  851  531  530.507133939  1.81675618506  -0.0185552155067
1.56399710627  851  549  549.180186235  1.92370270431  0.000771194955938
1.56399710627  851  568  567.979940189  1.83971943274  -0.00563328977215
1.56399710627  851  587  586.979592226  1.87543860309  -0.00703396048129
1.56399710627  851  606  606.231674884  1.84385595277  0.0462575471743
1.56399710627  851  626  625.602213307  1.83969384851  0.0160707981196
1.56399710627  851  645  645.239961836  1.88526369866  0.0512936342466
1.56399710627  851  665  665.060360885  1.9243130343  0.0500111766065
1.56399710627  850  685  685.021136297  1.96745314625  0.0386053367534
1.56399710627  850  705  705.284260946  1.94286161332  0.0587218136951
1.56399710627  850  726  725.704616844  1.9835298341  0.0299509226444
1.56399710627  849  746  746.347239341  1.99436849667  0.038272347647
1.56399710627  849  767  767.243166716  2.07197416022  0.0124327468113
1.56399710627  848  788  788.348225881  2.07248557618  0.00478684073194
1.56399710627  848  810  809.670654838  2.0772036206  -0.031536179397
1.56399710627  847  831  831.240918995  2.10650101686  -0.0246203839486
1.56399710627  847  853  853.03737885  2.11944585452  -0.0412226983023
1.56399710627  846  875  875.079827735  2.08441742685  -0.0174184239305
1.56399710627  845  897  897.335926481  2.07054643805  -0.00434607939839
1.56399710627  844  920  919.848149923  2.09951346765  -0.00549110362468
1.56399710627  844  943  942.697063937  2.11321806956  0.00654434101221
1.56399710627  843  966  965.76040849  2.15919824536  0.00668727571264
1.56399710627  842  989  989.142819881  2.24748437694  0.0941429197159
1.56399710627  841  1013  1012.67661647  2.23307242869  -0.0102619288303
1.75803710627  836  5  4.90460259624  1.76154342195  0.0208663294771
1.75803710627  837  19  18.6724890175  1.70857632878  0.0380941383388
1.75803710627  838  33  32.5575897323  1.69805182646  0.0390270979173
1.75803710627  838  46  46.4500236683  1.64289465752  0.0457396500439
1.75803710627  839  61  60.5698199619  1.65896020939  0.038860943078
1.75803710627  840  75  74.8294880864  1.69026376333  0.0444067069738
1.75803710627  840  89  89.1205062502  1.68460181775  0.0538595808238
1.75803710627  841  104  103.630747049  1.74745137602  0.0443423270614
1.75803710627  842  118  118.216794724  1.85989029662  0.0467461738428
1.75803710627  842  133  132.924875107  1.7691828813  0.0239643198023
1.75803710627  843  148  147.825661491  1.78077122116  0.0386483666518
1.75803710627  843  163  162.760503847  1.7717091587  0.0205726186727
1.75803710627  844  178  177.939790863  1.76855609871  0.0302960463609
1.75803710627  844  193  193.139741101  1.77988240403  -0.00678681767399
1.75803710627  845  209  208.581769027  1.75360670111  0.00265047280325
1.75803710627  845  224  224.09984225  1.76619776106  0.00263365633572
1.75803710627  846  240  239.823607223  1.75131486514  0.00207858730886
1.75803710627  846  256  255.613836941  1.72872743901  0.000363480734521
1.75803710627  847  272  271.647709429  1.70919197858  0.016586337417
1.75803710627  847  288  287.727295557  1.72159965279  0.0169842850994
1.75803710627  848  304  304.038709246  1.80761656146  0.05649447029
1.75803710627  848  320  320.468130352  1.6686265177  0.0486172959068
1.75803710627  848  337  337.04423343  1.77442212322  0.0652449949883
1.75803710627  849  354  353.826105963  1.79856165812  0.0558849894383
1.75803710627  849  371  370.699048697  1.80770863047  0.0233028766598
1.75803710627  849  388  387.750080672  1.82467379041  0.0315813921231
1.75803710627  849  405  404.977117793  1.84741184488  0.0286911629532
1.75803710627  850  422  422.431391261  1.79630984072  0.0166429699609
1.75803710627  850  440  440.005557504  1.84918875224  0.0323752793876
1.75803710627  850  458  457.72104683  1.86332211255  0.0154378262267
1.75803710627  850  476  475.630605995  1.8691808452  0.000258296027556
1.75803710627  850  494  493.727578779  1.85280338853  0.00237904469113
1.75803710627  850  512  511.990007313  1.87849506253  -0.0266819042998
1.75803710627  850  530  530.459116406  1.82515905004  -0.0101708821053
1.75803710627  850  549  549.08778906  1.88313904071  -0.0234230313574
1.75803710627  850  568  567.924253836  1.87347542609  -0.0025077755955
1.75803710627  850  587  586.920622175  1.86142345279  -0.0070010171339
1.75803710627  850  606  606.174766928  1.86617115379  0.0374454851279
1.75803710627  850  626  625.562796092  1.84057212731  0.0247172931559
1.75803710627  850  645  645.203441999  1.90827276217  0.0563663829273
1.75803710627  850  665  664.999104703  1.9269432285  0.0387733968806
1.75803710627  849  685  684.9815933  1.97146212265  0.0313676194512
1.75803710627  849  705  705.226801473  1.94993816223  0.0464309490229
1.75803710627  849  726  725.671489681  1.98968725259  0.032544836819
1.75803710627  848  746  746.310815502  2.00830991955  0.0348669049479
1.75803710627  848  767  767.201303602  2.06281129317  0.0145275279077
1.75803710627  847  788  788.310020413  2.07968635139  0.00609483873172
1.75803710627  847  810  809.637657135  2.08092876478  -0.0291642814453
1.75803710627  846  831  831.221073782  2.10622386971  -0.0193316578319
1.75803710627  846  853  853.016265103  2.10833214445  -0.0381438069553
1.75803710627  845  875  875.061380222  2.08840368455  -0.0103943999347
1.75803710627  844  897  897.334259657  2.07476536491  0.00363828763497
1.75803710627  843  920  919.824592299  2.08353717426  -0.00815741525563
1.75803710627  843  943  942.681475468  2.13717433705  -0.00162012087116
1.75803710627  842  966  965.739995243  2.13434535406  0.00937028880626
1.75803710627  841  989  989.098213323  2.25769868981  0.040654821403
1.75803710627  840  1013  1012.65571088  2.22856166326  -0.0130944538728
1.95207710627  835  5  4.81257841707  1.75058582089  0.0321406137322
1.95207710627  836  19  18.5747231681  1.72633341164  0.0377196099507
1.95207710627  837  32  32.4561065263  1.68682763536  0.0439394870935
1.95207710627  837  46  46.3539792185  1.65909681202  0.0469667315478
1.95207710627  838  60  60.4682684626  1.64042469122  0.0379320663499
1.95207710627  839  75  74.7264046956  1.66042167389  0.0403812845374
1.95207710627  839  89  89.0167423474  1.6833664448  0.0589382326862
1.95207710627  840  104  103.512943324  1.75520316175  0.0261862928063
1.95207710627  841  118  118.114861238  1.85501017061  0.0455534605106
1.95207710627  841  133  132.831405773  1.76674891492  0.0329419668342
1.95207710627  842  148  147.73256901  1.7972080601  0.0420936689388
1.95207710627  842  163  162.662687605  1.78509435558  0.0170284092676
1.95207710627  843  178  177.838340773  1.7904151505  0.0270009867201
1.95207710627  843  193  193.038713874  1.77597087242  -0.00632755432619
1.95207710627  844  208  208.500340095  1.73948970835  0.0101305619489
1.95207710627  844  224  224.008129116  1.7814113337  0.00460158322748
1.95207710627  845  240  239.73846631  1.73831705083  0.00918613338832
1.95207710627  845  256  255.524256952  1.73665243479  -0.00247202641089
1.95207710627  846  272  271.560422543  1.69593275563  0.0133594968871
1.95207710627  846  288  287.640659678  1.70328396204  0.0152785535441
1.95207710627  847  304  304.015161184  1.73205749424  0.0925965154603
1.95207710627  847  320  320.392870613  1.69377497908  0.0567251619348
1.95207710627  847  337  336.951782281  1.78413359403  0.056035547738
1.95207710627  848  354  353.746979078  1.78765068536  0.0433345472828
1.95207710627  848  371  370.632373464  1.79148099274  0.0289525625042
1.95207710627  848  388  387.690392687  1.81947317758  0.0336133808696
1.95207710627  848  405  404.908277927  1.85543978094  0.035102186231
1.95207710627  849  422  422.372554154  1.80774874804  0.0291691483474
1.95207710627  849  440  439.934772241  1.85815870989  0.0296228462421
1.95207710627  849  458  457.652603192  1.85482265173  0.0164614391795
1.95207710627  849  476  475.573822056  1.86175861285  0.0064306378689
1.95207710627  849  494  493.654028297  1.85678005391  -0.0118575617004
1.95207710627  849  512  511.935155537  1.86919776604  -0.0269382309567
1.95207710627  849  530  530.403610148  1.82393482714  -0.00954692986947
1.95207710627  849  549  549.021380918  1.87433688175  -0.0296762378909
1.95207710627  849  568  567.854680398  1.83947581756  -0.015982844801
1.95207710627  849  587  586.858220915  1.85436437113  -0.0166032515384
1.95207710627  849  606  606.122115732  1.85589586356  0.0354799262563
1.95207710627  849  626  625.512788804  1.8379381027  0.0193415295318
1.95207710627  849  645  645.14133494  1.92181804787  0.0446780782912
1.95207710627  849  665  664.927962293  1.93540207335  0.0227015937621
1.95207710627  848  685  684.932426567  1.95416413034  0.030030530339
1.95207710627  848  705  705.180073036  1.95733891578  0.0387811367222
1.95207710627  848  726  725.628216316  1.97770881524  0.028175539765
1.95207710627  847  746  746.276294472  2.00266299271  0.0342729664316
1.95207710627  847  767  767.168047043  2.08538901354  0.0151546218308
1.95207710627  846  788  788.279645666  2.07447220024  0.0071398261122
1.95207710627  846  810  809.603238997  2.07293765808  -0.0284631599958
1.95207710627  845  831  831.17618439  2.10801373321  -0.0299766714138
1.95207710627  845  853  852.980188397  2.11076654736  -0.0386834943219
1.95207710627  844  875  875.012647694  2.09451060944  -0.0266198019305
1.95207710627  843  897  897.308895233  2.08488833694  0.00242753996333
1.95207710627  842  920  919.789391297  2.07423498769  -0.0345967382319
1.95207710627  842  943  942.668754694  2.12354097899  0.00614539445661
1.95207710627  841  966  965.723767419  2.17065883827  0.00943244142615
1.95207710627  840  989  989.068145324  2.2279381413  0.0081751834421
1.95207710627  839  1013  1012.64349767  2.23353125305  -0.0175136332527
2.14611710627  834  5  4.68246548269  1.78064665403  0.0365787681868
2.14611710627  835  18  18.4653613599  1.72028055494  0.034221472064
2.14611710627  836  32  32.3449489361  1.69536474203  0.0396303026279
2.14611710627  836  46  46.2642865524  1.66065540216  0.0847626362413
2.14611710627  837  60  60.378680516  1.65319078386  0.0551514847836
2.14611710627  838  75  74.6357850563  1.65892354466  0.0489021044519
2.14611710627  838  89  88.9127713894  1.71842498718  0.0602196311246
2.14611710627  839  103  103.413028877  1.73679812301  0.0205150376181
2.14611710627  840  118  118.069317109  1.73779321224  0.0599727342148
2.14611710627  840  133  132.728491392  1.78246794964  0.0256530365055
2.14611710627  841  148  147.633797977  1.8075179137  0.0268124683835
2.14611710627  841  163  162.562218176  1.77513056728  0.012268759179
2.14611710627  842  178  177.736571188  1.79437362368  0.0253341712054
2.14611710627  842  193  192.959056299  1.76746925283  0.00214091261972
2.14611710627  843  208  208.411683328  1.7502603607  0.00101458410461
2.14611710627  843  224  223.923285415  1.76689524725  0.00937135291862
2.14611710627  844  240  239.642954984  1.76205957847  -0.00121041628453
2.14611710627  844  255  255.447279603  1.73144412013  0.00771851615763
2.14611710627  845  271  271.48627453  1.70312647945  0.0225087731247
2.14611710627  845  288  287.573989153  1.688361319  0.023328440601
2.14611710627  846  304  303.92109948  1.73717024219  0.0644486807546
2.14611710627  846  320  320.323746326  1.68891027039  0.0596820423549
2.14611710627  846  337  336.881606999  1.78081885338  0.0501212689193
2.14611710627  847  354  353.669073666  1.79482764936  0.0396383746766
2.14611710627  847  371  370.553275648  1.78271832633  0.0241372030542
2.14611710627  847  388  387.612056779  1.82326900591  0.0210788005527
2.14611710627  847  405  404.842618457  1.86320641711  0.0461495639185
2.14611710627  848  422  422.294162759  1.8060794395  0.0218322647349
2.14611710627  848  440  439.854267672  1.85888601206  0.0192262195034
2.14611710627  848  458  457.600769225  1.84464352794  0.0248072845804
2.14611710627  848  476  475.499655577  1.86782808951  -0.00382756161217
2.14611710627  848  494  493.604722866  1.84226871863  -0.00562763976374
2.14611710627  848  512  511.876158694  1.85271910456  -0.0192992403981
2.14611710627  848  530  530.340811744  1.83388166953  -0.0183332473933
2.14611710627  848  549  548.952039106  1.86580083201  -0.0516852991042
2.14611710627  848  568  567.803034638  1.85409649682  -0.0240282620345
2.14611710627  848  587  586.820006214  1.86484433944  -0.0197604269654
2.14611710627  848  606  606.068000787  1.8668117083  0.0291562622739
2.14611710627  848  625  625.463166229  1.83546977255  0.0178670862371
2.14611710627  848  645  645.085888201  1.92751071118  0.0413087619501
2.14611710627  848  665  664.885580148  1.94669919725  0.0165406332021
2.14611710627  847  685  684.877662838  1.96541730016  0.0123135679893
2.14611710627  847  705  705.154426029  1.97354615357  0.0507948227914
2.14611710627  847  726  725.586112991  1.99075608313  0.0250482621575
2.14611710627  846  746  746.252468627  2.01004386532  0.0316373119292
2.14611710627  846  767  767.14742602  2.06580194592  0.0155136010645
2.14611710627  845  788  788.245553097  2.07663118945  -0.00653372400167
2.14611710627  845  810  809.600835826  2.12219547226  -0.0223208098722
2.14611710627  844  831  831.164340177  2.13100310932  -0.0423702173035
2.14611710627  844  853  852.960121526  2.12310433513  -0.0362101958785
2.14611710627  843  875  874.998420544  2.11215534283  -0.0264191165764
2.14611710627  842  897  897.321691309  2.08466062656  0.00690158242381
2.14611710627  841  920  919.77357409  2.12538901737  -0.0263040085641
2.14611710627  841  943  942.641963871  2.13601591357  -0.00460931864358
2.14611710627  840  966  965.69485445  2.17978518966  -0.0106290970919
2.14611710627  839  989  989.048199131  2.24630368118  0.00204642335185
2.14611710627  838  1013  1012.63868682  2.24416176306  -0.0172516065143
