# Band 2C   Etalon 1B   Slice 13
# Distortion map version 06.04.00 - date 2018-10-09
# Trace (isoalpha): Take pixel trace along specified slice, specified alpha position trace is built by taking the pixel in every detector row with alpha value closest to the one specified 
# xpos[i] = np.argmin(alpha_img[i,:])+funcs.find_nearest(alpha_img[i,:][(slice_img[i,:]!=0)],alpha_pos)
#    alpha       x  y      center         FWHM          skewness
0.0  735  11  10.9963401729  1.72390821972  0.0207502984741
0.0  735  25  24.9480214924  1.68493198758  0.0165119285475
0.0  736  39  39.0840894087  1.68095596578  0.0363963280696
0.0  737  53  53.3371730689  1.63460772053  0.0737598187184
0.0  737  68  67.6491234215  1.69227143908  0.0399333613418
0.0  738  82  82.1781822534  1.70078895578  0.0821866535331
0.0  739  97  96.7844812922  1.77096274636  0.0662377699872
0.0  739  111  111.489574511  1.80889746495  0.00614278251238
0.0  740  126  126.38031614  1.79946231843  0.00159856185549
0.0  740  141  141.382552423  1.82841081902  -0.00166057148205
0.0  741  157  156.532177021  1.79759829066  0.00614722111053
0.0  741  172  171.785239762  1.78538962965  -0.0108166152903
0.0  742  187  187.233884753  1.80365876559  -0.0135306026357
0.0  742  203  202.771319738  1.78940884777  -0.0212814748391
0.0  743  219  218.499743552  1.73981492312  -0.00760578590313
0.0  743  234  234.34504427  1.70015117808  -0.000878126443201
0.0  744  250  250.356484208  1.68217504662  0.0236661883163
0.0  744  266  266.476997802  1.67613108099  0.0209090324909
0.0  745  283  282.752903783  1.74273061263  0.0236425963349
0.0  745  299  299.235891683  1.73179464219  0.0680638099508
0.0  745  316  315.819069527  1.83010630885  0.0511631650038
0.0  746  333  332.574944495  1.77877303126  0.0356237624313
0.0  746  349  349.486795128  1.83820299434  0.0235997739832
0.0  746  367  366.574120697  1.84504076944  0.0193398828045
0.0  747  384  383.817415161  1.88080275241  0.0195187145946
0.0  747  401  401.233323322  1.88393895278  0.0156471779787
0.0  747  419  418.794103693  1.88203897434  -0.00183150114479
0.0  747  437  436.571508647  1.87361558685  0.00713055941078
0.0  748  454  454.467218225  1.8786517988  -0.0221107674198
0.0  748  473  472.580135284  1.8997525953  -0.0192227134541
0.0  748  491  490.862320001  1.89648740775  -0.024424461782
0.0  748  509  509.33014331  1.90673206494  -0.0301042374009
0.0  748  528  527.963000799  1.89304284462  -0.0358788111298
0.0  748  547  546.787294747  1.88293246228  -0.0394762881664
0.0  748  566  565.800713013  1.87509373374  -0.0140502429212
0.0  748  585  585.009481355  1.91706206385  0.00516982765786
0.0  748  604  604.42031138  1.86168878825  0.030485363423
0.0  748  624  624.02460272  1.95330226225  0.0367682665561
0.0  747  644  643.861053956  1.95917178585  0.0387881908853
0.0  747  664  663.861081594  1.96427784832  0.0301871192059
0.0  747  684  684.079215065  2.01404809504  0.0437755511626
0.0  747  705  704.510016535  1.97798446164  0.0372763708714
0.0  746  725  725.209530772  2.05532366173  0.0460426498888
0.0  746  746  746.06678803  2.0836844905  0.0304287924107
0.0  746  767  767.161773431  2.16132367849  0.0121228238525
0.0  745  789  788.50141297  2.14007307204  -0.0143836701689
0.0  745  810  810.023404309  2.17978352808  -0.0391016161266
0.0  744  832  831.833221141  2.18173079169  -0.0471853133959
0.0  743  854  853.884931975  2.11899778925  -0.0172567427928
0.0  743  876  876.125959663  2.15935613065  -0.0063309337099
0.0  742  899  898.649491379  2.11767367915  -0.0095465936209
0.0  741  921  921.405499707  2.14439569926  0.00651956306075
0.0  740  944  944.471984333  2.24149008472  0.0259019074048
0.0  740  968  967.700959617  2.26587974763  -0.0140109924671
0.0  739  991  991.293189657  2.31625611501  0.0148233222728
0.0  738  1015  1015.10257207  2.38551830289  -0.0188509224747
-1.8608495574  744  11  11.3563924316  1.7455614699  0.00215301121455
-1.8608495574  745  25  25.3392973393  1.69866390902  0.0200085453549
-1.8608495574  745  39  39.4216722194  1.6900133921  0.0285040142363
-1.8608495574  746  54  53.6289958432  1.68095132966  0.0215941008772
-1.8608495574  747  68  68.0084063576  1.70640061329  0.0688640351021
-1.8608495574  747  82  82.438048523  1.69689362225  0.0404673675127
-1.8608495574  748  97  97.0560760356  1.77202654384  0.0516022774809
-1.8608495574  749  112  111.798092445  1.7965033941  0.0426331810708
-1.8608495574  749  127  126.636337109  1.82725436993  0.0131752449088
-1.8608495574  750  142  141.65203019  1.81970992895  0.0118175024694
-1.8608495574  750  157  156.767365878  1.83660031443  0.0285598671711
-1.8608495574  751  172  172.024564103  1.78282947978  -0.00207471391993
-1.8608495574  752  187  187.456292887  1.82253008532  0.0400126550181
-1.8608495574  752  203  202.981610335  1.78817505413  -0.0243188793573
-1.8608495574  753  219  218.674602398  1.752508824  0.0277920423252
-1.8608495574  753  235  234.507699987  1.73225016028  -0.0147150809785
-1.8608495574  753  250  250.480899146  1.67368281848  0.0309671284624
-1.8608495574  754  267  266.608369501  1.71104610933  0.00445072489683
-1.8608495574  754  283  282.893244705  1.7408087527  0.0312497354672
-1.8608495574  755  299  299.342775483  1.72750401481  0.043643868415
-1.8608495574  755  316  315.9186098  1.7965941303  0.061990167159
-1.8608495574  755  333  332.628921472  1.79634739659  0.0355988087255
-1.8608495574  756  350  349.551241667  1.8204625016  0.0235271695425
-1.8608495574  756  367  366.60284043  1.83183888  0.0208569464278
-1.8608495574  756  384  383.843084637  1.86576811439  0.0222951034858
-1.8608495574  757  401  401.257686229  1.84735628943  0.0158747286562
-1.8608495574  757  419  418.79342812  1.86509027167  -0.00167231341889
-1.8608495574  757  437  436.539465556  1.84801645653  0.00200756652886
-1.8608495574  757  454  454.437410933  1.86599667825  -0.0111360688126
-1.8608495574  757  473  472.517736628  1.87110301738  -0.0202135638151
-1.8608495574  757  491  490.77011406  1.88736354276  -0.0327021329157
-1.8608495574  757  509  509.221845105  1.88822577969  -0.0291840336101
-1.8608495574  758  528  527.768316335  1.98786884652  -0.0372545094853
-1.8608495574  758  547  546.675110568  1.86914763869  -0.00486300199329
-1.8608495574  757  566  565.65370176  1.86658068544  -0.0126831519778
-1.8608495574  757  585  584.835267304  1.89314086832  -0.000567473897014
-1.8608495574  757  604  604.253934202  1.88065287594  0.0501577478891
-1.8608495574  757  624  623.813609767  1.94302309243  0.0261083149441
-1.8608495574  757  644  643.618229198  1.92374136188  0.0275544083459
-1.8608495574  757  664  663.621223652  1.94924790917  0.0311111928743
-1.8608495574  757  684  683.818709886  2.01581995127  0.0220896352775
-1.8608495574  756  704  704.243421891  1.98555670829  0.0452899865947
-1.8608495574  756  725  724.862136671  2.0675794641  0.0146834167249
-1.8608495574  756  746  745.744976759  2.0771691402  0.0136490865373
-1.8608495574  755  767  766.788422872  2.11086334081  -0.0145584210562
-1.8608495574  755  788  788.165485402  2.11507833469  0.0031048359996
-1.8608495574  754  810  809.649697142  2.13896534929  -0.0451057656131
-1.8608495574  754  831  831.454951661  2.13453558731  -0.0133543872365
-1.8608495574  753  853  853.434867058  2.1192220361  -0.0247425987004
-1.8608495574  752  876  875.679978517  2.13673985889  -0.0209407813564
-1.8608495574  752  898  898.190959026  2.17454086334  0.0102070274302
-1.8608495574  751  921  920.903836006  2.19866314878  0.0095351751745
-1.8608495574  750  944  943.917637323  2.22973110134  0.00309574302809
-1.8608495574  749  967  967.215550539  2.2671930762  0.0166291098513
-1.8608495574  748  991  990.72502666  2.26638243997  -0.00839167726024
-1.8608495574  747  1015  1014.54627892  2.33213142365  -0.0102960877808
-1.6829795574  743  11  11.3218712615  1.7387236515  0.00496713070279
-1.6829795574  744  25  25.3049032525  1.69400608456  0.0181091642186
-1.6829795574  745  39  39.4083853029  1.65970518597  0.0308121250265
-1.6829795574  745  54  53.5917497684  1.68892876043  0.0282874571757
-1.6829795574  746  68  67.9703708492  1.72065018946  0.0700321720221
-1.6829795574  747  82  82.4377317022  1.74850393702  0.065202253357
-1.6829795574  747  97  97.0149587942  1.774290729  0.0455804206702
-1.6829795574  748  112  111.775064143  1.8171365923  0.0419728426202
-1.6829795574  748  127  126.610218383  1.82868246686  0.0146211223412
-1.6829795574  749  142  141.614612162  1.83599063567  0.00279293107622
-1.6829795574  750  157  156.764310223  1.83206002371  0.0291997449776
-1.6829795574  750  172  171.999941059  1.80449948544  -0.00538802586176
-1.6829795574  751  187  187.430632407  1.80242491689  -0.00827623408729
-1.6829795574  751  203  202.944403548  1.80177271692  -0.0342481075169
-1.6829795574  752  219  218.646799527  1.74219915669  -0.0212625084309
-1.6829795574  752  234  234.477446322  1.73294351791  -0.0178319817653
-1.6829795574  753  250  250.483716678  1.68906930966  0.00661989647398
-1.6829795574  753  267  266.589213744  1.70166473981  0.00895487233681
-1.6829795574  753  283  282.872950647  1.75359776462  0.043507922196
-1.6829795574  754  299  299.323118271  1.72852791492  0.0626819364658
-1.6829795574  754  316  315.900279097  1.8207367389  0.0610614359726
-1.6829795574  755  333  332.614183167  1.80955314328  0.0334489426387
-1.6829795574  755  350  349.540126921  1.83828373267  0.0333450598211
-1.6829795574  755  367  366.590047663  1.83597971614  0.0143643504972
-1.6829795574  755  384  383.832803257  1.88192119402  0.0251264060793
-1.6829795574  756  401  401.225946736  1.86841838415  0.00327987229807
-1.6829795574  756  419  418.777819928  1.8841583542  -0.00697467016636
-1.6829795574  756  437  436.533632287  1.87689357883  0.00214745931225
-1.6829795574  756  454  454.430269777  1.89478209643  -0.00733260162721
-1.6829795574  756  473  472.528799833  1.88638347574  -0.0149367151497
-1.6829795574  756  491  490.764421188  1.91416132633  -0.0436945322591
-1.6829795574  757  509  509.221845105  1.88822577969  -0.0291840336101
-1.6829795574  757  528  527.844454466  1.913091258  -0.0333255191101
-1.6829795574  757  547  546.661220703  1.86870583168  -0.0260816794761
-1.6829795574  757  566  565.653510865  1.86478054749  -0.0113682360815
-1.6829795574  757  585  584.835221524  1.89301434444  -0.000787723180924
-1.6829795574  756  604  604.253553788  1.88220184907  0.0448960446208
-1.6829795574  756  624  623.833618694  1.94280297031  0.0292009292174
-1.6829795574  756  644  643.608312484  1.93796224918  0.0167065792575
-1.6829795574  756  664  663.599028472  1.95824090668  0.0139933832792
-1.6829795574  756  684  683.807237536  2.00037297152  0.0268525423361
-1.6829795574  755  704  704.261548967  1.98085689515  0.0496593539874
-1.6829795574  755  725  724.874204374  2.03915460956  0.0327623498678
-1.6829795574  755  746  745.728011372  2.08196138032  0.0150067799936
-1.6829795574  754  767  766.818434266  2.13883853437  -0.00913056835278
-1.6829795574  754  788  788.130601699  2.12568501066  -0.0185234280396
-1.6829795574  753  810  809.68096629  2.14484756824  -0.0454289135443
-1.6829795574  753  831  831.43722372  2.12632939014  -0.0399695517767
-1.6829795574  752  853  853.457763248  2.14108470549  -0.0405909655973
-1.6829795574  751  876  875.708682062  2.18618831889  -0.0167809679922
-1.6829795574  751  898  898.190223779  2.14893108597  0.00470151126238
-1.6829795574  750  921  920.904819372  2.18319471736  -0.00389392502132
-1.6829795574  749  944  943.950465288  2.25031835809  0.0146422131902
-1.6829795574  748  967  967.238921613  2.27631617386  0.0213882539469
-1.6829795574  747  991  990.748091905  2.28052626325  -0.00738181995297
-1.6829795574  746  1015  1014.56945054  2.33279214315  -0.0109785962514
-1.5051095574  742  11  11.2762255555  1.73898912612  0.0100105721686
-1.5051095574  743  25  25.2540607599  1.70174200959  0.0153019829392
-1.5051095574  744  39  39.3638459719  1.6543502228  0.0267811659178
-1.5051095574  744  54  53.5530415918  1.67561297363  0.0331173810997
-1.5051095574  745  68  67.9206031373  1.73035537357  0.060771566867
-1.5051095574  746  82  82.4011783271  1.70488458978  0.0456145846297
-1.5051095574  746  97  96.9814051111  1.78138393681  0.046178033854
-1.5051095574  747  112  111.737185535  1.84215275045  0.0406907370843
-1.5051095574  747  127  126.570489039  1.8508346727  -0.00928998869161
-1.5051095574  748  142  141.587751781  1.84273768582  0.00773727965961
-1.5051095574  749  157  156.722701825  1.81396689973  0.00616689776092
-1.5051095574  749  172  171.972887161  1.8067844017  -0.0109832121077
-1.5051095574  750  187  187.399846663  1.80373143995  -0.0223875994055
-1.5051095574  750  203  202.915786012  1.7965299241  -0.0348864231937
-1.5051095574  751  219  218.623312499  1.73136584013  -0.0214615969038
-1.5051095574  751  234  234.465964479  1.72056725615  -0.000167292586274
-1.5051095574  752  250  250.453137028  1.67949319774  -0.00125427847427
-1.5051095574  752  267  266.569380902  1.68475705013  0.00482716901458
-1.5051095574  752  283  282.839975729  1.77222689497  0.0279063823185
-1.5051095574  753  299  299.295689961  1.7380172027  0.0574681768996
-1.5051095574  753  316  315.887449878  1.81092092365  0.0625825218053
-1.5051095574  754  333  332.60632575  1.80922246561  0.0278847105201
-1.5051095574  754  350  349.516362269  1.84334898232  0.0228204977985
-1.5051095574  754  367  366.58910373  1.83487552967  0.0189884117198
-1.5051095574  754  384  383.823359775  1.88715281376  0.0211543370067
-1.5051095574  755  401  401.219044542  1.87026166867  0.00714463316245
-1.5051095574  755  419  418.778248221  1.87813484597  0.00242871840428
-1.5051095574  755  437  436.525414233  1.86419620353  -0.00264754103315
-1.5051095574  755  454  454.425723677  1.88699899506  -0.0219890244345
-1.5051095574  755  473  472.531778547  1.90217514339  -0.015923974863
-1.5051095574  756  491  490.764382571  1.91399370668  -0.043892092033
-1.5051095574  756  509  509.243887918  1.91321537753  -0.0226523570239
-1.5051095574  756  528  527.856314534  1.91010798546  -0.0286340831607
-1.5051095574  756  547  546.681686139  1.87770924278  -0.0224927093573
-1.5051095574  756  566  565.646505964  1.87222702648  -0.0290398358177
-1.5051095574  756  585  584.845372188  1.89698602516  -0.00959080832617
-1.5051095574  756  604  604.253492908  1.88277285472  0.045956709548
-1.5051095574  755  624  623.833672563  1.94799737615  0.0214820137995
-1.5051095574  755  644  643.640524859  1.91879371173  0.0322720824813
-1.5051095574  755  664  663.621456252  1.96893505592  0.0209816802828
-1.5051095574  755  684  683.83693236  2.01521938107  0.035749499905
-1.5051095574  754  704  704.279441542  1.99946227036  0.0492816284473
-1.5051095574  754  725  724.900462539  2.05730584079  0.0282820517692
-1.5051095574  754  746  745.754032121  2.06354554627  0.0146680333405
-1.5051095574  753  767  766.859424307  2.1269727977  -9.90167736178e-05
-1.5051095574  753  788  788.174634481  2.13243385516  -0.0140316496167
-1.5051095574  752  810  809.725040401  2.14887064827  -0.0420105050751
-1.5051095574  752  831  831.473566941  2.13688581778  -0.0421084816932
-1.5051095574  751  853  853.492312442  2.12108231664  -0.0413741994883
-1.5051095574  751  876  875.701698605  2.16235194434  -0.047507929009
-1.5051095574  750  898  898.221905457  2.16132909829  0.00155061764344
-1.5051095574  749  921  920.964358559  2.19035122102  0.00550528283617
-1.5051095574  748  944  944.008344543  2.24225568439  0.0100408863894
-1.5051095574  747  967  967.286133825  2.25567745403  0.0141186149299
-1.5051095574  746  991  990.807144185  2.29571852865  -0.013870836529
-1.5051095574  745  1015  1014.63219386  2.34774986596  -0.0159875927315
-1.3272395574  741  11  11.2330958595  1.72510628839  0.0072334872911
-1.3272395574  742  25  25.2143237735  1.69602825975  0.0235811453732
-1.3272395574  743  39  39.323594349  1.67206046197  0.0287641150182
-1.3272395574  743  54  53.5212631703  1.69824432971  0.0168366153334
-1.3272395574  744  68  67.8711226998  1.73166728907  0.0557999414203
-1.3272395574  745  82  82.3813674807  1.70418783213  0.0641690155836
-1.3272395574  745  97  96.9424695831  1.78004809323  0.0462416338899
-1.3272395574  746  112  111.692715402  1.82715271862  0.0287867568854
-1.3272395574  747  127  126.570878538  1.80684665395  0.0131103815647
-1.3272395574  747  142  141.559097644  1.83418648974  0.00364995766889
-1.3272395574  748  157  156.691578013  1.82368202437  -0.00351065686905
-1.3272395574  748  172  171.942699055  1.82445828666  -0.00732621990456
-1.3272395574  749  187  187.373224396  1.80567318679  -0.0265250359266
-1.3272395574  749  203  202.895540635  1.78773090822  -0.0280703404497
-1.3272395574  750  219  218.601091964  1.72620822759  -0.0276046233941
-1.3272395574  750  234  234.443836596  1.71358928921  -0.012656193181
-1.3272395574  751  250  250.443775223  1.66808625403  0.00958105650074
-1.3272395574  751  267  266.55091191  1.67501234405  0.0104593499102
-1.3272395574  752  283  282.841759027  1.75822569793  0.0355084821236
-1.3272395574  752  299  299.286180932  1.7391003776  0.0591122635844
-1.3272395574  752  316  315.884348476  1.79911977898  0.0703275570623
-1.3272395574  753  333  332.613873633  1.7896914249  0.0512693247325
-1.3272395574  753  350  349.511311446  1.83772735387  0.0235009704067
-1.3272395574  753  367  366.587487162  1.83813816117  0.0336588076814
-1.3272395574  754  384  383.822995477  1.88614513251  0.0189082945092
-1.3272395574  754  401  401.220879027  1.88751879525  0.010231625694
-1.3272395574  754  419  418.783682112  1.88297676826  0.00681220480229
-1.3272395574  754  437  436.521918603  1.88214222572  -0.00958480695719
-1.3272395574  754  454  454.419792924  1.89719187668  -0.0324355348188
-1.3272395574  755  473  472.531767598  1.90159761301  -0.015701004403
-1.3272395574  755  491  490.769228787  1.91418385438  -0.051558957215
-1.3272395574  755  509  509.258030472  1.90898440358  -0.0199223337194
-1.3272395574  755  528  527.874069456  1.89777204273  -0.022846489275
-1.3272395574  755  547  546.687206571  1.87626126294  -0.0243676179212
-1.3272395574  755  566  565.671029267  1.86618361982  -0.0157241209184
-1.3272395574  755  585  584.85702467  1.88890062633  -0.0076459069772
-1.3272395574  755  604  604.276148848  1.85495721543  0.0504016920414
-1.3272395574  754  624  623.845838003  1.93325917277  0.0221230980459
-1.3272395574  754  644  643.645943818  1.93380370029  0.0241605235188
-1.3272395574  754  664  663.637930343  1.96875839965  0.0160388740044
-1.3272395574  754  684  683.863953373  2.01339142908  0.0310596347122
-1.3272395574  754  704  704.284378577  1.98035655978  0.0467485015045
-1.3272395574  753  725  724.922178722  2.07675277114  0.0230269108917
-1.3272395574  753  746  745.788295287  2.0817961686  0.0138852726455
-1.3272395574  752  767  766.903531326  2.13161754545  0.000278996329589
-1.3272395574  752  788  788.214286917  2.1318770959  -0.0175386232494
-1.3272395574  751  810  809.728382448  2.17102646384  -0.0448538355051
-1.3272395574  751  832  831.526253867  2.15103906403  -0.0436288038896
-1.3272395574  750  854  853.518019222  2.12621069427  -0.0525866398873
-1.3272395574  750  876  875.749198895  2.12893544056  -0.0283156900596
-1.3272395574  749  898  898.278032236  2.13413697359  0.00414868375664
-1.3272395574  748  921  921.016518019  2.19628922864  0.000561048289196
-1.3272395574  747  944  944.069390846  2.23756054927  0.0160901014663
-1.3272395574  746  967  967.366120982  2.27090787422  0.0326684825909
-1.3272395574  745  991  990.875644772  2.3406427847  0.0125104196894
-1.3272395574  744  1015  1014.68988677  2.38405572257  -0.0140846120403
-1.1493695574  740  11  11.2028515894  1.76859713863  0.00425173487027
-1.1493695574  741  25  25.1735480671  1.70136572773  0.0253921466573
-1.1493695574  742  39  39.2955583057  1.66454180015  0.0321060852033
-1.1493695574  743  54  53.5111215215  1.67542756628  0.0349604797759
-1.1493695574  743  68  67.8468251818  1.71681094471  0.0624536862471
-1.1493695574  744  82  82.3433928641  1.69926782713  0.0571951198798
-1.1493695574  744  97  96.9053492522  1.790181715  0.0358522802472
-1.1493695574  745  112  111.670719063  1.81257121497  0.0330388641341
-1.1493695574  746  127  126.532371286  1.82347129502  0.00268753905371
-1.1493695574  746  142  141.512135881  1.84575910597  -0.0087329998814
-1.1493695574  747  157  156.669949715  1.81515220891  0.00498730751049
-1.1493695574  747  172  171.913947004  1.80380928106  -0.0128595393743
-1.1493695574  748  187  187.348998042  1.80915692339  -0.0264589359051
-1.1493695574  748  203  202.862785621  1.77792062513  -0.032620140332
-1.1493695574  749  219  218.583471676  1.74290311935  -0.00898719058946
-1.1493695574  749  234  234.424198611  1.70811205573  -0.0104385089512
-1.1493695574  750  250  250.426891327  1.68097739684  0.0176553172089
-1.1493695574  750  267  266.53753063  1.66111227673  0.0180167756443
-1.1493695574  751  283  282.811653401  1.75011910354  0.0229665495337
-1.1493695574  751  299  299.282261816  1.73131533888  0.069626848308
-1.1493695574  751  316  315.867488932  1.80405206114  0.0611835155009
-1.1493695574  752  333  332.599340253  1.7857765158  0.0322693811337
-1.1493695574  752  350  349.520885317  1.84739605682  0.0318683169214
-1.1493695574  752  367  366.565322354  1.84230486913  0.0204720868611
-1.1493695574  753  384  383.81449921  1.86767616486  0.0202139517033
-1.1493695574  753  401  401.218130084  1.8860898713  0.0135050576763
-1.1493695574  753  419  418.779542954  1.8918722234  0.00214097584966
-1.1493695574  753  437  436.529650463  1.87503896405  -0.0012653342422
-1.1493695574  753  454  454.438180066  1.88695808758  -0.021104358698
-1.1493695574  754  473  472.538007612  1.91549399835  -0.0099718770632
-1.1493695574  754  491  490.783289853  1.91494433405  -0.0331585940651
-1.1493695574  754  509  509.258319459  1.92380079044  -0.023623750079
-1.1493695574  754  528  527.874509941  1.90351221465  -0.02905035017
-1.1493695574  754  547  546.693149917  1.86102997577  -0.0277945125198
-1.1493695574  754  566  565.680495121  1.86128447365  -0.0216280949756
-1.1493695574  754  585  584.861290602  1.89051818981  -0.00673144430059
-1.1493695574  754  604  604.294374795  1.87317436196  0.0424359786414
-1.1493695574  754  624  623.845892976  1.93333044665  0.022489824087
-1.1493695574  753  644  643.665540796  1.94111294327  0.0133245766528
-1.1493695574  753  664  663.668583259  1.95094337294  0.0329903602147
-1.1493695574  753  684  683.899810694  2.00607652687  0.0406786733404
-1.1493695574  753  704  704.305515726  2.0015408511  0.0437348502138
-1.1493695574  752  725  724.971049026  2.08266633614  0.029097613942
-1.1493695574  752  746  745.823788537  2.08843563712  0.0240146665986
-1.1493695574  752  767  766.895056135  2.13311331341  -0.00046980456362
-1.1493695574  751  788  788.242825169  2.11421460274  -0.00635422117235
-1.1493695574  751  810  809.757741731  2.13775864628  -0.0387757755039
-1.1493695574  750  832  831.566736849  2.14838597949  -0.0436073454623
-1.1493695574  749  854  853.582517187  2.14836090432  -0.0447889384747
-1.1493695574  749  876  875.796269877  2.13035932173  -0.0252554531867
-1.1493695574  748  898  898.33314958  2.13745415854  0.0121498204224
-1.1493695574  747  921  921.062030767  2.17323479059  0.00756835439349
-1.1493695574  746  944  944.115848968  2.22492015495  0.0115385060112
-1.1493695574  745  967  967.391861459  2.31613010729  0.0359171455268
-1.1493695574  745  991  990.890543366  2.37746997267  -0.0167684772057
-1.1493695574  743  1015  1014.71845278  2.42810283174  -0.0129171260802
-0.971499557395  740  11  11.176184972  1.7745461049  0.0115794389628
-0.971499557395  740  25  25.1385465337  1.71635228929  0.0304945828949
-0.971499557395  741  39  39.2695871589  1.66674239226  0.0441657702653
-0.971499557395  742  53  53.4942201547  1.64782787351  0.0429315558369
-0.971499557395  742  68  67.800948635  1.71314533201  0.0512873806009
-0.971499557395  743  82  82.3072981639  1.71240828753  0.0566156880682
-0.971499557395  744  97  96.907499023  1.79404408464  0.0502665147887
-0.971499557395  744  112  111.642584238  1.82857836599  0.0377026590339
-0.971499557395  745  127  126.50525174  1.82322581673  0.00861955620217
-0.971499557395  745  141  141.486507684  1.83691161524  -0.00656009723341
-0.971499557395  746  157  156.646101785  1.79827080385  0.00372228187934
-0.971499557395  746  172  171.892075396  1.80791589176  -0.0130423596943
-0.971499557395  747  187  187.325202752  1.79811547657  -0.0264171701047
-0.971499557395  747  203  202.858331545  1.78690285718  -0.0306857504102
-0.971499557395  748  219  218.562136512  1.73216609085  -0.0190245033491
-0.971499557395  748  234  234.404393128  1.71499599896  -0.00942420494068
-0.971499557395  749  250  250.402276137  1.67997731639  0.0139953915652
-0.971499557395  749  267  266.521530277  1.66383477766  0.0219759588595
-0.971499557395  750  283  282.805269139  1.74321802826  0.0268220759023
-0.971499557395  750  299  299.249968147  1.73088169574  0.0557129641681
-0.971499557395  751  316  315.863551133  1.8136133556  0.0668123011631
-0.971499557395  751  333  332.590751183  1.78059756984  0.0403266576703
-0.971499557395  751  349  349.491705705  1.82463023815  0.0126715999867
-0.971499557395  751  367  366.560431754  1.82977481117  0.0182780275116
-0.971499557395  752  384  383.814366029  1.85864728749  0.0244056421665
-0.971499557395  752  401  401.215669978  1.87189897343  0.00625495964024
-0.971499557395  752  419  418.7736474  1.89845602476  -0.00111674799199
-0.971499557395  752  437  436.53413892  1.86346301354  0.000137096374301
-0.971499557395  753  454  454.438269225  1.88510592151  -0.021226038879
-0.971499557395  753  473  472.543157493  1.91533011175  -0.00327274027617
-0.971499557395  753  491  490.806926254  1.89568725879  -0.0255559053902
-0.971499557395  753  509  509.270472217  1.91481732869  -0.0235883176257
-0.971499557395  753  528  527.877535313  1.90595143884  -0.0401713429757
-0.971499557395  753  547  546.700849634  1.86768251092  -0.0236963201953
-0.971499557395  753  566  565.698063996  1.86355697781  -0.02382453421
-0.971499557395  753  585  584.896088712  1.90126105191  0.00446875947858
-0.971499557395  753  604  604.316503678  1.86039483774  0.0449287439643
-0.971499557395  753  624  623.879392637  1.96181295305  0.0207431433842
-0.971499557395  752  644  643.697486027  1.96102878484  0.02119430141
-0.971499557395  752  664  663.694258924  1.95828735037  0.0231627550198
-0.971499557395  752  684  683.91584948  2.00219865899  0.0371158630769
-0.971499557395  752  704  704.343642401  1.98214258007  0.0392457684034
-0.971499557395  751  725  725.007412244  2.0641734432  0.0359182948389
-0.971499557395  751  746  745.866581939  2.08006113556  0.0272765624924
-0.971499557395  751  767  766.929148964  2.11656097406  -0.00300861115728
-0.971499557395  750  788  788.275546461  2.12399141446  -0.0121313308416
-0.971499557395  750  810  809.800278044  2.16996323616  -0.0432230153554
-0.971499557395  749  832  831.604642943  2.14206026618  -0.0362800481876
-0.971499557395  748  854  853.618551747  2.15874728855  -0.0307344670044
-0.971499557395  748  876  875.863815219  2.13628705971  -0.0188322742857
-0.971499557395  747  898  898.377847478  2.11149002285  0.00118206823072
-0.971499557395  746  921  921.114932609  2.19262859763  0.0179977811526
-0.971499557395  745  944  944.158817676  2.31403772547  0.0261814896223
-0.971499557395  745  967  967.400357962  2.29867994325  -0.0130046205448
-0.971499557395  744  991  990.933409517  2.29101648318  -0.0045276322374
-0.971499557395  743  1015  1014.75229527  2.37586699757  -0.0265001443871
-0.793629557395  739  11  11.1472836096  1.73554064307  0.0139743257588
-0.793629557395  739  25  25.0952295865  1.69804733768  0.0194524231402
-0.793629557395  740  39  39.2281358251  1.6680962803  0.0440394048129
-0.793629557395  741  53  53.4582155732  1.64358718394  0.0379535727813
-0.793629557395  741  68  67.7768420306  1.70617014265  0.049842193769
-0.793629557395  742  82  82.2880460758  1.70858788658  0.0659115592108
-0.793629557395  743  97  96.8786168149  1.77315519084  0.0501825390838
-0.793629557395  743  112  111.599514095  1.81363294454  0.0224637576717
-0.793629557395  744  126  126.470573377  1.81234476818  -0.00206145714611
-0.793629557395  744  141  141.460184838  1.83299080732  -0.00891436929134
-0.793629557395  745  157  156.618261285  1.80799127709  0.00472345373499
-0.793629557395  746  172  171.888776696  1.81623301116  -0.0069760415445
-0.793629557395  746  187  187.308650818  1.80052284979  -0.0147228282445
-0.793629557395  747  203  202.852475963  1.75270126046  -0.019823735024
-0.793629557395  747  219  218.545624192  1.72875611192  -0.0101567612816
-0.793629557395  748  234  234.401626332  1.73128834413  -0.00132107780723
-0.793629557395  748  250  250.384863292  1.67727491555  0.00515623345559
-0.793629557395  748  267  266.511829152  1.67606121615  0.0229742209993
-0.793629557395  749  283  282.793924856  1.71859597623  0.0294030863419
-0.793629557395  749  299  299.262432911  1.74229544595  0.0735698349991
-0.793629557395  750  316  315.861416289  1.79540668461  0.0713128260226
-0.793629557395  750  333  332.596419348  1.78552178831  0.0396337904397
-0.793629557395  750  349  349.499789219  1.83574404892  0.023082102817
-0.793629557395  751  367  366.5605157  1.83161746197  0.0190211021391
-0.793629557395  751  384  383.813705518  1.87189128317  0.0224688115068
-0.793629557395  751  401  401.222676481  1.8708500314  0.0128565980878
-0.793629557395  751  419  418.783909303  1.89605786646  0.00277560798477
-0.793629557395  751  437  436.538388249  1.85859517613  0.00150406303287
-0.793629557395  752  454  454.441169939  1.87827537157  -0.0187536087335
-0.793629557395  752  473  472.537810535  1.92141661146  -0.0164020372225
-0.793629557395  752  491  490.803793886  1.89715634366  -0.0307518492591
-0.793629557395  752  509  509.291381561  1.90290055826  -0.0230636592755
-0.793629557395  752  528  527.888853692  1.90595582002  -0.0362953423954
-0.793629557395  752  547  546.698965575  1.87380514243  -0.0329860149485
-0.793629557395  752  566  565.715843852  1.8596716066  -0.0184839881709
-0.793629557395  752  585  584.915786498  1.91977820652  0.00274852095933
-0.793629557395  752  604  604.33771648  1.85744608523  0.0426948457406
-0.793629557395  752  624  623.923281846  1.94575091748  0.0341970624139
-0.793629557395  752  644  643.697540799  1.96113320392  0.0209193666025
-0.793629557395  751  664  663.726168289  1.97366889244  0.0264268994908
-0.793629557395  751  684  683.946825919  2.01055976882  0.034629623786
-0.793629557395  751  704  704.369777479  1.96548904928  0.0405691412832
-0.793629557395  751  725  725.02643294  2.10025774328  0.0330418830954
-0.793629557395  750  746  745.905603334  2.08985186174  0.0287032663981
-0.793629557395  750  767  766.963157036  2.12152132466  -0.00161709507786
-0.793629557395  749  788  788.305688841  2.12875823617  -0.0142653420377
-0.793629557395  749  810  809.849391405  2.15299253855  -0.0390629701152
-0.793629557395  748  832  831.626418219  2.14142236095  -0.052707096246
-0.793629557395  748  854  853.612356391  2.13026523515  -0.0554570616265
-0.793629557395  747  876  875.905209417  2.13945115955  -0.0138516868841
-0.793629557395  746  898  898.426524  2.10362780784  0.0102702495281
-0.793629557395  745  921  921.179530417  2.14555321577  0.0145492199242
-0.793629557395  745  944  944.189487359  2.22528972852  0.00432015501814
-0.793629557395  744  967  967.452341705  2.2447739746  0.00936390764867
-0.793629557395  743  991  991.009701954  2.30983433606  0.00751616280792
-0.793629557395  742  1015  1014.82904761  2.3885593453  -7.68287437658e-05
-0.615759557395  738  11  11.0977584543  1.73544125508  0.00235390553182
-0.615759557395  738  25  25.0620813344  1.70905443785  0.0140479481063
-0.615759557395  739  39  39.1862128269  1.6651351217  0.0362467277931
-0.615759557395  740  53  53.420228736  1.64476871303  0.0385804205903
-0.615759557395  740  68  67.7390679577  1.69620549727  0.0446090553576
-0.615759557395  741  82  82.2640126638  1.69339320829  0.0797902965999
-0.615759557395  742  97  96.8560644258  1.7756357719  0.0559256681855
-0.615759557395  742  112  111.573935232  1.81395219592  0.0223850696971
-0.615759557395  743  126  126.455419913  1.8123219435  0.00574142328215
-0.615759557395  743  141  141.45127543  1.84699227576  -0.00719119049444
-0.615759557395  744  157  156.590648  1.80734406426  -0.0025219394469
-0.615759557395  745  172  171.876854076  1.79075325551  0.00211160181903
-0.615759557395  745  187  187.279975691  1.80541399625  -0.0209603919559
-0.615759557395  746  203  202.834055538  1.76119089238  -0.018730092954
-0.615759557395  746  219  218.532839205  1.74703000301  -0.00700096765256
-0.615759557395  747  234  234.389249455  1.72182383356  -0.000992899419544
-0.615759557395  747  250  250.373074477  1.68470987076  0.0156105775792
-0.615759557395  748  267  266.508660326  1.66990535179  0.0169028336078
-0.615759557395  748  283  282.777950524  1.73538382308  0.0268849827605
-0.615759557395  748  299  299.251890645  1.72325657401  0.0676647007015
-0.615759557395  749  316  315.849465714  1.82203700273  0.0614407875066
-0.615759557395  749  333  332.585018042  1.77963259571  0.0390354712932
-0.615759557395  749  350  349.509733922  1.83921339504  0.0292544541213
-0.615759557395  750  367  366.567112807  1.83630980982  0.0245898716327
-0.615759557395  750  384  383.804583088  1.86115906178  0.0165246573259
-0.615759557395  750  401  401.226422981  1.87089271218  0.00970861865585
-0.615759557395  750  419  418.769854394  1.8909358858  -0.00356299976404
-0.615759557395  751  437  436.538414194  1.86164578818  0.0029063878476
-0.615759557395  751  454  454.453641852  1.8779770635  -0.0105958654709
-0.615759557395  751  473  472.545608164  1.90294453979  -0.0170745648526
-0.615759557395  751  491  490.811326783  1.89018102259  -0.0302245568241
-0.615759557395  751  509  509.296621445  1.90405552187  -0.0238494798434
-0.615759557395  751  528  527.906482398  1.8937950282  -0.0318814067922
-0.615759557395  751  547  546.720476105  1.89566072225  -0.0275547017669
-0.615759557395  751  566  565.736763482  1.86853913555  -0.011649929281
-0.615759557395  751  585  584.941373719  1.92179643085  0.0102425124395
-0.615759557395  751  604  604.352339793  1.8580662536  0.0318001032153
-0.615759557395  751  624  623.931817721  1.93176297108  0.0320643632524
-0.615759557395  751  644  643.743006204  1.95134667764  0.0279707312357
-0.615759557395  750  664  663.751090213  2.00053821993  0.0204860491686
-0.615759557395  750  684  683.986757996  2.00126765454  0.047049051894
-0.615759557395  750  704  704.401062774  1.98738640432  0.039334026289
-0.615759557395  750  725  725.040316536  2.06242327221  0.0415108094177
-0.615759557395  749  746  745.930747486  2.10067312309  0.0232834798546
-0.615759557395  749  767  767.008589295  2.15378223421  -0.000180150304034
-0.615759557395  748  788  788.351136273  2.14106546806  -0.0187467882336
-0.615759557395  748  810  809.898260046  2.15094776112  -0.0269726943151
-0.615759557395  747  832  831.668780903  2.12341377058  -0.0516836753371
-0.615759557395  747  854  853.673687128  2.16449457475  -0.0442862927452
-0.615759557395  746  876  875.965044373  2.16067251597  -0.0133880128596
-0.615759557395  745  898  898.463967423  2.09970255412  -0.00498214554875
-0.615759557395  744  921  921.227529632  2.21567707757  0.0295739742713
-0.615759557395  744  944  944.245136243  2.20695213615  0.0236899132215
-0.615759557395  743  968  967.518968874  2.23961629156  0.00663185516589
-0.615759557395  742  991  991.075042975  2.30878609374  0.0068013935674
-0.615759557395  741  1015  1014.89749986  2.36164044768  -0.00322521925097
-0.437889557395  737  11  11.0658926101  1.7290230902  0.0052829505425
-0.437889557395  738  25  25.0491898128  1.73730060717  0.0238687578728
-0.437889557395  738  39  39.1519847567  1.67161649363  0.0456894556335
-0.437889557395  739  53  53.3892122471  1.65617374759  0.0507658945079
-0.437889557395  740  68  67.7287646624  1.71446356923  0.043778180596
-0.437889557395  740  82  82.2308043457  1.69703230308  0.0854560914343
-0.437889557395  741  97  96.8268091228  1.77180512945  0.0528215262514
-0.437889557395  741  112  111.547675185  1.79888878533  0.0177996097493
-0.437889557395  742  126  126.431806837  1.81219875937  0.0070760606446
-0.437889557395  743  141  141.439947543  1.82712595999  -0.00181570623681
-0.437889557395  743  157  156.55686813  1.79526842372  -0.00461517643323
-0.437889557395  744  172  171.858287552  1.79373861121  0.00119218789034
-0.437889557395  744  187  187.264344681  1.80712316705  -0.0168447844088
-0.437889557395  745  203  202.813680907  1.75014615158  -0.0243230733564
-0.437889557395  745  219  218.52025872  1.73782271709  -0.0117218600197
-0.437889557395  746  234  234.382902971  1.71847570135  -0.00134365412088
-0.437889557395  746  250  250.36566834  1.69250155191  0.0173402966093
-0.437889557395  747  266  266.494993647  1.67445751666  0.0122223461285
-0.437889557395  747  283  282.775035035  1.72906275969  0.0294372919088
-0.437889557395  747  299  299.242714931  1.74429987092  0.066898081697
-0.437889557395  748  316  315.825770457  1.82110244904  0.0511443571442
-0.437889557395  748  333  332.576318038  1.77876829047  0.0423256609859
-0.437889557395  748  349  349.493268145  1.82467479315  0.0267711054093
-0.437889557395  749  367  366.568501666  1.82503644209  0.026021146943
-0.437889557395  749  384  383.806657619  1.8762636482  0.0195621521198
-0.437889557395  749  401  401.226786522  1.87127990584  0.0114828165925
-0.437889557395  749  419  418.787721602  1.88910802484  0.00123953627583
-0.437889557395  750  437  436.548466554  1.86765479193  0.0050565713128
-0.437889557395  750  454  454.454184853  1.87734392059  -0.0131444466205
-0.437889557395  750  473  472.55469422  1.90183185873  -0.0184372020545
-0.437889557395  750  491  490.819401205  1.88668833493  -0.0358524543066
-0.437889557395  750  509  509.312015265  1.89967440644  -0.0271502030652
-0.437889557395  750  528  527.927037332  1.90446352385  -0.0319386902972
-0.437889557395  750  547  546.736397666  1.88066298548  -0.0311408470573
-0.437889557395  750  566  565.754169736  1.87820449485  -0.0169687439617
-0.437889557395  750  585  584.965041498  1.91840988112  0.00989873242267
-0.437889557395  750  604  604.381022301  1.8685076343  0.035311288304
-0.437889557395  750  624  623.957943237  1.9583630306  0.0313784703259
-0.437889557395  750  644  643.753553077  1.95400058245  0.0186053828243
-0.437889557395  750  664  663.75012384  1.99565970637  0.0142869288837
-0.437889557395  749  684  684.025636234  1.99733282357  0.0525077565145
-0.437889557395  749  704  704.432177734  1.99934012873  0.0370756103315
-0.437889557395  749  725  725.083014736  2.06737989299  0.0433235785125
-0.437889557395  748  746  745.963204195  2.09726699605  0.017700535422
-0.437889557395  748  767  767.046784176  2.14792570996  -0.00103805421499
-0.437889557395  747  788  788.409428298  2.13549987994  -0.00265627653307
-0.437889557395  747  810  809.932355319  2.16227822214  -0.0383170369829
-0.437889557395  746  832  831.707962706  2.14711793917  -0.0576915218203
-0.437889557395  746  854  853.703465657  2.15041461432  -0.0574523355166
-0.437889557395  745  876  876.016600706  2.1951125759  -0.0118023220678
-0.437889557395  744  899  898.516797131  2.114975018  -0.0151619276042
-0.437889557395  744  921  921.229486207  2.185879459  -0.000437331303623
-0.437889557395  743  944  944.289649884  2.20252022264  0.0110255557061
-0.437889557395  742  968  967.586619768  2.23623445029  0.0163984601701
-0.437889557395  741  991  991.146821488  2.31039064071  0.00479815200584
-0.437889557395  740  1015  1014.97163791  2.3750436703  -0.00316798114519
-0.260019557395  736  11  11.0358440706  1.72400857626  0.00542951724047
-0.260019557395  737  25  25.0216887168  1.69448214737  0.0258161902373
-0.260019557395  737  39  39.116786224  1.6697216737  0.0449030121393
-0.260019557395  738  53  53.3587189904  1.64768414937  0.0489324293874
-0.260019557395  739  68  67.7093708092  1.69696234312  0.0456201862324
-0.260019557395  739  82  82.1969688751  1.69811475573  0.0704319742433
-0.260019557395  740  97  96.7961600089  1.77547682791  0.0495854343936
-0.260019557395  741  112  111.52829516  1.82296798386  0.0209777715474
-0.260019557395  741  126  126.399439656  1.79749492514  -0.00105756080362
-0.260019557395  742  141  141.420370208  1.82996845248  -0.00102247118418
-0.260019557395  742  157  156.533556855  1.80555272527  -0.00382613643639
-0.260019557395  743  172  171.849237959  1.79757661394  0.00765322975763
-0.260019557395  743  187  187.245586451  1.78953632609  -0.0247718175591
-0.260019557395  744  203  202.799033065  1.76054547159  -0.0221233897051
-0.260019557395  744  219  218.508416282  1.74475821212  -0.0116047988051
-0.260019557395  745  234  234.367897147  1.70882278213  -0.00175855066322
-0.260019557395  745  250  250.35634057  1.66971868497  0.0179227420927
-0.260019557395  746  266  266.489094796  1.66965800576  0.0230842494279
-0.260019557395  746  283  282.777854868  1.74035142287  0.0320690766412
-0.260019557395  746  299  299.238938602  1.74098814338  0.0674242610837
-0.260019557395  747  316  315.827683621  1.80129704602  0.0616957588851
-0.260019557395  747  333  332.57413567  1.76865264453  0.043297843289
-0.260019557395  747  349  349.503906451  1.83784451145  0.0345800089771
-0.260019557395  748  367  366.565543359  1.84259794118  0.0260715895794
-0.260019557395  748  384  383.814194244  1.87261550539  0.0232061646666
-0.260019557395  748  401  401.235203959  1.87847593891  0.0101192245135
-0.260019557395  749  419  418.787506371  1.88836041625  1.29256986449e-05
-0.260019557395  749  437  436.551977435  1.8734217415  0.00135112629631
-0.260019557395  749  454  454.461254223  1.89349963812  -0.017657960498
-0.260019557395  749  473  472.566504052  1.90376870403  -0.0216998365339
-0.260019557395  749  491  490.832175686  1.91025455921  -0.0377968047564
-0.260019557395  749  509  509.318249852  1.88924432784  -0.027718662703
-0.260019557395  749  528  527.94315769  1.89033617  -0.0341725321242
-0.260019557395  749  547  546.75592788  1.87470942767  -0.0381899170362
-0.260019557395  749  566  565.769595846  1.86512381387  -0.0123283276287
-0.260019557395  749  585  584.976802537  1.90256780463  -0.00384412524548
-0.260019557395  749  604  604.397707364  1.8452413144  0.029957235892
-0.260019557395  749  624  623.991204544  1.93731742204  0.0329573547959
-0.260019557395  749  644  643.792333699  1.9517610008  0.0278107016896
-0.260019557395  749  664  663.781404641  1.97149048102  0.0215408582819
-0.260019557395  748  684  684.042796174  2.0283080872  0.0365276368346
-0.260019557395  748  704  704.467017221  1.98433374034  0.0353418401788
-0.260019557395  748  725  725.117962124  2.07152541892  0.0328582105418
-0.260019557395  747  746  746.027943032  2.12136653024  0.0313199167869
-0.260019557395  747  767  767.091873695  2.12892495624  -0.00255486503493
-0.260019557395  747  788  788.43258812  2.17389019407  -0.00886065750445
-0.260019557395  746  810  809.979278505  2.16569428299  -0.027033073125
-0.260019557395  745  832  831.767266269  2.1771932082  -0.0475058457043
-0.260019557395  745  854  853.777216258  2.16640396565  -0.0380109855838
-0.260019557395  744  876  876.066320015  2.18010585356  -0.0108447487113
-0.260019557395  743  899  898.585914056  2.13062294669  -0.000963179752011
-0.260019557395  743  921  921.282260569  2.14282454685  0.00364684537505
-0.260019557395  742  944  944.346546348  2.19473600885  0.00731067268741
-0.260019557395  741  968  967.640363205  2.25537461961  -2.18033320254e-05
-0.260019557395  740  991  991.222496295  2.33001092708  0.0199319215933
-0.260019557395  739  1015  1015.03717903  2.35784621185  -0.000392987517074
-0.0821495573951  735  11  10.994620355  1.72468737919  0.00983014442793
-0.0821495573951  736  25  24.9574540747  1.64689166884  0.0161854758071
-0.0821495573951  736  39  39.0839002963  1.6808653168  0.0351686758054
-0.0821495573951  737  53  53.336356423  1.64029046033  0.0695820757248
-0.0821495573951  738  68  67.6787669426  1.703018855  0.0394895287324
-0.0821495573951  738  82  82.1781773458  1.70078901541  0.0821305827882
-0.0821495573951  739  97  96.7769928404  1.7674252933  0.0583587660452
-0.0821495573951  740  112  111.511700739  1.81552160814  0.0162310686139
-0.0821495573951  740  126  126.380284285  1.79980771715  0.00140518380525
-0.0821495573951  741  141  141.39844602  1.82017087787  -0.00543664237202
-0.0821495573951  741  157  156.532177005  1.79760112872  0.0061439519314
-0.0821495573951  742  172  171.81677879  1.80071540391  0.000848971974841
-0.0821495573951  742  187  187.233964253  1.80315946846  -0.0141080873413
-0.0821495573951  743  203  202.778403949  1.76209494744  -0.0167518577772
-0.0821495573951  743  219  218.499746907  1.73936171819  -0.00771532630074
-0.0821495573951  744  234  234.344070442  1.71712397035  -0.0110133226891
-0.0821495573951  744  250  250.356484208  1.68217504662  0.0236661883163
-0.0821495573951  745  266  266.484446126  1.65843221538  0.0231025149067
-0.0821495573951  745  283  282.752903783  1.74273061263  0.0236425963349
-0.0821495573951  746  299  299.238067386  1.74410190487  0.0617535545125
-0.0821495573951  746  316  315.833940007  1.79773605035  0.0705173617533
-0.0821495573951  746  333  332.574944495  1.77877303126  0.0356237624313
-0.0821495573951  747  349  349.495452189  1.83671241479  0.0292700284657
-0.0821495573951  747  367  366.570911372  1.8342901298  0.017292683314
-0.0821495573951  747  384  383.817415161  1.88080275241  0.0195187145946
-0.0821495573951  747  401  401.233323322  1.88393895278  0.0156471779787
-0.0821495573951  748  419  418.781249945  1.89428850155  -0.00606258091563
-0.0821495573951  748  437  436.563062209  1.87757825193  0.00535036321394
-0.0821495573951  748  454  454.467227608  1.87833688599  -0.0219241842345
-0.0821495573951  748  473  472.580135284  1.8997525953  -0.0192227134541
-0.0821495573951  748  491  490.862320001  1.89648740775  -0.024424461782
-0.0821495573951  748  509  509.33014331  1.90673206494  -0.0301042374009
-0.0821495573951  748  528  527.963000799  1.89304284462  -0.0358788111298
-0.0821495573951  748  547  546.787294747  1.88293246228  -0.0394762881664
-0.0821495573951  748  566  565.800713013  1.87509373374  -0.0140502429212
-0.0821495573951  748  585  585.009481355  1.91706206385  0.00516982765786
-0.0821495573951  748  604  604.42031138  1.86168878825  0.030485363423
-0.0821495573951  748  624  624.02460272  1.95330226225  0.0367682665561
-0.0821495573951  748  644  643.832253121  1.96704247943  0.0386621623011
-0.0821495573951  748  664  663.813766983  1.97674991825  0.0241246445433
-0.0821495573951  747  684  684.079286729  2.01384638278  0.0441436614182
-0.0821495573951  747  705  704.510016535  1.97798446164  0.0372763708714
-0.0821495573951  747  725  725.159732723  2.0630113478  0.0355312473032
-0.0821495573951  746  746  746.066905564  2.08318725138  0.0312667803924
-0.0821495573951  746  767  767.16174035  2.16179778134  0.0122031753158
-0.0821495573951  746  788  788.453315159  2.12569941061  -0.0186048382637
-0.0821495573951  745  810  810.023316747  2.17942796345  -0.0397103153789
-0.0821495573951  744  832  831.814605887  2.22381745599  -0.0451795179537
-0.0821495573951  744  854  853.817827251  2.1456517066  -0.0485764502161
-0.0821495573951  743  876  876.125982191  2.15929525316  -0.00621551308929
-0.0821495573951  742  899  898.635808793  2.16240633277  0.00449071142298
-0.0821495573951  742  921  921.340024649  2.11717966241  0.00371934380816
-0.0821495573951  741  944  944.418819465  2.19433320454  0.0195026803971
-0.0821495573951  740  968  967.700853537  2.26554827783  -0.00580534342589
-0.0821495573951  739  991  991.293011033  2.31784794604  0.0184843839809
-0.0821495573951  738  1015  1015.10065712  2.36820630669  -0.00208563465058
0.0957204426049  734  11  10.9526768783  1.72418103848  0.000128723724058
0.0957204426049  735  25  24.9482498729  1.68520176943  0.0175248698074
0.0957204426049  735  39  39.0822158  1.71481664486  0.0334486394444
0.0957204426049  736  53  53.3009994539  1.63143923232  0.054605443882
0.0957204426049  737  68  67.6490592694  1.69180594798  0.0402280006683
0.0957204426049  737  82  82.1426002912  1.71810074316  0.0626571181673
0.0957204426049  738  97  96.7500362106  1.76683931298  0.0465100559695
0.0957204426049  739  111  111.489575809  1.80839701234  0.00629364424299
0.0957204426049  739  126  126.36485185  1.78756896293  0.0115882397277
0.0957204426049  740  141  141.382516456  1.82881625257  -0.00155119360817
0.0957204426049  740  157  156.511298803  1.81447408864  -0.00691283704817
0.0957204426049  741  172  171.786546194  1.79038482139  -0.00349310523734
0.0957204426049  741  187  187.229758963  1.81369425481  -0.0130887066978
0.0957204426049  742  203  202.769428369  1.78357815557  -0.0191283586753
0.0957204426049  742  218  218.496481177  1.73642575366  -0.00412558089882
0.0957204426049  743  234  234.345175519  1.69924962162  -0.000610539710726
0.0957204426049  743  250  250.34220944  1.69545133711  0.0205219179985
0.0957204426049  744  266  266.476997802  1.67613108099  0.0209090324909
0.0957204426049  744  283  282.756214371  1.73503545044  0.0274145195202
0.0957204426049  745  299  299.236093573  1.73102117635  0.0690599124615
0.0957204426049  745  316  315.813922996  1.81524282523  0.0497228250633
0.0957204426049  745  333  332.579472474  1.79318158953  0.0470045952896
0.0957204426049  746  349  349.486794105  1.8383178073  0.0235393298195
0.0957204426049  746  367  366.574049478  1.84375272817  0.0188983644848
0.0957204426049  746  384  383.822159622  1.8800860165  0.0174905258548
0.0957204426049  746  401  401.247111351  1.86194835002  0.0201340300368
0.0957204426049  747  419  418.794103693  1.88203897434  -0.00183150114479
0.0957204426049  747  437  436.571508647  1.87361558685  0.00713055941078
0.0957204426049  747  454  454.488689671  1.87879132723  -0.0193904934777
0.0957204426049  747  473  472.594303384  1.91139244709  -0.0158667229609
0.0957204426049  747  491  490.869876993  1.89316045034  -0.0288314325062
0.0957204426049  747  509  509.344062063  1.89554754964  -0.0315533806129
0.0957204426049  747  528  527.990907502  1.88765451829  -0.0270862211172
0.0957204426049  747  547  546.805876069  1.89014051896  -0.0370037631767
0.0957204426049  747  566  565.830641334  1.89384994665  -0.0065271855005
0.0957204426049  747  585  585.035636723  1.9189793468  0.0123694448339
0.0957204426049  747  604  604.434349929  1.86375396997  0.0245035832257
0.0957204426049  747  624  624.049340386  1.94806975999  0.0402395769321
0.0957204426049  747  644  643.861038537  1.95956701048  0.0380658654642
0.0957204426049  747  664  663.861081594  1.96427784832  0.0301871192059
0.0957204426049  747  684  684.07841297  2.01709887544  0.0324851649484
0.0957204426049  746  705  704.535883497  1.99017572034  0.0226578857701
0.0957204426049  746  725  725.209482546  2.0555450008  0.0458048875479
0.0957204426049  746  746  746.057831698  2.08838439162  0.0170344382449
0.0957204426049  745  767  767.206943518  2.13581074473  0.00519072239901
0.0957204426049  745  789  788.501407123  2.13984905203  -0.0144871767444
0.0957204426049  744  810  810.082179869  2.18055193896  -0.028465544664
0.0957204426049  744  832  831.832876396  2.17983587455  -0.0492389504688
0.0957204426049  743  854  853.87637664  2.10785111775  -0.0398613206037
0.0957204426049  742  876  876.201350912  2.15025466934  0.00465609924214
0.0957204426049  742  899  898.649115879  2.11255862114  -0.0149551491661
0.0957204426049  741  921  921.40549612  2.14440929712  0.00644478376932
0.0957204426049  740  944  944.470691895  2.2002293655  0.01073358699
0.0957204426049  739  968  967.778591592  2.27548458681  0.000576813662479
0.0957204426049  738  991  991.367851482  2.31099496845  0.0253415274622
0.0957204426049  737  1015  1015.18302618  2.38562907351  0.0158681526876
0.273590442605  733  11  10.9287054835  1.71396303664  0.00149756327203
0.273590442605  734  25  24.9279672505  1.68903220043  0.0260654511279
0.273590442605  735  39  39.0326356675  1.72340423338  0.0372671962342
0.273590442605  735  53  53.2723375003  1.67325103404  0.0496421928519
0.273590442605  736  68  67.6211607048  1.68567508944  0.0350559974722
0.273590442605  737  82  82.1324423314  1.74600676331  0.0837271757709
0.273590442605  737  97  96.7280072697  1.76960921574  0.0515589097662
0.273590442605  738  111  111.467473863  1.80435689864  0.00403879172139
0.273590442605  738  126  126.34329975  1.80040482691  0.00617990160219
0.273590442605  739  141  141.351886964  1.80710441697  -0.0104288690455
0.273590442605  740  157  156.515596684  1.82087601977  -0.00415567142159
0.273590442605  740  172  171.775223379  1.81353976775  -0.00210950208288
0.273590442605  741  187  187.213387866  1.79860964528  -0.0222087857393
0.273590442605  741  203  202.759595877  1.76160092951  -0.0185965516616
0.273590442605  742  218  218.502801918  1.72549566936  0.000340395651602
0.273590442605  742  234  234.332473619  1.71372517653  -0.000535770931001
0.273590442605  742  250  250.327661327  1.69084725126  0.0167694865976
0.273590442605  743  266  266.470885935  1.65772225177  0.0276697291058
0.273590442605  743  283  282.754870858  1.72615832195  0.0237410985238
0.273590442605  744  299  299.234950835  1.72905903886  0.0698023132185
0.273590442605  744  316  315.815110698  1.80900591903  0.0494484756459
0.273590442605  744  333  332.574218197  1.78661725642  0.032922271001
0.273590442605  745  349  349.494540861  1.82992168075  0.0241574790268
0.273590442605  745  367  366.584074528  1.83450170409  0.0191372006815
0.273590442605  745  384  383.830737278  1.87430936217  0.0200703301687
0.273590442605  746  401  401.246909007  1.86717281506  0.0107235289078
0.273590442605  746  419  418.817187642  1.89845686456  7.1260775885e-05
0.273590442605  746  437  436.568315863  1.88246400969  -0.0139761156432
0.273590442605  746  455  454.500606084  1.87463508223  -0.0142517715446
0.273590442605  746  473  472.610853059  1.91038855684  -0.0158738934228
0.273590442605  746  491  490.889185076  1.9006245591  -0.0296574686895
0.273590442605  746  509  509.360345097  1.90747717684  -0.0397087227911
0.273590442605  746  528  528.007207122  1.90791667988  -0.0276184979064
0.273590442605  747  547  546.805876069  1.89014051896  -0.0370037631767
0.273590442605  746  566  565.854659942  1.89056172796  -0.00678249529116
0.273590442605  746  585  585.065112112  1.91547280371  0.00633767023659
0.273590442605  746  604  604.477007326  1.86182565818  0.0200665169425
0.273590442605  746  624  624.089614579  1.93026141126  0.0463582071801
0.273590442605  746  644  643.905250548  1.96675994911  0.0410785052359
0.273590442605  746  664  663.901946894  1.98224031505  0.0313300131328
0.273590442605  746  684  684.133575153  2.00292026796  0.058636828283
0.273590442605  745  705  704.572670473  1.98752505522  0.0223333265666
0.273590442605  745  725  725.251722115  2.0443526145  0.0480678405828
0.273590442605  745  746  746.108636006  2.08648067051  0.0285730523472
0.273590442605  744  767  767.25424536  2.12399203717  0.0122497693812
0.273590442605  744  789  788.553796095  2.13572258968  -0.0131167011719
0.273590442605  743  810  810.142957334  2.1575082916  -0.0274911099516
0.273590442605  743  832  831.896203646  2.1598024267  -0.0426856509061
0.273590442605  742  854  853.934788827  2.13023199251  -0.0336649202077
0.273590442605  741  876  876.262071481  2.15011679601  0.00471902831488
0.273590442605  741  899  898.693039308  2.13041366924  -0.0162150908844
0.273590442605  740  921  921.475851419  2.1517528532  0.0111233280546
0.273590442605  739  945  944.52440851  2.2000715046  -0.00355274982654
0.273590442605  738  968  967.842184676  2.27246132377  0.00783786452422
0.273590442605  737  991  991.423383319  2.27967106477  0.0104576903436
0.273590442605  736  1015  1015.25629227  2.37722066397  0.0112425619418
0.451460442605  732  11  10.8837830737  1.71358429194  -0.00248966799226
0.451460442605  733  25  24.8899453397  1.68755686393  0.0185941241571
0.451460442605  734  39  39.0133194419  1.6861284781  0.0325357100571
0.451460442605  734  53  53.2403649237  1.65846544421  0.0635153351884
0.451460442605  735  68  67.5906281682  1.69185665263  0.0283619942695
0.451460442605  736  82  82.1195621785  1.7128211581  0.0664417334032
0.451460442605  736  97  96.702132801  1.76315212211  0.0381294920022
0.451460442605  737  111  111.448642286  1.80937876852  0.0140162043015
0.451460442605  737  126  126.32825005  1.77360007658  0.00741163265357
0.451460442605  738  141  141.337749649  1.82921136543  -0.00840744908783
0.451460442605  739  156  156.497460397  1.80383788105  -0.00351198355853
0.451460442605  739  172  171.766422718  1.79661482045  -0.00517729994507
0.451460442605  740  187  187.190224043  1.79265424762  -0.0329318202538
0.451460442605  740  203  202.747772541  1.75165135455  -0.025764380867
0.451460442605  741  218  218.481624287  1.73348906745  -0.00380873780928
0.451460442605  741  234  234.324741291  1.70694039098  -0.00861107649195
0.451460442605  742  250  250.327693567  1.68784983851  0.0210825695464
0.451460442605  742  266  266.465666328  1.66337731204  0.0284803814343
0.451460442605  742  283  282.752307372  1.72562758232  0.0257172136518
0.451460442605  743  299  299.241946981  1.74054990918  0.0825821022845
0.451460442605  743  316  315.822750094  1.81440279704  0.0569614313469
0.451460442605  744  333  332.581084391  1.79000873041  0.0374179621586
0.451460442605  744  349  349.49980217  1.82686365944  0.0211685027632
0.451460442605  744  367  366.590179276  1.83816110799  0.0177482869692
0.451460442605  744  384  383.834154201  1.88750780527  0.0186275833771
0.451460442605  745  401  401.261383637  1.87763244329  0.0140312184492
0.451460442605  745  419  418.823310556  1.87457223913  0.00473660226047
0.451460442605  745  437  436.596623748  1.8660535715  0.00542712950928
0.451460442605  745  455  454.518431646  1.88110641227  -0.00664632175631
0.451460442605  745  473  472.623837915  1.89500063059  -0.0180461945843
0.451460442605  745  491  490.915608875  1.89069915618  -0.0270703076763
0.451460442605  746  509  509.360375452  1.90721682992  -0.0395047455863
0.451460442605  746  528  528.006936647  1.90731865196  -0.0295030871059
0.451460442605  746  547  546.830753104  1.89970373551  -0.03381081128
0.451460442605  746  566  565.854720842  1.89060880433  -0.0063332232112
0.451460442605  746  585  585.065183393  1.91485940492  0.00628189467798
0.451460442605  745  605  604.508869471  1.87059373315  0.0276318984814
0.451460442605  745  624  624.146151592  1.91219816487  0.055964787381
0.451460442605  745  644  643.932734428  1.98405416362  0.0395516574965
0.451460442605  745  664  663.943623584  1.98034546958  0.0393211264606
0.451460442605  745  684  684.175846883  1.99345887718  0.0558214139957
0.451460442605  744  705  704.618914813  2.00849036162  0.022034741326
0.451460442605  744  725  725.285057103  2.02581376304  0.0420323018839
0.451460442605  744  746  746.155718496  2.07911480213  0.0282396378547
0.451460442605  743  767  767.294563566  2.1315670709  0.00331127316794
0.451460442605  743  789  788.588036506  2.12416224912  -0.0215714324281
0.451460442605  742  810  810.194220752  2.14352010448  -0.0259297263844
0.451460442605  742  832  831.963696792  2.17275988515  -0.0310817592596
0.451460442605  741  854  853.988665148  2.12507155839  -0.0372980658975
0.451460442605  740  876  876.315408795  2.10779574029  0.00502220110919
0.451460442605  740  899  898.763525141  2.16443321818  -0.00768032711286
0.451460442605  739  922  921.534452988  2.14550167674  0.00291909926769
0.451460442605  738  945  944.604895427  2.20138754288  0.00196613216966
0.451460442605  737  968  967.917901009  2.26973390055  0.0109557058717
0.451460442605  736  991  991.48647343  2.27744113875  0.00884372798487
0.451460442605  735  1015  1015.33533777  2.36866596555  0.0185192056556
0.629330442605  731  11  10.8689449414  1.70016765236  0.00412027281837
0.629330442605  732  25  24.868050935  1.70213405692  0.0242507659128
0.629330442605  733  39  38.9834699229  1.67430727951  0.0257219105239
0.629330442605  733  53  53.2186280253  1.63474731885  0.0588127879709
0.629330442605  734  68  67.5756797903  1.68981997633  0.0298677961337
0.629330442605  735  82  82.1067230574  1.71487710563  0.0797832922943
0.629330442605  735  97  96.6846425642  1.76463730483  0.0353739213267
0.629330442605  736  111  111.433696079  1.78666154862  0.0131446072931
0.629330442605  736  126  126.316450163  1.78969682467  0.00635138946061
0.629330442605  737  141  141.322866881  1.81044919644  -0.0194444048578
0.629330442605  738  156  156.47707515  1.81001214271  -0.00557945161937
0.629330442605  738  172  171.758837129  1.79050429107  -0.000308981936587
0.629330442605  739  187  187.1891744  1.8006959588  -0.027257087763
0.629330442605  739  203  202.737937992  1.75322534891  -0.0196274229907
0.629330442605  740  218  218.46470744  1.73942737115  -0.0191987074655
0.629330442605  740  234  234.324708059  1.70562522414  -0.0042829833946
0.629330442605  741  250  250.335339461  1.68217925811  0.0297884461552
0.629330442605  741  266  266.470369685  1.6522041773  0.0333409390518
0.629330442605  741  283  282.748756283  1.74136370602  0.0163649710311
0.629330442605  742  299  299.237271841  1.73887437252  0.0771951598768
0.629330442605  742  316  315.834775327  1.80481720651  0.0684223512945
0.629330442605  743  333  332.577388384  1.78951964087  0.0373296216194
0.629330442605  743  350  349.520483324  1.8374969364  0.034541395688
0.629330442605  743  367  366.594791791  1.84402560931  0.0183658596469
0.629330442605  743  384  383.854791726  1.86080062571  0.029075568442
0.629330442605  744  401  401.266446727  1.86607611525  0.00568462498679
0.629330442605  744  419  418.838384876  1.90022040654  0.00717232545246
0.629330442605  744  437  436.599099282  1.88248947378  -0.00127112076704
0.629330442605  744  455  454.540860786  1.88947256386  -0.00856296494355
0.629330442605  744  473  472.630335303  1.9123340285  -0.0302688376509
0.629330442605  745  491  490.915550864  1.89068697795  -0.0274355549832
0.629330442605  745  509  509.40025024  1.89669600369  -0.0187897995523
0.629330442605  745  528  528.043777113  1.92969656051  -0.0217910165372
0.629330442605  745  547  546.845019593  1.905094569  -0.037791931035
0.629330442605  745  566  565.869580573  1.89875617015  -0.0175512213137
0.629330442605  745  585  585.097047009  1.89819600057  0.014946127441
0.629330442605  744  605  604.540421391  1.89576994302  0.0291369551906
0.629330442605  744  624  624.159316264  1.91063839579  0.0444620677944
0.629330442605  744  644  643.971898003  1.97541786252  0.042666992582
0.629330442605  744  664  663.985022498  1.9949662153  0.0416295127108
0.629330442605  744  684  684.21302625  1.98066013363  0.0573297128136
0.629330442605  743  705  704.658243664  2.01199981426  0.0170960941906
0.629330442605  743  725  725.32620682  2.02843394548  0.0409567229362
0.629330442605  743  746  746.20188592  2.06492971963  0.0281564631966
0.629330442605  742  767  767.342323882  2.13024473474  0.00102109987916
0.629330442605  742  789  788.641973013  2.12701102047  -0.0206071945026
0.629330442605  741  810  810.265719197  2.14384022099  -0.0222578932967
0.629330442605  741  832  832.025233117  2.16737291991  -0.034175021561
0.629330442605  740  854  854.047904831  2.14945497046  -0.0462167467882
0.629330442605  740  876  876.300761038  2.15237911661  -0.0341327448503
0.629330442605  739  899  898.823240661  2.15457980491  -0.00377546340283
0.629330442605  738  922  921.565939775  2.15604532589  -0.0247070893561
0.629330442605  737  945  944.693060374  2.18567807986  0.0144960407124
0.629330442605  736  968  967.989591681  2.27458686618  0.0155293253538
0.629330442605  735  992  991.557147916  2.29708329742  0.00950899754857
0.629330442605  734  1015  1015.42180879  2.34815417223  0.0174463119309
0.807200442605  730  11  10.832423871  1.70526624445  -0.000946864615585
0.807200442605  731  25  24.8348838006  1.6953997093  0.00859878603083
0.807200442605  732  39  38.9664295592  1.68005711553  0.0274933930297
0.807200442605  732  53  53.1973174768  1.66363711777  0.0557185204805
0.807200442605  733  68  67.5660276949  1.6642557239  0.0372120662214
0.807200442605  734  82  82.0809305909  1.71124118032  0.0864279925621
0.807200442605  734  97  96.6622106812  1.76007727673  0.0399307408058
0.807200442605  735  111  111.413052259  1.79178579876  0.00220656122891
0.807200442605  736  126  126.313423141  1.78810868608  0.00508851213113
0.807200442605  736  141  141.310776953  1.79828284223  -0.0165934265158
0.807200442605  737  156  156.473019472  1.80326010959  0.00131494372883
0.807200442605  737  172  171.752428328  1.79534850371  0.00467964560628
0.807200442605  738  187  187.17268808  1.78595720891  -0.0249092720965
0.807200442605  738  203  202.737185057  1.75423953601  -0.0128086148914
0.807200442605  739  218  218.462480302  1.74906385703  -0.0104716302015
0.807200442605  739  234  234.329470413  1.70341601265  0.00421571366356
0.807200442605  740  250  250.327318798  1.6941634259  0.0183339042735
0.807200442605  740  266  266.463368687  1.66232438629  0.0222711531339
0.807200442605  741  283  282.744307554  1.72463852897  0.0153637371687
0.807200442605  741  299  299.244683382  1.73686150601  0.0741997830636
0.807200442605  741  316  315.826128415  1.80440003968  0.0551225661079
0.807200442605  742  333  332.586066396  1.77899584995  0.0378123275287
0.807200442605  742  350  349.525526515  1.83935662324  0.0340968675953
0.807200442605  742  367  366.596625416  1.83926769114  0.00730954643235
0.807200442605  743  384  383.855518767  1.8626325515  0.0332010303043
0.807200442605  743  401  401.279610956  1.8621560067  0.0147356768296
0.807200442605  743  419  418.855673967  1.89105229636  0.00530645027499
0.807200442605  743  437  436.620186974  1.88528949516  -0.00103526599715
0.807200442605  743  455  454.563957494  1.88667215529  -0.00934025571348
0.807200442605  744  473  472.631261431  1.90002337529  -0.0451105399534
0.807200442605  744  491  490.933992079  1.91335786081  -0.029837422901
0.807200442605  744  509  509.412270117  1.90377050757  -0.0327268052038
0.807200442605  744  528  528.063177054  1.91794905866  -0.020384871119
0.807200442605  744  547  546.873605405  1.90539871095  -0.0366829411167
0.807200442605  744  566  565.910195159  1.89213420984  -0.0109084332573
0.807200442605  744  585  585.134906519  1.88532148557  0.0114826059612
0.807200442605  744  605  604.543342197  1.87960487368  0.025096952645
0.807200442605  743  624  624.215574679  1.92839464896  0.0554538315065
0.807200442605  743  644  644.014148376  1.98075162546  0.0433045357254
0.807200442605  743  664  664.023432937  1.96219516128  0.0417243220806
0.807200442605  743  684  684.245691707  1.97259073251  0.0508174284906
0.807200442605  743  705  704.658406426  2.01291999716  0.0135789661792
0.807200442605  742  725  725.377945767  2.02845238695  0.0313750558945
0.807200442605  742  746  746.2475034  2.08325585624  0.0246744457127
0.807200442605  741  767  767.385616037  2.12418794052  0.00192683567694
0.807200442605  741  789  788.688645975  2.13647417039  -0.0265177611637
0.807200442605  740  810  810.32355649  2.13882447605  -0.00748146020372
0.807200442605  740  832  832.074706113  2.18236419243  -0.0333974876166
0.807200442605  739  854  854.119721378  2.15646374618  -0.0315562290182
0.807200442605  739  876  876.368778218  2.12301541414  -0.0106239717986
0.807200442605  738  899  898.889346126  2.16039784656  -0.00381633701388
0.807200442605  737  922  921.642850873  2.14429422326  -0.00753299154705
0.807200442605  736  945  944.7549005  2.19604900829  0.00390938394247
0.807200442605  735  968  968.072040818  2.23399308473  0.0160114745543
0.807200442605  734  992  991.644084341  2.31236941342  0.0120989533489
0.807200442605  733  1015  1015.5011087  2.33265133442  0.0119081284765
0.985070442605  729  11  10.832999465  1.73608881003  0.00210486722405
0.985070442605  730  25  24.8116524222  1.68492818895  0.0178038982761
0.985070442605  731  39  38.9532745775  1.67194588919  0.0337362748222
0.985070442605  732  53  53.1978409033  1.66201840613  0.0604050004949
0.985070442605  732  68  67.5502967992  1.67370556038  0.0399566082301
0.985070442605  733  82  82.0573361146  1.72789122233  0.0776011608131
0.985070442605  733  97  96.6483259605  1.77507776295  0.028096173609
0.985070442605  734  111  111.40196936  1.79508910657  0.00992795340916
0.985070442605  735  126  126.298960786  1.78551162681  0.00764337891318
0.985070442605  735  141  141.291823144  1.80275805716  -0.0236016026581
0.985070442605  736  156  156.458106981  1.81137078821  -0.00125139781412
0.985070442605  736  172  171.732566406  1.79644165564  -0.000741730702845
0.985070442605  737  187  187.169471888  1.77411325661  -0.0204196954568
0.985070442605  737  203  202.726487864  1.74962899636  -0.0243728582526
0.985070442605  738  218  218.453001606  1.74870395318  -0.0164841442946
0.985070442605  738  234  234.314956303  1.71656491962  -0.00204133198601
0.985070442605  739  250  250.324328632  1.69923465592  0.016940042251
0.985070442605  739  266  266.464295922  1.6676565962  0.0268266716033
0.985070442605  740  283  282.741083314  1.73295617139  0.0239899856026
0.985070442605  740  299  299.244649529  1.72779962582  0.0736557438063
0.985070442605  740  316  315.83397608  1.79248949885  0.0566195829408
0.985070442605  741  333  332.594376806  1.79023626422  0.0438318060817
0.985070442605  741  350  349.522341062  1.83647633554  0.0233135740818
0.985070442605  741  367  366.623734022  1.84938944459  0.0163351606814
0.985070442605  742  384  383.859499699  1.89678097031  0.0123005778708
0.985070442605  742  401  401.297350172  1.87809870489  0.0112775252768
0.985070442605  742  419  418.879306443  1.88637127853  0.00797346594827
0.985070442605  742  437  436.635093692  1.89669283645  -0.00650946981825
0.985070442605  742  455  454.589747145  1.88294247842  0.00333628290142
0.985070442605  743  473  472.667261024  1.91760022645  -0.0152625877817
0.985070442605  743  491  490.961776145  1.90626586294  -0.0257618768633
0.985070442605  743  509  509.430412486  1.90666866271  -0.0391404911134
0.985070442605  743  528  528.090702741  1.91876933326  -0.0241803203826
0.985070442605  743  547  546.923196139  1.90606873537  -0.0249466636284
0.985070442605  743  566  565.949495281  1.89816612673  -0.00202925088651
0.985070442605  743  585  585.169269994  1.90150602783  0.0201977690686
0.985070442605  743  605  604.5738086  1.87456049161  0.0151676659219
0.985070442605  743  624  624.215381085  1.9289428909  0.0538951309347
0.985070442605  742  644  644.051915038  1.98925533149  0.0462436869944
0.985070442605  742  664  664.064207304  1.97733757204  0.0436846697008
0.985070442605  742  684  684.288836092  1.98912052159  0.0438212724182
0.985070442605  742  705  704.712338934  2.00808451231  0.0284126826163
0.985070442605  741  725  725.425221672  2.01928061709  0.027696313857
0.985070442605  741  746  746.29871489  2.08527042911  0.025998385202
0.985070442605  741  767  767.419052023  2.15426968634  0.00994990509875
0.985070442605  740  789  788.75147236  2.13830690643  -0.0234151549776
0.985070442605  740  810  810.317650165  2.17871380072  -0.0420348655316
0.985070442605  739  832  832.146370725  2.18028043498  -0.0216012993523
0.985070442605  738  854  854.202867363  2.13826439159  -0.0169600506186
0.985070442605  738  876  876.418925103  2.12617292402  -0.0168112215999
0.985070442605  737  899  898.97536174  2.1630949237  0.00458552350046
0.985070442605  736  922  921.715840763  2.16767296157  -0.00923297053305
0.985070442605  735  945  944.836337373  2.21388778904  0.0215826418544
0.985070442605  734  968  968.159938051  2.23492857332  0.0353592605912
0.985070442605  733  992  991.668192693  2.37291892306  -7.06413566782e-05
0.985070442605  732  1016  1015.57606542  2.40235688838  0.0330047139924
1.1629404426  729  11  10.8185573842  1.69668597073  0.0192094031135
1.1629404426  729  25  24.7851583915  1.69738274748  0.00817924528432
1.1629404426  730  39  38.9236138253  1.67564587968  0.0211029130692
1.1629404426  731  53  53.181001876  1.64424091371  0.059587790731
1.1629404426  731  68  67.5126726163  1.67761899599  0.0267969212323
1.1629404426  732  82  82.0346741969  1.71589008567  0.0762313586901
1.1629404426  733  97  96.6506449684  1.75531098441  0.0398258075911
1.1629404426  733  111  111.38793592  1.78784468858  0.000882405242228
1.1629404426  734  126  126.281056891  1.78178812796  0.00673582125324
1.1629404426  734  141  141.281173694  1.80589863856  -0.00658094770828
1.1629404426  735  156  156.445047791  1.79921698478  -0.00760507596343
1.1629404426  735  172  171.740836888  1.80135273249  8.02697531776e-05
1.1629404426  736  187  187.165285483  1.77656578298  -0.0206345519079
1.1629404426  736  203  202.722974136  1.7571387455  -0.0188196941504
1.1629404426  737  218  218.449627323  1.73400184283  -0.0197428302562
1.1629404426  737  234  234.320784217  1.70373954082  0.00431723557188
1.1629404426  738  250  250.32385114  1.7180690942  0.0211363442563
1.1629404426  738  266  266.468016409  1.65900006231  0.0294620211054
1.1629404426  739  283  282.749907396  1.73257399735  0.0233391356637
1.1629404426  739  299  299.248625649  1.73590481764  0.0723474712676
1.1629404426  739  316  315.83853041  1.7933771308  0.052898764825
1.1629404426  740  333  332.601277048  1.7965903191  0.0292879122278
1.1629404426  740  350  349.529176276  1.85264844377  0.0212776381585
1.1629404426  740  367  366.626456135  1.85266095376  0.00573571317815
1.1629404426  741  384  383.880454168  1.87587367466  0.0239014403248
1.1629404426  741  401  401.316276309  1.87194873628  0.0120388521627
1.1629404426  741  419  418.900874888  1.88085207524  0.00463333477991
1.1629404426  741  437  436.658948808  1.90210141411  -1.34998442391e-05
1.1629404426  742  455  454.589850876  1.88439107772  0.00311727048938
1.1629404426  742  473  472.689461356  1.91679211421  -0.0211481388007
1.1629404426  742  491  490.984801611  1.9118625081  -0.026545621623
1.1629404426  742  509  509.467755594  1.89674837208  -0.0235426545451
1.1629404426  742  528  528.133591286  1.91607483145  -0.0177674371993
1.1629404426  742  547  546.95758572  1.90642789575  -0.0225928431553
1.1629404426  742  566  565.994411232  1.89960005979  0.00546502917113
1.1629404426  742  585  585.21727503  1.89923230697  0.034202602975
1.1629404426  742  605  604.614245304  1.89040327845  0.0226557129093
1.1629404426  742  624  624.245300855  1.91219184452  0.0519328721279
1.1629404426  741  644  644.101993839  1.98368060589  0.0494811399598
1.1629404426  741  664  664.110571219  1.96867167793  0.047241302652
1.1629404426  741  684  684.335662495  1.95957426166  0.0464403392775
1.1629404426  741  705  704.761358048  2.01765911314  0.0239333813683
1.1629404426  740  725  725.475020193  2.03518559994  0.0289352867332
1.1629404426  740  746  746.353133509  2.06497128742  0.0282012078341
1.1629404426  740  767  767.444439788  2.12110214076  0.00940783033633
1.1629404426  739  789  788.819237144  2.14656817565  -0.0179755402879
1.1629404426  739  810  810.381225267  2.14210528139  -0.0198086771442
1.1629404426  738  832  832.21383542  2.17255129687  -0.0208916957772
1.1629404426  737  854  854.269122467  2.13834978962  -0.0159875217744
1.1629404426  737  876  876.492217306  2.11758414385  -0.00343562018474
1.1629404426  736  899  899.053963012  2.16305084463  0.0073518268383
1.1629404426  735  922  921.790188193  2.16850761427  -0.00624712283044
1.1629404426  734  945  944.908279821  2.23158870058  0.0124183071464
1.1629404426  734  968  968.185934409  2.28345743663  0.0153938399814
1.1629404426  733  992  991.721669049  2.31525335694  -0.00786760819434
1.1629404426  732  1016  1015.59378704  2.42438983387  -0.0206387276523
1.3408104426  728  11  10.7835104948  1.68177539846  -0.000195853508282
1.3408104426  728  25  24.7651938272  1.68422876784  0.00868334410737
1.3408104426  729  39  38.8988616432  1.66979443064  0.0202595562906
1.3408104426  730  53  53.1699808686  1.65440530821  0.0686332036966
1.3408104426  730  68  67.5093583199  1.66577079902  0.0350498895583
1.3408104426  731  82  82.0227669982  1.7153104741  0.0833340714067
1.3408104426  732  97  96.6375868415  1.74679423728  0.0327156392082
1.3408104426  732  111  111.375353751  1.79862316844  0.00469336578991
1.3408104426  733  126  126.273404271  1.7802836177  0.00763229647429
1.3408104426  733  141  141.276985987  1.80369693726  -0.0065797600806
1.3408104426  734  156  156.435646778  1.8027986434  -0.00207550715001
1.3408104426  735  172  171.735604425  1.81327114676  0.00428748844785
1.3408104426  735  187  187.161465758  1.79349858462  -0.021793354816
1.3408104426  736  203  202.71682652  1.75502806391  -0.0334636681158
1.3408104426  736  218  218.44521706  1.7213825707  -0.0237545218251
1.3408104426  736  234  234.317223074  1.70517810673  0.0040659752244
1.3408104426  737  250  250.324845381  1.68094892651  0.0257553941528
1.3408104426  737  266  266.466085488  1.65595552716  0.0224783089539
1.3408104426  738  283  282.753233803  1.72852993981  0.0172496602974
1.3408104426  738  299  299.261547692  1.73177810738  0.0711436766641
1.3408104426  739  316  315.83960343  1.79661974123  0.0570619558799
1.3408104426  739  333  332.617587571  1.79590484613  0.0453159649511
1.3408104426  739  350  349.542501893  1.83990732718  0.0205354751978
1.3408104426  740  367  366.649617434  1.84723437119  0.0251006381408
1.3408104426  740  384  383.889586123  1.88458740368  0.0218780757996
1.3408104426  740  401  401.327251253  1.87816196845  0.0145037208251
1.3408104426  740  419  418.919708945  1.87721077416  0.0120614796911
1.3408104426  740  437  436.68641068  1.90591027269  -0.00101910644764
1.3408104426  741  455  454.604788111  1.89326456654  -0.00475606541486
1.3408104426  741  473  472.720340905  1.92479952115  -0.0191875988901
1.3408104426  741  491  491.018608024  1.90240602685  -0.0236727484137
1.3408104426  741  509  509.491365288  1.90478644345  -0.0233118514875
1.3408104426  741  528  528.169152976  1.90273703792  -0.0128152922959
1.3408104426  741  547  546.993405699  1.91386694487  -0.0230857480545
1.3408104426  741  566  566.038748967  1.90923578591  0.0144678389287
1.3408104426  741  585  585.246015126  1.87519234568  0.0224778570375
1.3408104426  741  605  604.644700457  1.89737334127  0.0166437860607
1.3408104426  741  624  624.295487521  1.90107434885  0.0593938536042
1.3408104426  741  644  644.10080813  1.99061333715  0.0313288598711
1.3408104426  740  664  664.168846478  1.9745518434  0.0532099261357
1.3408104426  740  684  684.381753491  1.97025142228  0.0363547721871
1.3408104426  740  705  704.823120395  2.02046732376  0.0314879078329
1.3408104426  739  726  725.513991964  2.05749607226  0.0198578256983
1.3408104426  739  746  746.422910007  2.07773071676  0.0323102717852
1.3408104426  739  767  767.486321937  2.13194883366  -0.00245953928946
1.3408104426  738  789  788.880244354  2.16141090376  -0.0191057450515
1.3408104426  738  810  810.431048862  2.13167458153  -0.027552485744
1.3408104426  737  832  832.262525482  2.14216525419  -0.0357056792322
1.3408104426  737  854  854.308601501  2.19114416193  -0.0167873380396
1.3408104426  736  877  876.558711943  2.09874157701  -0.0237799330784
1.3408104426  735  899  899.131280619  2.14997887711  0.0064134373335
1.3408104426  734  922  921.873934415  2.18519421567  -0.000815643264836
1.3408104426  733  945  944.947622034  2.31294164049  0.00927169593893
1.3408104426  733  968  968.232512382  2.22041813897  0.0142607312713
1.3408104426  732  992  991.81799513  2.29274090848  0.00994068409024
1.3408104426  731  1016  1015.68018395  2.32862664861  0.0185253974629
1.5186804426  727  11  10.7688649226  1.68602941467  0.00268639632521
1.5186804426  727  25  24.7442712961  1.66920437272  0.00752265096067
1.5186804426  728  39  38.8797737256  1.66154452271  0.0277957296959
1.5186804426  729  53  53.1534387568  1.65574636553  0.0807211476599
1.5186804426  729  67  67.4919134418  1.65339773134  0.0328260604258
1.5186804426  730  82  82.0051558881  1.718297968  0.0790781277825
1.5186804426  731  97  96.6269834472  1.75166903051  0.0326653283196
1.5186804426  731  111  111.364432017  1.78019922896  0.00738647781866
1.5186804426  732  126  126.265513299  1.7859625447  0.0120938183592
1.5186804426  732  141  141.258336308  1.7854046639  -0.0204286705879
1.5186804426  733  156  156.434698896  1.79665130752  0.00188865194359
1.5186804426  734  172  171.724058118  1.79760023911  -0.00153659940336
1.5186804426  734  187  187.159609138  1.79268341374  -0.0176342647028
1.5186804426  735  203  202.711483132  1.75281985244  -0.0332766144967
1.5186804426  735  218  218.443092972  1.74388273686  -0.00950378596608
1.5186804426  736  234  234.312455468  1.71508744593  -0.00266094153964
1.5186804426  736  250  250.323719376  1.65977610163  0.0160603879453
1.5186804426  736  266  266.475954133  1.65124054044  0.0317808883605
1.5186804426  737  283  282.760006698  1.70918094054  0.024491899032
1.5186804426  737  299  299.254131544  1.73669158213  0.0573464209927
1.5186804426  738  316  315.846348606  1.80020914805  0.0521532464948
1.5186804426  738  333  332.624851627  1.78066636361  0.0299476049482
1.5186804426  738  350  349.557272138  1.82941319082  0.0249716813493
1.5186804426  739  367  366.647419259  1.85147147888  0.0253452894103
1.5186804426  739  384  383.917351996  1.86670816284  0.0283130166847
1.5186804426  739  401  401.343459505  1.87304551602  0.00622325482346
1.5186804426  739  419  418.944620309  1.88522639242  0.0131938038697
1.5186804426  740  437  436.686756625  1.89492116744  -0.0159017067787
1.5186804426  740  455  454.624046119  1.89827237947  -0.0116117312741
1.5186804426  740  473  472.750463522  1.92272110031  -0.0211039752633
1.5186804426  740  491  491.058232861  1.93270661271  -0.025446581034
1.5186804426  740  510  509.525180395  1.89404404171  -0.033966684253
1.5186804426  740  528  528.202978284  1.89242439184  -0.0137207826046
1.5186804426  740  547  547.036043646  1.92443009971  -0.0198019556187
1.5186804426  740  566  566.075857087  1.91504129027  0.0117938866672
1.5186804426  740  585  585.286152492  1.87954568582  0.020687451938
1.5186804426  740  605  604.67904906  1.91132444923  -0.00128082659659
1.5186804426  740  624  624.328256089  1.89947803473  0.0492169016258
1.5186804426  740  644  644.155166932  1.97623800612  0.0543078156824
1.5186804426  739  664  664.227773952  1.93470924624  0.0554793811963
1.5186804426  739  684  684.437033552  1.96002266186  0.0393081270488
1.5186804426  739  705  704.873119059  2.03556337918  0.0339202326442
1.5186804426  739  726  725.512961681  2.1044029869  -0.0035640311059
1.5186804426  738  746  746.464950122  2.06585814745  0.0214992204664
1.5186804426  738  768  767.544373894  2.13405941485  -0.00269490120407
1.5186804426  737  789  788.944105792  2.17458658422  -0.0209523406038
1.5186804426  737  811  810.505706246  2.13924959549  -0.0275696165136
1.5186804426  736  832  832.326296825  2.12749405072  -0.034174130997
1.5186804426  736  854  854.322734511  2.12073609242  -0.0333288466932
1.5186804426  735  877  876.62864223  2.13416796976  -0.0220618843287
1.5186804426  734  899  899.206073031  2.13724551336  0.0116024183084
1.5186804426  733  922  921.960220939  2.17167305786  0.0145193655276
1.5186804426  733  945  944.978796261  2.25639649596  -0.0104608967126
1.5186804426  732  968  968.300684313  2.22743010457  0.00775240743119
1.5186804426  731  992  991.907720669  2.31691847407  0.00740609990608
1.5186804426  730  1016  1015.75087605  2.35578584468  -0.00155124307281
1.6965504426  726  11  10.7496369849  1.6819878645  0.000662720588709
1.6965504426  727  25  24.7333706582  1.69054374339  0.0135623661244
1.6965504426  727  39  38.8485903853  1.65708421202  0.0199641613429
1.6965504426  728  53  53.1312985127  1.65712606398  0.0727223224345
1.6965504426  728  67  67.4787780595  1.67696430099  0.0337174138257
1.6965504426  729  82  81.9879291388  1.73253344052  0.0722624299325
1.6965504426  730  97  96.6144984415  1.76555993048  0.0384931801934
1.6965504426  730  111  111.357853958  1.77496162377  0.0130285529802
1.6965504426  731  126  126.244638941  1.77336441577  -0.000279704414658
1.6965504426  732  141  141.257251044  1.79032099907  -0.027127177732
1.6965504426  732  156  156.421760254  1.79351498757  -0.00770695271646
1.6965504426  733  172  171.727068287  1.78927972786  0.00180003952683
1.6965504426  733  187  187.152468313  1.78807654361  -0.0195696253725
1.6965504426  734  203  202.730941823  1.74391169487  -0.0102479076405
1.6965504426  734  218  218.446284429  1.74315593468  -0.0180480593679
1.6965504426  735  234  234.317944838  1.69862815903  -0.00311836088309
1.6965504426  735  250  250.328649939  1.67288350483  0.0246387113961
1.6965504426  736  266  266.478608798  1.66342086083  0.0057115161244
1.6965504426  736  283  282.770425475  1.72312267356  0.0218347432344
1.6965504426  736  299  299.251218452  1.80823794287  0.00625339437965
1.6965504426  737  316  315.856379456  1.80002923978  0.0488007141603
1.6965504426  737  333  332.636369276  1.79505794377  0.0349380435346
1.6965504426  737  350  349.590202231  1.84700572002  0.0369551129844
1.6965504426  738  367  366.674149582  1.85573494662  0.0266427910751
1.6965504426  738  384  383.92888674  1.86435562931  0.0190017320261
1.6965504426  738  401  401.366706732  1.88431309277  0.00627162952987
1.6965504426  738  419  418.961284615  1.86990122053  0.00842744267227
1.6965504426  739  437  436.698950083  1.89893218851  -0.00645884944793
1.6965504426  739  455  454.650251527  1.89092636575  -0.00764828705058
1.6965504426  739  473  472.775282873  1.90916692376  -0.0126024676209
1.6965504426  739  491  491.091746363  1.90864303787  -0.022693460288
1.6965504426  739  510  509.556670917  1.89458024469  -0.0284048163221
1.6965504426  739  528  528.244446724  1.88609330103  -0.00787444053511
1.6965504426  739  547  547.05768622  1.92408831136  -0.0215612017342
1.6965504426  739  566  566.111699003  1.88976605365  0.0159482810448
1.6965504426  739  585  585.344799133  1.87593945537  0.0308685354675
1.6965504426  739  605  604.733582859  1.9013603898  0.019677740233
1.6965504426  739  624  624.361331929  1.85435538416  0.0475723462925
1.6965504426  739  644  644.183370074  1.95245032279  0.0509479664803
1.6965504426  738  664  664.262725639  1.9521939619  0.0523598972177
1.6965504426  738  684  684.476286959  1.9692065175  0.0267959452563
1.6965504426  738  705  704.921164731  2.05683552604  0.0289000218611
1.6965504426  738  726  725.560410511  2.05059961075  0.0204073626517
1.6965504426  737  747  746.520991576  2.05726698502  0.024264068764
1.6965504426  737  768  767.607308613  2.11449576807  -0.000475494011501
1.6965504426  736  789  789.013697159  2.16009374197  -0.0120748118248
1.6965504426  736  811  810.53748589  2.1306124077  -0.0503904877779
1.6965504426  735  832  832.410303735  2.14535690956  -0.0184030385029
1.6965504426  735  854  854.394524533  2.1254700283  -0.0224674635228
1.6965504426  734  877  876.655947494  2.01574873469  -0.106814650683
1.6965504426  733  899  899.280916407  2.15080981031  0.0175111742635
1.6965504426  732  922  922.013185653  2.22472355287  0.0183816560338
1.6965504426  732  945  945.065880578  2.24117383071  0.0207897417446
1.6965504426  731  968  968.389280661  2.23339687758  0.0158621838946
1.6965504426  730  992  991.98662217  2.3250714025  0.0166936879939
1.6965504426  729  1016  1015.84622916  2.36766635246  0.00337894631326
1.8744204426  725  11  10.7169463132  1.67905171796  -0.000245353503537
1.8744204426  726  25  24.7269749478  1.66309887269  0.0220370180607
1.8744204426  726  39  38.8340913837  1.67604922334  0.0190783974166
1.8744204426  727  53  53.1166685795  1.6433275204  0.073876034799
1.8744204426  728  67  67.4628910889  1.67809745227  0.0262357234641
1.8744204426  728  82  81.9810047449  1.72636210517  0.0788581055248
1.8744204426  729  97  96.6068155111  1.75669083418  0.0447900135983
1.8744204426  729  111  111.341409491  1.77402301733  0.000177475930385
1.8744204426  730  126  126.242147215  1.78599789212  0.00984734056789
1.8744204426  731  141  141.259437779  1.79199073409  -0.0185903425341
1.8744204426  731  156  156.424913485  1.80654579568  0.00114772968197
1.8744204426  732  172  171.720986671  1.79059485642  0.00597813380738
1.8744204426  732  187  187.142479158  1.79108827715  -0.0243459304717
1.8744204426  733  203  202.742928072  1.70463012955  -0.0424017899433
1.8744204426  733  218  218.442135457  1.73422295363  -0.0224304960701
1.8744204426  734  234  234.329673789  1.71339049912  0.00382948212199
1.8744204426  734  250  250.3316867  1.67780157581  0.01733285756
1.8744204426  735  266  266.489274281  1.67659507853  0.0236853712097
1.8744204426  735  283  282.7814674  1.73197074649  0.0300537707235
1.8744204426  735  299  299.271028548  1.75418849815  0.0306116420534
1.8744204426  736  316  315.869556998  1.79091352073  0.051077380131
1.8744204426  736  333  332.647177245  1.78856499689  0.0362461120264
1.8744204426  736  350  349.597871657  1.83372877801  0.0310345095473
1.8744204426  737  367  366.697719574  1.84877427594  0.0327371603451
1.8744204426  737  384  383.951910308  1.8556616551  -0.00572138451306
1.8744204426  737  401  401.39193797  1.87851694326  0.0152099519753
1.8744204426  737  419  418.992732669  1.88662650015  0.0151035489051
1.8744204426  738  437  436.736990913  1.90557480013  0.00311388662135
1.8744204426  738  455  454.67358777  1.8865816067  -0.0127371814502
1.8744204426  738  473  472.793133925  1.8986255263  -0.0157530823246
1.8744204426  738  491  491.121051443  1.89788797513  -0.0193310845733
1.8744204426  738  510  509.580486224  1.89870297945  -0.0353704888598
1.8744204426  738  528  528.268739178  1.88859045994  -0.0118133788395
1.8744204426  738  547  547.091342744  1.91116712858  -0.0214644799024
1.8744204426  738  566  566.145298839  1.89042661809  0.0171359193468
1.8744204426  738  585  585.365479607  1.85062647546  0.024975904302
1.8744204426  738  605  604.766251759  1.93282702308  0.0130787368338
1.8744204426  738  624  624.407966805  1.87551215647  0.0493560090516
1.8744204426  738  644  644.246966298  1.9599342978  0.0630023779051
1.8744204426  738  664  664.262895694  1.95128519773  0.0529956495081
1.8744204426  737  685  684.519502305  1.97930058757  0.0166039260759
1.8744204426  737  705  704.978752565  2.05253157374  0.0416938505626
1.8744204426  737  726  725.633134402  2.04292798143  0.0280746661753
1.8744204426  736  747  746.563598638  2.07452014077  0.0179935125773
1.8744204426  736  768  767.652087407  2.11791743974  -0.0181423761786
1.8744204426  735  789  789.09134535  2.19577058355  -0.00565233182982
1.8744204426  735  811  810.611774396  2.14972965215  -0.0404231624787
1.8744204426  734  832  832.458993895  2.13397485224  -0.0318493235944
1.8744204426  734  854  854.456742276  2.12637210884  -0.0275365097146
1.8744204426  733  877  876.757796098  2.11527313194  -0.0277725127235
1.8744204426  732  899  899.35167087  2.14036831027  0.00635522238016
1.8744204426  732  922  922.042777877  2.16176411754  -0.00711996202297
1.8744204426  731  945  945.166248878  2.24083906684  0.032827608386
1.8744204426  730  968  968.478093581  2.23722984531  0.0128917718539
1.8744204426  729  992  992.073666439  2.3164811941  0.0207088046514
1.8744204426  728  1016  1015.91915046  2.35145527739  0.00941498938769
2.0522904426  724  11  10.7099514036  1.66619548539  0.00841343229686
2.0522904426  725  25  24.7119827331  1.66576454917  0.0140056508408
2.0522904426  725  39  38.8268079508  1.65874561717  0.0254764877896
2.0522904426  726  53  53.0975607579  1.67305648556  0.062113464511
2.0522904426  727  67  67.4523868889  1.66698619043  0.0277811255198
2.0522904426  727  82  81.9659319922  1.72546764  0.0747041684262
2.0522904426  728  97  96.5876974229  1.76176940051  0.0302092919384
2.0522904426  729  111  111.336474708  1.79415277916  0.0121602131013
2.0522904426  729  126  126.23732811  1.78437363662  0.014375359496
2.0522904426  730  141  141.263138678  1.80701451458  -0.00922168605105
2.0522904426  730  156  156.413413579  1.82079071398  -0.0115807904032
2.0522904426  731  172  171.723586598  1.77879715564  0.00219087413083
2.0522904426  731  187  187.142744289  1.78235250619  -0.0279096819606
2.0522904426  732  203  202.725888625  1.74989908352  -0.0265296879706
2.0522904426  732  218  218.446596485  1.74267398531  -0.0115928548726
2.0522904426  733  234  234.330433797  1.70416586101  -0.00348897139578
2.0522904426  733  250  250.353441058  1.68167756089  0.0210831756762
2.0522904426  734  266  266.493647875  1.66524942302  0.02176063274
2.0522904426  734  283  282.794146901  1.73601265087  0.0241669943901
2.0522904426  734  299  299.286578996  1.71613621772  0.0633060152172
2.0522904426  735  316  315.898950842  1.79146600855  0.0601894054829
2.0522904426  735  333  332.669862227  1.81064698408  0.0359585716179
2.0522904426  736  350  349.59117459  1.82787107051  0.0241277392068
2.0522904426  736  367  366.709070656  1.85149191715  0.0285331480332
2.0522904426  736  384  383.99451714  1.85731543567  0.027941724636
2.0522904426  736  401  401.417967676  1.87834665064  0.00614392903983
2.0522904426  737  419  418.992756426  1.88649456972  0.0152002240578
2.0522904426  737  437  436.756618755  1.90604693992  -0.00638188559391
2.0522904426  737  455  454.708644711  1.89495152038  -0.00788752039931
2.0522904426  737  473  472.837631347  1.91673542764  -0.0136278333905
2.0522904426  737  491  491.161908955  1.91478889722  -0.0250183028188
2.0522904426  737  510  509.615185676  1.9025400565  -0.0296717701845
2.0522904426  737  528  528.301470702  1.88998411962  -0.00970579479465
2.0522904426  737  547  547.142847172  1.91202470626  -0.00810269153197
2.0522904426  737  566  566.20227797  1.88923121589  0.0186714324065
2.0522904426  737  585  585.416218902  1.86377402325  0.0196631883511
2.0522904426  737  605  604.823152042  1.92119368117  0.0178816792331
2.0522904426  737  624  624.467928282  1.8825568422  0.0441470821695
2.0522904426  737  644  644.298293163  1.93196184639  0.05528983091
2.0522904426  737  664  664.307968424  1.94464039797  0.0519036715261
2.0522904426  736  685  684.580740026  1.98132753302  0.014764795058
2.0522904426  736  705  705.052297287  2.06108572972  0.0487305457519
2.0522904426  736  726  725.694080899  2.04326615582  0.0218387624634
2.0522904426  735  747  746.636484851  2.08777732475  0.0088435582855
2.0522904426  735  768  767.737505532  2.15556565814  -0.00549545959632
2.0522904426  734  789  789.161656295  2.23978850457  0.00740910490348
2.0522904426  734  811  810.691161425  2.16946132928  -0.0414925023374
2.0522904426  733  833  832.538110071  2.14038483877  -0.0342840689293
2.0522904426  733  855  854.551285533  2.12309488662  -0.0255217521972
2.0522904426  732  877  876.853559816  2.18160353129  -0.0236485601376
2.0522904426  731  899  899.451979904  2.14504298278  0.00971688081607
2.0522904426  731  922  922.134661992  2.13598333318  0.0137021801843
2.0522904426  730  945  945.257797671  2.21840764959  0.032189942436
2.0522904426  729  969  968.567558216  2.21989185773  0.00513543775204
2.0522904426  728  992  992.172432109  2.29773926783  0.0189623086404
2.0522904426  727  1016  1016.01586036  2.35664749722  0.013355967398
