# Band 2C   Etalon 1B   Slice 12
# Distortion map version 06.04.00 - date 2018-10-09
# Trace (isoalpha): Take pixel trace along specified slice, specified alpha position trace is built by taking the pixel in every detector row with alpha value closest to the one specified 
# xpos[i] = np.argmin(alpha_img[i,:])+funcs.find_nearest(alpha_img[i,:][(slice_img[i,:]!=0)],alpha_pos)
#    alpha       x  y      center         FWHM          skewness
0.0  677  10  9.84916501249  1.68145429319  0.022987174519
0.0  678  24  23.9179931958  1.68016788806  0.0387342993959
0.0  679  38  38.1153465529  1.66010473422  0.0636645568396
0.0  679  52  52.4371776678  1.62181059693  0.0644946529829
0.0  680  67  66.8579798269  1.70555036637  0.0575919569659
0.0  681  81  81.4333529773  1.71633270368  0.0441466493571
0.0  681  96  96.1618980895  1.73608509879  0.061755628284
0.0  682  111  110.975683784  1.77782706501  0.0420665749689
0.0  683  126  125.948732546  1.76655417349  0.0535648281102
0.0  683  141  141.041152837  1.78150018333  0.0104905636282
0.0  684  156  156.272968276  1.76448387818  0.00260305694061
0.0  684  172  171.638528092  1.7751722386  -0.00249045521516
0.0  685  187  187.152210023  1.77057757679  -0.00556745720864
0.0  685  203  202.799894229  1.73777290632  -0.0187115683106
0.0  686  219  218.600006194  1.71123159546  -0.00208420257663
0.0  686  235  234.562451991  1.68413788248  0.000305728206792
0.0  687  251  250.633105162  1.69605365272  0.0060940512671
0.0  687  267  266.895904441  1.74661790628  0.0373018188833
0.0  687  283  283.333406923  1.70826056485  0.0758087858446
0.0  688  300  299.841073302  1.79930762759  0.0586958551608
0.0  688  317  316.551238473  1.77404905858  0.04951314112
0.0  688  333  333.417070396  1.79532975865  0.0482124016222
0.0  689  350  350.429536257  1.80543067361  0.0296069639778
0.0  689  368  367.632964119  1.87501811414  0.0288826964275
0.0  689  385  384.997501479  1.87447610224  0.0320499142868
0.0  690  402  402.469562132  1.85316264204  0.0127277404443
0.0  690  420  420.176044508  1.88563688734  0.0203025306907
0.0  690  438  438.070330088  1.8944957166  0.033040202293
0.0  690  456  456.095782581  1.90029058227  0.0107016363123
0.0  690  474  474.329075147  1.87919730157  0.00368117041129
0.0  690  493  492.696206338  1.880981418  -0.0103235027855
0.0  690  511  511.300801183  1.90584493336  -0.00196000087913
0.0  691  530  529.998620308  1.89300052121  0.00979563622339
0.0  691  549  548.928585384  1.90185668052  0.00916225543777
0.0  691  568  568.117817578  1.9355132697  0.0465814463652
0.0  690  587  587.467688212  1.85433202846  0.0433179802282
0.0  690  607  607.00274942  1.94693873676  0.0600089459164
0.0  690  627  626.684494785  1.92261515584  0.0246084131193
0.0  690  647  646.621079822  1.9412917895  0.0237438698365
0.0  690  667  666.753041966  1.97048813126  0.0340225783532
0.0  690  687  687.105404315  2.02506200341  0.0571944008538
0.0  689  708  707.718681003  2.00223109438  0.0338689136799
0.0  689  728  728.49283354  2.034923721  0.0341317487023
0.0  689  749  749.478746059  2.06548005709  0.0278051304647
0.0  688  771  770.763526264  2.12995048363  0.00959910534449
0.0  688  792  792.202750447  2.13477876712  0.00878924044067
0.0  687  814  813.9312166  2.18268824262  -0.00640156529185
0.0  687  836  835.790128584  2.13590176002  -0.0233259619172
0.0  686  858  857.992371811  2.11052396319  -0.00847618766637
0.0  685  880  880.46915395  2.05535218995  0.0274869404484
0.0  685  903  903.036506522  2.13747553628  0.0301438761553
0.0  684  926  925.930030961  2.17067305942  0.0239949293083
0.0  683  949  949.183092771  2.19963402875  0.0450413381803
0.0  682  973  972.601384771  2.22967291093  -3.44789405628e-05
0.0  681  996  996.364611014  2.27129640666  0.031024058307
0.0  680  1020  1020.34159149  2.37736669601  0.0387164885808
-1.73943347956  686  10  9.82110242803  1.71494210824  0.0109813073068
-1.73943347956  687  24  23.8738857844  1.69476324205  0.0229261542018
-1.73943347956  688  38  38.0554620229  1.70067814046  0.0499029804344
-1.73943347956  688  52  52.3795087774  1.63278625233  0.0744264588814
-1.73943347956  689  67  66.7770211943  1.76735493375  0.0689793620429
-1.73943347956  690  81  81.3443060087  1.71926004497  0.0492300733766
-1.73943347956  690  96  96.0433084141  1.78025672415  0.06205452914
-1.73943347956  691  111  110.853099147  1.81779232467  0.0357364685425
-1.73943347956  692  126  125.788186647  1.82565898371  0.0232547842761
-1.73943347956  692  141  140.887133932  1.82246295612  0.0031767494936
-1.73943347956  693  156  156.107570308  1.78154587089  0.00830421853747
-1.73943347956  693  171  171.466887189  1.80176850297  -0.00235573703354
-1.73943347956  694  187  186.945405181  1.78500525089  -0.0166348099932
-1.73943347956  694  203  202.598499639  1.75724139886  -0.017931314354
-1.73943347956  695  218  218.392551433  1.72092998008  0.00040102547113
-1.73943347956  695  234  234.330667782  1.72390297583  0.00205105608679
-1.73943347956  696  250  250.398096629  1.68513810047  0.0255943642157
-1.73943347956  696  267  266.602042577  1.7141144885  0.00950454495036
-1.73943347956  696  283  283.005453119  1.75240619033  0.0647618926036
-1.73943347956  697  300  299.516674224  1.74950850032  0.0409707874239
-1.73943347956  697  316  316.25130628  1.75884115238  0.0861908924848
-1.73943347956  698  333  333.053999406  1.83153653952  0.0488937179326
-1.73943347956  698  350  350.080317456  1.86723269174  0.0544489392872
-1.73943347956  698  367  367.241722241  1.85719338509  0.0176763881119
-1.73943347956  698  385  384.583788697  1.87510374956  0.0119373216674
-1.73943347956  699  402  402.077204969  1.86951565184  0.0326265462403
-1.73943347956  699  420  419.743284275  1.89469422573  0.0135289110485
-1.73943347956  699  438  437.606016509  1.88857399773  0.00885523466206
-1.73943347956  699  456  455.603264209  1.90794221336  -0.0109351790686
-1.73943347956  699  474  473.819136332  1.91204181853  -0.00869911417492
-1.73943347956  700  492  492.183279627  1.86731361638  -0.00662566623429
-1.73943347956  700  511  510.705130654  1.88466314852  -0.0244048703358
-1.73943347956  700  529  529.46020835  1.87833931778  -0.00296686831919
-1.73943347956  700  548  548.387852463  1.84398030202  0.00160080402343
-1.73943347956  700  567  567.49607251  1.85004163013  0.0090669371333
-1.73943347956  700  587  586.793583929  1.91400373173  0.0175263397244
-1.73943347956  699  606  606.375287257  1.87415131078  0.0564666192372
-1.73943347956  699  626  626.09190083  1.9460027508  0.0670233434514
-1.73943347956  699  646  645.985221822  1.98233837022  0.0512703302536
-1.73943347956  699  666  666.097877631  1.96084796784  0.0558207955709
-1.73943347956  699  686  686.418186136  1.94397469733  0.0473353265575
-1.73943347956  698  707  706.99691306  2.03569453096  0.0445133871353
-1.73943347956  698  728  727.741566382  2.05359421021  0.0253656800918
-1.73943347956  698  749  748.698185906  2.08276585157  0.00672559266219
-1.73943347956  697  770  769.978448504  2.1226258191  0.00845960410214
-1.73943347956  697  791  791.390770931  2.09271360909  -0.0201472266741
-1.73943347956  696  813  813.082854176  2.13206272716  -0.0247384976333
-1.73943347956  696  835  834.941883142  2.17315725124  -0.025048796238
-1.73943347956  695  857  857.139389894  2.13479836613  -0.0110276258967
-1.73943347956  694  880  879.527423508  2.08358735647  -0.00292936648404
-1.73943347956  694  902  902.11097443  2.15294596866  0.0239530784316
-1.73943347956  693  925  924.986441051  2.17358768413  0.0175015225753
-1.73943347956  692  948  948.201339954  2.17799181957  0.0355960991883
-1.73943347956  691  972  971.611666931  2.23266833421  0.0142189895859
-1.73943347956  690  995  995.325549125  2.27246069974  0.0261964600728
-1.73943347956  689  1019  1019.29482539  2.37254905785  0.0299299300048
-1.56156347956  685  10  9.81099315804  1.71250087243  -0.0049691652562
-1.56156347956  686  24  23.8629171491  1.69591189157  0.0192257409703
-1.56156347956  687  38  38.0585991014  1.68991758006  0.0518455997963
-1.56156347956  688  52  52.380372303  1.63264745935  0.0657984987695
-1.56156347956  688  67  66.7624741737  1.73145892486  0.0405822431223
-1.56156347956  689  81  81.3452712145  1.71874850077  0.0357119978567
-1.56156347956  689  96  96.0531731594  1.77871051896  0.0714643855347
-1.56156347956  690  111  110.852685052  1.81481227076  0.0341927132418
-1.56156347956  691  126  125.810193814  1.80023712232  0.0348637773523
-1.56156347956  691  141  140.8965787  1.8089330848  0.0105405745005
-1.56156347956  692  156  156.119982804  1.79623391575  0.00245500385472
-1.56156347956  692  171  171.474492349  1.80452724194  -0.0100644064705
-1.56156347956  693  187  186.952681324  1.77175270668  -0.0214816574578
-1.56156347956  693  203  202.61273879  1.75272425633  -0.0211591849853
-1.56156347956  694  218  218.416270574  1.72541901786  0.0105597005087
-1.56156347956  694  234  234.348566285  1.70612968136  0.00560986100184
-1.56156347956  695  250  250.423777327  1.66834784249  0.0366386295802
-1.56156347956  695  267  266.619179718  1.70040208008  0.00849089651905
-1.56156347956  696  283  283.018923962  1.77617920355  0.0617612916069
-1.56156347956  696  300  299.541666894  1.75737797809  0.0447943128217
-1.56156347956  696  316  316.277006779  1.7812676628  0.0861632628057
-1.56156347956  697  333  333.092424815  1.82754964469  0.0626832499479
-1.56156347956  697  350  350.128950558  1.85694137523  0.0598285979897
-1.56156347956  697  367  367.281866129  1.8507574908  0.0248903542741
-1.56156347956  698  385  384.58398993  1.87672083291  0.00996474139279
-1.56156347956  698  402  402.120699202  1.85799882027  0.0290223216778
-1.56156347956  698  420  419.779284211  1.90880182095  0.00619676045502
-1.56156347956  698  438  437.644995832  1.88834620679  0.00142884315143
-1.56156347956  698  456  455.64502427  1.90716774013  -0.00515673171933
-1.56156347956  698  474  473.85984752  1.89676693767  -0.00960898143813
-1.56156347956  699  492  492.202984364  1.90465999226  -0.0113347766624
-1.56156347956  699  511  510.757138356  1.89604421386  -0.0206246112963
-1.56156347956  699  530  529.502762161  1.87376565638  -0.0106669809449
-1.56156347956  699  548  548.446824962  1.83441902206  0.00980041833041
-1.56156347956  699  568  567.536757531  1.85571251854  0.00389548688493
-1.56156347956  699  587  586.846783811  1.90162805003  0.0247098820303
-1.56156347956  699  606  606.375337987  1.87359797602  0.0562248365302
-1.56156347956  698  626  626.156204776  1.91475018812  0.0772903969587
-1.56156347956  698  646  646.059082452  1.96453566815  0.057867321456
-1.56156347956  698  666  666.16993334  1.98136382149  0.0635431819694
-1.56156347956  698  686  686.473341968  1.94848043195  0.0437035306342
-1.56156347956  697  707  707.081288862  2.02895878001  0.0742566527137
-1.56156347956  697  728  727.810328977  2.08091504304  0.025887103569
-1.56156347956  697  749  748.756572243  2.09332159463  0.00360419254919
-1.56156347956  696  770  770.069136354  2.13674812687  0.0168340103553
-1.56156347956  696  791  791.458552857  2.11429348862  -0.0205291870585
-1.56156347956  695  813  813.188741552  2.15171511589  -0.0153540432946
-1.56156347956  695  835  835.043753203  2.15442521188  -0.01620565128
-1.56156347956  694  857  857.216813606  2.1025727339  -0.0119051393107
-1.56156347956  694  880  879.533983403  2.17979370242  -0.0379898802408
-1.56156347956  693  902  902.194196251  2.13499371278  0.0145077708031
-1.56156347956  692  925  925.075987671  2.15300098247  0.0221435557482
-1.56156347956  691  948  948.295202421  2.18669172481  0.033919856151
-1.56156347956  690  972  971.718290232  2.25958637335  0.0170733677652
-1.56156347956  689  995  995.421188058  2.27387094293  0.0196333732712
-1.56156347956  688  1019  1019.38839984  2.34716799647  0.0180129751524
-1.38369347956  685  10  9.81623755641  1.7093267216  0.0128671017639
-1.38369347956  685  24  23.8663264688  1.70517300295  0.0262249793591
-1.38369347956  686  38  38.0542096054  1.67986057098  0.0452147865815
-1.38369347956  687  52  52.3784802405  1.61188503738  0.085705782053
-1.38369347956  687  67  66.7719264315  1.7114600046  0.0485905532766
-1.38369347956  688  81  81.3546389866  1.72515299822  0.0489746806516
-1.38369347956  689  96  96.0479504208  1.7868975839  0.0638591866746
-1.38369347956  689  111  110.863606537  1.79316841273  0.0387971459244
-1.38369347956  690  126  125.799195094  1.81878032048  0.0177367078863
-1.38369347956  690  141  140.906184445  1.81411597953  0.00567787857647
-1.38369347956  691  156  156.119791262  1.77644635077  -0.00092984750187
-1.38369347956  691  171  171.490074455  1.7917019697  -0.00360194259519
-1.38369347956  692  187  186.978994105  1.76709490056  -0.018849399035
-1.38369347956  692  203  202.631874373  1.76084403042  -0.0170601305661
-1.38369347956  693  218  218.423248384  1.70881900491  -0.0137496764564
-1.38369347956  693  234  234.374357076  1.69604134941  0.0108958759669
-1.38369347956  694  250  250.428664088  1.6452505002  0.0246255672391
-1.38369347956  694  267  266.647190402  1.71109692987  0.00433858235322
-1.38369347956  695  283  283.051202691  1.7635416836  0.0750496604988
-1.38369347956  695  300  299.569362608  1.76889598112  0.0416331737692
-1.38369347956  695  316  316.299671375  1.77672787261  0.0691413323321
-1.38369347956  696  333  333.119618272  1.82949555459  0.0523457911268
-1.38369347956  696  350  350.149224853  1.84594103842  0.0493973166647
-1.38369347956  696  367  367.311212714  1.82981882584  0.0173398697779
-1.38369347956  697  385  384.620244512  1.88111790996  0.00273589436144
-1.38369347956  697  402  402.154270264  1.86081517672  0.0250081019033
-1.38369347956  697  420  419.826150148  1.89931474631  0.0143662662254
-1.38369347956  697  438  437.690154124  1.90215290204  0.0111552333047
-1.38369347956  697  456  455.702436415  1.91977107129  -0.0112629751169
-1.38369347956  698  474  473.859775031  1.89651168953  -0.00986142262453
-1.38369347956  698  492  492.259254316  1.88106799801  -0.00653828536996
-1.38369347956  698  511  510.808479639  1.88367161426  -0.0227380953512
-1.38369347956  698  530  529.548413679  1.86038899529  -0.0270496218146
-1.38369347956  698  548  548.499798822  1.84643765559  0.0163508021536
-1.38369347956  698  568  567.595423242  1.85459855087  0.00321684483501
-1.38369347956  698  587  586.911154383  1.9142212998  0.0292471224973
-1.38369347956  698  606  606.421611742  1.85428830354  0.0396383299406
-1.38369347956  697  626  626.221711425  1.88866185873  0.0707849680656
-1.38369347956  697  646  646.12802424  1.94810125153  0.0659945111594
-1.38369347956  697  666  666.231771791  1.95712810389  0.0607303307649
-1.38369347956  697  687  686.54124836  1.97049365828  0.0353488316814
-1.38369347956  697  707  707.070915032  2.02822386234  0.0453076575859
-1.38369347956  696  728  727.901803223  2.08120735817  0.0422268690131
-1.38369347956  696  749  748.83843543  2.11358339198  0.0131232305105
-1.38369347956  695  770  770.150029111  2.12821447728  0.0218311099123
-1.38369347956  695  792  791.545173746  2.1271642298  -0.0151655569343
-1.38369347956  694  813  813.270161589  2.12287102066  -0.0253919959449
-1.38369347956  694  835  835.145216144  2.15531566723  -0.0174629376606
-1.38369347956  693  857  857.307430838  2.11816585514  -0.0123129051998
-1.38369347956  693  880  879.619574889  2.09013034819  -0.0125024621297
-1.38369347956  692  902  902.288605315  2.11709823318  0.0153983728106
-1.38369347956  691  925  925.193057061  2.13643755474  0.0303219250761
-1.38369347956  690  948  948.392354712  2.18119015138  0.0182233534819
-1.38369347956  689  972  971.839254105  2.26362011058  0.0247954637514
-1.38369347956  688  996  995.528124643  2.28381102387  0.0211221924373
-1.38369347956  687  1020  1019.50788844  2.34360863953  0.0171492114365
-1.20582347956  684  10  9.81061502519  1.70374094591  0.000563578238379
-1.20582347956  684  24  23.8707880089  1.68923870047  0.0207694334843
-1.20582347956  685  38  38.0586757875  1.67739069694  0.0390361745346
-1.20582347956  686  52  52.3810434636  1.61852086422  0.0689938598567
-1.20582347956  686  67  66.7831379535  1.71127993771  0.0497451238433
-1.20582347956  687  81  81.3727326922  1.73177597194  0.0579996898067
-1.20582347956  688  96  96.0585026474  1.77310198003  0.0619319342225
-1.20582347956  688  111  110.869219908  1.80431720105  0.0375269048661
-1.20582347956  689  126  125.826786189  1.81624714606  0.0292139048563
-1.20582347956  689  141  140.917422143  1.82110722584  0.00600834214577
-1.20582347956  690  156  156.145997652  1.78274211387  0.00342450645242
-1.20582347956  690  172  171.513162928  1.77677622487  0.0136713635423
-1.20582347956  691  187  187.008342521  1.77181004838  -0.0117873206694
-1.20582347956  691  203  202.651056055  1.7342357578  -0.015817295435
-1.20582347956  692  218  218.440479424  1.71115562206  -0.0105563063706
-1.20582347956  692  234  234.395255895  1.6897262626  0.0151409062667
-1.20582347956  693  250  250.457332386  1.64170334572  0.0267341320206
-1.20582347956  693  267  266.682122355  1.70271117752  0.0204671606072
-1.20582347956  694  283  283.073889081  1.78242467041  0.0653915811662
-1.20582347956  694  300  299.595356813  1.7525903714  0.0367456534817
-1.20582347956  694  316  316.336867232  1.77734962631  0.0574506761551
-1.20582347956  695  333  333.164018843  1.81266527101  0.0629648398357
-1.20582347956  695  350  350.200996534  1.83412168143  0.0626470053957
-1.20582347956  695  367  367.354130177  1.84128562866  0.0190863684002
-1.20582347956  696  385  384.655373128  1.88476623492  0.000935715694987
-1.20582347956  696  402  402.196032589  1.85830262032  0.021850608005
-1.20582347956  696  420  419.870434822  1.8957011406  0.00800352065718
-1.20582347956  696  438  437.734685466  1.88822152274  0.00750789739465
-1.20582347956  696  456  455.768012931  1.92923078696  0.00949409155576
-1.20582347956  697  474  473.920056602  1.9088429005  -0.000166166344935
-1.20582347956  697  492  492.32328463  1.86358043766  -0.00926748513768
-1.20582347956  697  511  510.866626212  1.87903005741  -0.0237030530573
-1.20582347956  697  530  529.605743615  1.85235679473  -0.0151423486355
-1.20582347956  697  549  548.546551237  1.83843363361  -0.0059455938111
-1.20582347956  697  568  567.642557103  1.88428427004  -0.00745141307931
-1.20582347956  697  587  586.971358156  1.92230277021  0.0350874005016
-1.20582347956  697  606  606.482375657  1.82967004781  0.0372492564353
-1.20582347956  697  626  626.221797119  1.88810042349  0.0705310086371
-1.20582347956  696  646  646.197689296  1.93824949398  0.0722208217632
-1.20582347956  696  666  666.286711303  1.9440789922  0.0445191810398
-1.20582347956  696  687  686.616173585  1.96213793164  0.0353018222792
-1.20582347956  696  707  707.153605747  2.03082155448  0.0478548680875
-1.20582347956  695  728  727.991950155  2.07341557026  0.0476642898183
-1.20582347956  695  749  748.948863691  2.10402507706  0.0266802402975
-1.20582347956  694  770  770.211174954  2.2233437595  0.0281044551357
-1.20582347956  694  792  791.616616523  2.12406210644  -0.0220094855295
-1.20582347956  694  813  813.312598695  2.18594549638  -0.0303432839975
-1.20582347956  693  835  835.241712474  2.14234368132  -0.00871640548526
-1.20582347956  692  857  857.404826498  2.14203933816  -0.0120278716888
-1.20582347956  692  880  879.719595226  2.10890748743  -0.0116011886094
-1.20582347956  691  902  902.401119013  2.11537654175  0.0272635297038
-1.20582347956  690  925  925.294918765  2.12255930692  0.027315829914
-1.20582347956  689  948  948.497521207  2.18151346289  0.0264091341128
-1.20582347956  688  972  971.943811575  2.26279486399  0.0264799555184
-1.20582347956  687  996  995.639047318  2.37402774954  0.0661617608956
-1.20582347956  686  1020  1019.62177823  2.34779919229  0.0238260033702
-1.02795347956  683  10  9.79971197729  1.7050324401  -0.00341755290829
-1.02795347956  683  24  23.876123383  1.68372880912  0.02284128246
-1.02795347956  684  38  38.0779033437  1.66902125929  0.0612039221901
-1.02795347956  685  52  52.3928345947  1.61389340828  0.0792184256204
-1.02795347956  685  67  66.7922962697  1.71368740901  0.0495680971206
-1.02795347956  686  81  81.3793209461  1.71664868151  0.0548336776516
-1.02795347956  687  96  96.0661364243  1.77054221963  0.0665038975374
-1.02795347956  687  111  110.882027334  1.78719475555  0.0393525710848
-1.02795347956  688  126  125.851352578  1.8189713477  0.0336304181671
-1.02795347956  688  141  140.937544275  1.80388339074  0.0186220772858
-1.02795347956  689  156  156.157140577  1.77945581809  -0.00122593744062
-1.02795347956  690  172  171.511190305  1.77801403834  -0.0192566009859
-1.02795347956  690  187  187.026107971  1.77491350695  -0.0103743938042
-1.02795347956  691  203  202.652195816  1.73998020673  -0.0161652442736
-1.02795347956  691  218  218.47736197  1.70357504763  0.0152223958978
-1.02795347956  691  234  234.405239215  1.67164498232  0.00584552033081
-1.02795347956  692  250  250.485904808  1.67402608174  0.0215325490321
-1.02795347956  692  267  266.707654864  1.70845630812  0.0190511956383
-1.02795347956  693  283  283.11471232  1.74037755059  0.0683954085664
-1.02795347956  693  300  299.629680994  1.76716453971  0.0425080352925
-1.02795347956  694  316  316.271057159  1.94779363385  -0.0687773652795
-1.02795347956  694  333  333.191926863  1.82539611987  0.0583425993095
-1.02795347956  694  350  350.232706199  1.83444588471  0.0581067848461
-1.02795347956  694  367  367.404601371  1.81520923758  0.0495783756042
-1.02795347956  695  385  384.697331622  1.86574921469  0.0125137613959
-1.02795347956  695  402  402.23574318  1.86134852459  0.0258649878137
-1.02795347956  695  420  419.91506345  1.89895286281  0.0231398178341
-1.02795347956  695  438  437.777149239  1.88709023478  0.00856798179015
-1.02795347956  696  456  455.758292292  1.92024867016  -0.0034442611802
-1.02795347956  696  474  473.98278543  1.90221354653  0.00341627673027
-1.02795347956  696  492  492.362960026  1.87044813871  -0.019121947022
-1.02795347956  696  511  510.921843988  1.90773231821  -0.0241708475861
-1.02795347956  696  530  529.667458492  1.86054510282  -0.0183276402488
-1.02795347956  696  549  548.605555371  1.85256923017  -0.00258269355432
-1.02795347956  696  568  567.708105023  1.85765512345  -0.0029146299263
-1.02795347956  696  587  587.048505792  1.93978384859  0.0499881244859
-1.02795347956  696  607  606.534777654  1.84423908034  0.0160663567999
-1.02795347956  696  626  626.285685703  1.89872551146  0.059646650325
-1.02795347956  695  646  646.277894666  1.91192976987  0.0775400503029
-1.02795347956  695  666  666.366933544  1.95319925317  0.0468422491118
-1.02795347956  695  687  686.662791151  1.97946985523  0.0213026065636
-1.02795347956  695  707  707.242969199  1.99973615648  0.0546492216551
-1.02795347956  694  728  728.085168907  2.07514796392  0.0523003716563
-1.02795347956  694  749  749.037315142  2.10751650028  0.0310910056584
-1.02795347956  694  770  770.232309747  2.12819162504  0.0129521297597
-1.02795347956  693  792  791.706723894  2.1224130607  -0.0176327041152
-1.02795347956  693  813  813.359309683  2.14848341334  -0.0292188706379
-1.02795347956  692  835  835.317163373  2.12549393432  -0.0172404620743
-1.02795347956  691  858  857.506888556  2.11927149831  -0.00943535262453
-1.02795347956  691  880  879.806903396  2.10963529653  -0.007701246131
-1.02795347956  690  902  902.481477057  2.09394844554  0.00724730965773
-1.02795347956  689  925  925.38698284  2.11673782321  0.0240399498099
-1.02795347956  688  949  948.579175024  2.18241189729  0.0024063742368
-1.02795347956  687  972  971.988886034  2.42731819617  0.024340463103
-1.02795347956  687  996  995.651721905  2.38146987777  -0.0207350147002
-1.02795347956  685  1020  1019.66735912  2.44758562787  0.00858002550955
-0.850083479561  682  10  9.81667742063  1.69216147344  0.000769065774489
-0.850083479561  682  24  23.8772039986  1.6773504467  0.0305893670084
-0.850083479561  683  38  38.0840449761  1.68253662767  0.0614262092519
-0.850083479561  684  52  52.3930505409  1.61912763791  0.077276960362
-0.850083479561  684  67  66.7971211695  1.68199583597  0.0600445105546
-0.850083479561  685  81  81.3801530033  1.70956902339  0.0486861196123
-0.850083479561  686  96  96.0807480109  1.77122901939  0.0644851649373
-0.850083479561  686  111  110.910799958  1.80667307698  0.0448879946625
-0.850083479561  687  126  125.865632411  1.80662995938  0.0391283188277
-0.850083479561  688  141  140.955285307  1.77271792625  0.0205738259953
-0.850083479561  688  156  156.176976015  1.76727557542  -0.00203560403634
-0.850083479561  689  172  171.531668477  1.80215040968  -0.00268208646203
-0.850083479561  689  187  187.055452457  1.76665491486  -0.00434858449547
-0.850083479561  690  203  202.667497386  1.74329181644  -0.0164899804401
-0.850083479561  690  218  218.489701143  1.70827743103  -0.00703425487225
-0.850083479561  691  234  234.408297315  1.68970573377  -0.000219984457413
-0.850083479561  691  251  250.513207659  1.65593220337  0.0207859389149
-0.850083479561  691  267  266.740490727  1.72358410316  0.0289625403844
-0.850083479561  692  283  283.145821585  1.73037392057  0.0724979224506
-0.850083479561  692  300  299.670807031  1.77061317772  0.0393660915798
-0.850083479561  693  316  316.336131576  1.81529665951  -0.129464118447
-0.850083479561  693  333  333.236253979  1.79541875197  0.061051837283
-0.850083479561  693  350  350.264640658  1.84168363094  0.0488128476549
-0.850083479561  694  367  367.398965434  1.84684721694  0.0184408926179
-0.850083479561  694  385  384.741028578  1.87847544884  0.0144800936029
-0.850083479561  694  402  402.279661091  1.85280370738  0.020567623486
-0.850083479561  694  420  419.987290901  1.90218086111  0.0584295996225
-0.850083479561  694  438  437.827661543  1.89780062287  0.0161742725889
-0.850083479561  695  456  455.805193298  1.89878950222  -0.00453936496442
-0.850083479561  695  474  474.093986497  1.8527249963  0.147826245711
-0.850083479561  695  492  492.410937893  1.85837833798  -0.0104371908669
-0.850083479561  695  511  510.995652602  1.91639435502  -0.0102068948973
-0.850083479561  695  530  529.721801409  1.87647000259  -0.0207582608215
-0.850083479561  695  549  548.654370112  1.83594768509  -0.0088596819402
-0.850083479561  695  568  567.76139783  1.85177210104  -0.00176803643896
-0.850083479561  695  587  587.105834466  1.9206692657  0.0415770471387
-0.850083479561  695  607  606.616470413  1.87369877513  0.0305133683978
-0.850083479561  695  626  626.361276848  1.88418023749  0.0656909719805
-0.850083479561  694  646  646.326877731  1.98135745852  0.0754946218607
-0.850083479561  694  666  666.449970726  1.94613816128  0.0511065380963
-0.850083479561  694  687  686.758840493  2.00243846235  0.0264788160112
-0.850083479561  694  707  707.316625217  1.97870439326  0.0505840322358
-0.850083479561  693  728  728.145057357  2.06044537711  0.0473678799941
-0.850083479561  693  749  749.124643  2.10763666829  0.0374575937105
-0.850083479561  693  770  770.322612895  2.12216177949  0.0122633746086
-0.850083479561  692  792  791.797006217  2.15615570089  -0.0135343395055
-0.850083479561  692  813  813.44187442  2.13798873936  -0.0322421633192
-0.850083479561  691  835  835.400514359  2.10737026865  -0.0283164309946
-0.850083479561  690  858  857.605088104  2.18614693236  0.0244535196006
-0.850083479561  690  880  879.922607294  2.09719757847  0.00604394891762
-0.850083479561  689  903  902.580147762  2.09521258641  0.0160620643425
-0.850083479561  688  925  925.47845725  2.11902678505  0.0107612591421
-0.850083479561  687  949  948.699893862  2.27675896923  0.0660012254255
-0.850083479561  687  972  972.036746109  2.33830398471  -0.0120123665274
-0.850083479561  686  996  995.725739389  2.27894778225  -0.00977673946746
-0.850083479561  685  1020  1019.78625697  2.50975975887  0.00502912282277
-0.672213479561  681  10  9.81904861847  1.70693396202  0.00569762350944
-0.672213479561  682  24  23.8835241744  1.69232198771  0.0306564667179
-0.672213479561  682  38  38.0881820355  1.67436777661  0.0570033304313
-0.672213479561  683  52  52.3973903213  1.63270611243  0.0721912026209
-0.672213479561  684  67  66.8038622406  1.69970792321  0.0381685147241
-0.672213479561  684  81  81.3939213224  1.70965016104  0.061029993733
-0.672213479561  685  96  96.0863499665  1.75811614742  0.0627990762771
-0.672213479561  685  111  110.92362522  1.7970071466  0.0518813661889
-0.672213479561  686  126  125.880139263  1.79510653019  0.0371433681437
-0.672213479561  687  141  140.955616176  1.79184222631  0.0184260163783
-0.672213479561  687  156  156.208403374  1.77259974583  0.0121282972916
-0.672213479561  688  172  171.547708874  1.80081059105  -0.000333357698831
-0.672213479561  688  187  187.072605233  1.78995387875  -0.00726664367368
-0.672213479561  689  203  202.695220887  1.73759274925  -0.0153520359322
-0.672213479561  689  219  218.515819492  1.68936081475  -0.00879613466241
-0.672213479561  690  234  234.434973534  1.68147736242  -0.000895075844203
-0.672213479561  690  251  250.542183604  1.67142948086  0.0191479572664
-0.672213479561  691  267  266.738310371  1.70671589673  0.00521934643602
-0.672213479561  691  283  283.171903152  1.74444354049  0.0794571604668
-0.672213479561  691  300  299.710253114  1.76858449071  0.0525774374484
-0.672213479561  692  316  316.368466273  1.74745179014  0.018539774295
-0.672213479561  692  333  333.271184892  1.80861118193  0.0567188984011
-0.672213479561  692  350  350.302443694  1.83894433651  0.0447469664526
-0.672213479561  693  367  367.440275717  1.83133841502  0.0249541398382
-0.672213479561  693  385  384.777683524  1.8775274048  0.00996645375613
-0.672213479561  693  402  402.326696501  1.85525961849  0.0236072759562
-0.672213479561  693  420  420.027547119  1.90585126206  0.0290002037583
-0.672213479561  694  438  437.827408804  1.89729708371  0.0143492578899
-0.672213479561  694  456  455.871900259  1.8975109406  0.0123810698473
-0.672213479561  694  474  474.120007247  1.8782001117  0.054074327534
-0.672213479561  694  492  492.464851739  1.8668951037  -0.0202384427429
-0.672213479561  694  511  511.053438811  1.9012277184  -0.0100554703377
-0.672213479561  694  530  529.780287426  1.88550694811  -0.01290912774
-0.672213479561  694  549  548.720956663  1.85958634399  -0.0040710797975
-0.672213479561  694  568  567.842837673  1.89480817358  0.00908925354757
-0.672213479561  694  587  587.175257221  1.89680870651  0.0457933889845
-0.672213479561  694  607  606.679838509  1.90711247801  0.0253091075216
-0.672213479561  694  626  626.406595521  1.88453899834  0.0397762830843
-0.672213479561  694  646  646.342659185  1.90825208603  0.0632295155899
-0.672213479561  693  667  666.517339595  1.94949274659  0.0374705092937
-0.672213479561  693  687  686.844038088  2.00547476123  0.0360122484555
-0.672213479561  693  707  707.388263563  1.98081099269  0.0378127760239
-0.672213479561  692  728  728.211698182  2.14105486941  0.0512855335703
-0.672213479561  692  749  749.208554211  2.07723022372  0.0377018918267
-0.672213479561  692  770  770.413908144  2.11552195571  0.0194289306149
-0.672213479561  691  792  791.895032374  2.16261524976  -0.013124364089
-0.672213479561  691  814  813.537833201  2.13187437749  -0.0265357309537
-0.672213479561  690  835  835.487792024  2.1025392372  -0.0249582739889
-0.672213479561  690  858  857.59917377  2.20977418394  -0.046881656304
-0.672213479561  689  880  880.026041537  2.11534053521  0.00930018395293
-0.672213479561  688  903  902.68381103  2.12462819849  0.00400190144622
-0.672213479561  687  926  925.586145699  2.12558014149  0.0102381974624
-0.672213479561  687  949  948.720635471  2.3403281014  -0.0109612672001
-0.672213479561  686  972  972.163449213  2.27711913575  0.034107656274
-0.672213479561  685  996  995.876913712  2.28032155586  0.0232819578977
-0.672213479561  684  1020  1019.85119527  2.36293413878  0.0193291500189
-0.494343479561  680  10  9.82778967797  1.70915012755  0.00869730041275
-0.494343479561  681  24  23.9036310769  1.69548564261  0.0407866076767
-0.494343479561  681  38  38.1056924438  1.66425315387  0.0713050674257
-0.494343479561  682  52  52.407227738  1.61898523736  0.0693696503094
-0.494343479561  683  67  66.8264721864  1.7014508125  0.0612839489059
-0.494343479561  683  81  81.3990862228  1.7079603932  0.0482828948894
-0.494343479561  684  96  96.110288086  1.75703573624  0.0632093266409
-0.494343479561  684  111  110.924677253  1.7684365713  0.0449105269931
-0.494343479561  685  126  125.899046213  1.80041364118  0.0400064084323
-0.494343479561  686  141  140.971710468  1.79064405915  0.00977480311176
-0.494343479561  686  156  156.226010561  1.76199893555  0.00561044343213
-0.494343479561  687  172  171.568104864  1.80148795331  -0.000944716979262
-0.494343479561  687  187  187.105799766  1.78426860919  -0.00514537262616
-0.494343479561  688  203  202.718656869  1.73244522643  -0.0194174821163
-0.494343479561  688  219  218.54528001  1.70862420459  -0.00363138563827
-0.494343479561  689  234  234.479828306  1.68263222161  0.0080118713249
-0.494343479561  689  251  250.574726319  1.67270756708  0.00748791317344
-0.494343479561  690  267  266.771094806  1.72050185932  0.0169802813856
-0.494343479561  690  283  283.214707189  1.74481000906  0.0839897159489
-0.494343479561  690  300  299.749250774  1.78401967965  0.0498661714739
-0.494343479561  691  316  316.433137365  1.74030771779  0.0517080694477
-0.494343479561  691  333  333.305908299  1.79357512922  0.045823730656
-0.494343479561  691  350  350.348502378  1.82250968263  0.0457625182502
-0.494343479561  692  367  367.494583845  1.84637161759  0.0248052533139
-0.494343479561  692  385  384.826557884  1.8887091478  0.00863119028632
-0.494343479561  692  402  402.35562327  1.8348720424  0.00615944203065
-0.494343479561  692  420  420.072807747  1.90988050541  0.0239875891937
-0.494343479561  693  438  437.885937575  1.90095929114  0.0207439856592
-0.494343479561  693  456  455.921865442  1.90054379233  0.00965329504068
-0.494343479561  693  474  474.159236111  1.90524287978  0.0121814298899
-0.494343479561  693  493  492.518518905  1.87427906239  -0.0199282879366
-0.494343479561  693  511  511.129394624  1.89510675883  0.00284387454417
-0.494343479561  693  530  529.844078045  1.88851509676  -0.0121256387982
-0.494343479561  693  549  548.785174404  1.86807304771  0.00223358651523
-0.494343479561  693  568  567.920657413  1.90432618808  0.0197185491545
-0.494343479561  693  587  587.255670385  1.88768468323  0.0500258499989
-0.494343479561  693  607  606.744072425  1.9056204869  0.0261276080142
-0.494343479561  693  626  626.470305552  1.88530947959  0.036060644375
-0.494343479561  693  646  646.404614256  1.91051518827  0.0470263202027
-0.494343479561  692  667  666.598675614  1.95678512867  0.0396320037179
-0.494343479561  692  687  686.93548716  2.01301572074  0.0473320235727
-0.494343479561  692  707  707.460204338  1.99095206692  0.033025736422
-0.494343479561  692  728  728.233406376  2.04336944752  0.0428055676166
-0.494343479561  691  749  749.300950162  2.05105775847  0.0291130846512
-0.494343479561  691  770  770.49405557  2.11218860255  0.00804084768571
-0.494343479561  690  792  791.992785151  2.14014455744  -0.00195830389704
-0.494343479561  690  814  813.630190638  2.14087480094  -0.0290132740474
-0.494343479561  689  836  835.56843789  2.12179187231  -0.0486495995302
-0.494343479561  689  858  857.688515205  2.10878295822  -0.0223518249274
-0.494343479561  688  880  880.137786001  2.11488714719  0.0140018072237
-0.494343479561  687  903  902.795811168  2.1713136224  0.0032811449178
-0.494343479561  686  926  925.6966088  2.13928676552  0.0113374759729
-0.494343479561  686  949  948.801527908  2.21704167188  0.0157471929739
-0.494343479561  685  972  972.290955802  2.23151477223  0.0453205893343
-0.494343479561  684  996  995.997895519  2.28284099499  0.0299936794358
-0.494343479561  683  1020  1019.98767931  2.40480262428  0.0211859347168
-0.316473479561  679  10  9.83573766307  1.68449520313  0.00782456196002
-0.316473479561  680  24  23.9118242576  1.69602565979  0.032631189593
-0.316473479561  680  38  38.1047224251  1.65693486264  0.0588602821084
-0.316473479561  681  52  52.4183349599  1.60681881425  0.0689680120289
-0.316473479561  682  67  66.8406646594  1.69947139704  0.0646682874613
-0.316473479561  682  81  81.4133175316  1.70514903465  0.0467106352053
-0.316473479561  683  96  96.1181742917  1.73580241982  0.058638671352
-0.316473479561  684  111  110.937237452  1.79760882026  0.0289915170477
-0.316473479561  684  126  125.913052209  1.79662390928  0.0388076865101
-0.316473479561  685  141  141.003623416  1.80314517728  0.0171721528907
-0.316473479561  685  156  156.25038639  1.77131876077  0.00809619457904
-0.316473479561  686  172  171.590889312  1.7909005079  -0.00754231625219
-0.316473479561  686  187  187.129061274  1.76995681228  -0.0019649852161
-0.316473479561  687  203  202.741534507  1.74684821225  -0.0157571011369
-0.316473479561  687  219  218.580242184  1.70959529308  0.00193415721125
-0.316473479561  688  234  234.494537514  1.69831848153  -0.00614950997068
-0.316473479561  688  251  250.607889617  1.68349455043  0.0178479532942
-0.316473479561  689  267  266.799485008  1.7252568656  0.0149267864761
-0.316473479561  689  283  283.2609493  1.73697152283  0.0800364252819
-0.316473479561  689  300  299.78966773  1.79608088204  0.0545901247168
-0.316473479561  690  316  316.47442706  1.73887474354  0.0572451462244
-0.316473479561  690  333  333.351631245  1.78507813241  0.0534683349407
-0.316473479561  690  350  350.39314532  1.79500807898  0.0627239839074
-0.316473479561  691  368  367.531079929  1.86576371221  0.0191147801328
-0.316473479561  691  385  384.892085016  1.88259160357  0.0270197896433
-0.316473479561  691  402  402.417291825  1.86334828578  0.0163763387107
-0.316473479561  691  420  420.13503773  1.89947476182  0.0410533951614
-0.316473479561  692  438  437.944592003  1.90033267782  0.0187610282592
-0.316473479561  692  456  455.977694007  1.89916342862  0.00795325949094
-0.316473479561  692  474  474.206899441  1.90381470307  0.00450318421612
-0.316473479561  692  493  492.576523614  1.88182588263  -0.0168563375153
-0.316473479561  692  511  511.175451271  1.91544150302  -0.000866559720198
-0.316473479561  692  530  529.908968383  1.89764375716  -0.0139146268116
-0.316473479561  692  549  548.837850107  1.89864598033  -0.010032467971
-0.316473479561  692  568  567.990170363  1.9113537318  0.0270626895781
-0.316473479561  692  587  587.327539664  1.87687961227  0.0465821469719
-0.316473479561  692  607  606.827194304  1.91391648379  0.0408190728052
-0.316473479561  692  627  626.54189702  1.88009562865  0.0203934301991
-0.316473479561  692  646  646.478866392  1.91034915022  0.0363174846429
-0.316473479561  691  667  666.627923829  1.99890797065  0.0309820238373
-0.316473479561  691  687  687.024619821  2.02797780713  0.0535848375661
-0.316473479561  691  708  707.551773457  1.99078804635  0.0410128016975
-0.316473479561  691  728  728.325534207  2.0239623057  0.050079956689
-0.316473479561  690  749  749.395667167  2.07446732828  0.0348029122718
-0.316473479561  690  771  770.565774214  2.11741412539  -0.00294327003981
-0.316473479561  689  792  792.101817321  2.16629482549  0.0130407310549
-0.316473479561  689  814  813.723802422  2.15413902842  -0.0269499042474
-0.316473479561  688  836  835.681057688  2.15122218805  -0.0362825724153
-0.316473479561  688  858  857.767704754  2.11564593084  -0.0310102207059
-0.316473479561  687  880  880.248227037  2.09831919347  0.0220008392127
-0.316473479561  686  903  902.910745621  2.1845692979  0.0185791809313
-0.316473479561  685  926  925.730351707  2.25837397641  -0.0066216010493
-0.316473479561  685  949  948.916824289  2.20643186424  0.0177209139579
-0.316473479561  684  972  972.386152129  2.21355792839  0.0201777249202
-0.316473479561  683  996  996.124679502  2.28525244445  0.0395163344123
-0.316473479561  682  1020  1020.10582028  2.38589016002  0.027755530416
-0.138603479561  678  10  9.8359294769  1.68854830124  0.00595578705764
-0.138603479561  679  24  23.9066894608  1.68698053457  0.036077689189
-0.138603479561  679  38  38.1116878783  1.65958497754  0.052165761437
-0.138603479561  680  52  52.4296031505  1.60557565118  0.0670172880334
-0.138603479561  681  67  66.8614459183  1.696480459  0.0650187172871
-0.138603479561  681  81  81.4333138215  1.7174268391  0.0432530690861
-0.138603479561  682  96  96.1339269031  1.73488642319  0.0592673359094
-0.138603479561  683  111  110.959356274  1.78314056189  0.0503574049358
-0.138603479561  683  126  125.934618383  1.7856657009  0.0414277212904
-0.138603479561  684  141  141.027115855  1.79286533614  0.0178342348534
-0.138603479561  684  156  156.273184931  1.76340532789  0.00363369128386
-0.138603479561  685  172  171.62123839  1.78063021602  -0.000243146081792
-0.138603479561  685  187  187.152465714  1.76982032303  -0.00478295977231
-0.138603479561  686  203  202.775763758  1.74419504485  -0.00414435532549
-0.138603479561  686  219  218.60011301  1.71266524076  -0.00139233574134
-0.138603479561  687  235  234.538169327  1.69021897684  0.000413200072035
-0.138603479561  687  251  250.632993759  1.69505443703  0.00528949333772
-0.138603479561  688  267  266.845813656  1.73049384825  0.0295157329496
-0.138603479561  688  283  283.294844604  1.70979308053  0.0792816359205
-0.138603479561  689  300  299.786949815  1.78142370967  0.0320449244726
-0.138603479561  689  317  316.51247468  1.75187846641  0.0433863993575
-0.138603479561  689  333  333.400553378  1.81051615249  0.0464052219142
-0.138603479561  690  350  350.386550538  1.81742138813  0.0396568058123
-0.138603479561  690  368  367.569147824  1.86218620592  0.0101800239272
-0.138603479561  690  385  384.947096307  1.87866117006  0.029840582791
-0.138603479561  690  402  402.469561523  1.85318952208  0.0127122121717
-0.138603479561  691  420  420.126242154  1.90501271304  0.0267425367147
-0.138603479561  691  438  437.999085366  1.89594737208  0.022496989263
-0.138603479561  691  456  456.039941591  1.8950551204  0.0167428631771
-0.138603479561  691  474  474.263871352  1.89764925047  0.00669234585764
-0.138603479561  691  493  492.636193581  1.88845407785  -0.0122378556015
-0.138603479561  691  511  511.251447627  1.90319095127  0.00415095616702
-0.138603479561  691  530  529.998620308  1.89300052121  0.00979563622339
-0.138603479561  691  549  548.928585384  1.90185668052  0.00916225543777
-0.138603479561  691  568  568.077985733  1.87688235401  0.0422434080464
-0.138603479561  691  587  587.389632346  1.85921231171  0.0293540813622
-0.138603479561  691  607  606.9083957  1.94473461188  0.0352180585778
-0.138603479561  691  627  626.620358204  1.91829904308  0.0294353145741
-0.138603479561  691  647  646.551654356  1.91028698741  0.0309813473376
-0.138603479561  691  667  666.672272729  1.96400989106  0.0425638667147
-0.138603479561  690  687  687.10542824  2.02507194167  0.0573576530071
-0.138603479561  690  708  707.63130654  2.00081893727  0.0266644806461
-0.138603479561  690  728  728.401774118  2.02330610897  0.040088017857
-0.138603479561  689  749  749.478752373  2.06547868387  0.027976934064
-0.138603479561  689  771  770.652892653  2.12974004337  -0.0055473694699
-0.138603479561  688  792  792.203191352  2.13244133448  0.0112764702178
-0.138603479561  688  814  813.819775128  2.16099694867  -0.0274130413909
-0.138603479561  687  836  835.790279163  2.1363475735  -0.0223445383197
-0.138603479561  687  858  857.880862237  2.13026319118  -0.0202013286518
-0.138603479561  686  880  880.348441749  2.07848947199  0.0244134997134
-0.138603479561  685  903  903.036659916  2.13744163673  0.0312192415561
-0.138603479561  685  926  925.805567022  2.17844905117  -0.00958693356854
-0.138603479561  684  949  949.056746854  2.22136546842  0.0345876713201
-0.138603479561  683  973  972.51193933  2.2120679803  0.0295230690279
-0.138603479561  682  996  996.244562557  2.27331470059  0.0386058300023
-0.138603479561  681  1020  1020.22850642  2.39566113305  0.0341597583513
0.0392665204392  677  10  9.84918340968  1.68153841697  0.0230261805819
0.0392665204392  678  24  23.9179931958  1.68016788806  0.0387342993959
0.0392665204392  679  38  38.1294849458  1.64272637267  0.0654876885991
0.0392665204392  679  52  52.4369731191  1.62490045267  0.064259346603
0.0392665204392  680  67  66.8579798269  1.70555036637  0.0575919569659
0.0392665204392  680  81  81.4329260895  1.70290579014  0.0387094514744
0.0392665204392  681  96  96.1617848773  1.73622890117  0.0609817920062
0.0392665204392  682  111  110.975695551  1.77781810458  0.0421337635661
0.0392665204392  682  126  125.964416519  1.78178084554  0.0492126494272
0.0392665204392  683  141  141.041152837  1.78150018333  0.0104905636282
0.0392665204392  683  156  156.309711147  1.76951183617  0.0190498438315
0.0392665204392  684  172  171.638528092  1.7751722386  -0.00249045521516
0.0392665204392  684  187  187.162793015  1.73894530682  -0.003847555476
0.0392665204392  685  203  202.799894229  1.73777290632  -0.0187115683106
0.0392665204392  685  219  218.63275605  1.68090479338  0.00730956795573
0.0392665204392  686  235  234.562451991  1.68413788248  0.000305728206792
0.0392665204392  686  251  250.658967  1.70765816863  0.00486422494923
0.0392665204392  687  267  266.895904441  1.74661790628  0.0373018188833
0.0392665204392  687  283  283.333446075  1.70799803897  0.0760867820471
0.0392665204392  688  300  299.841083246  1.79948459345  0.0583145500244
0.0392665204392  688  317  316.551238473  1.77404905858  0.04951314112
0.0392665204392  688  333  333.439510107  1.81735103465  0.0479755444654
0.0392665204392  689  350  350.429501638  1.8061408355  0.0292494838241
0.0392665204392  689  368  367.632964119  1.87501811414  0.0288826964275
0.0392665204392  689  385  384.997472181  1.87422472144  0.0319488894323
0.0392665204392  689  403  402.521841969  1.86870865612  0.0156230485572
0.0392665204392  690  420  420.176044508  1.88563688734  0.0203025306907
0.0392665204392  690  438  438.070330088  1.8944957166  0.033040202293
0.0392665204392  690  456  456.095782581  1.90029058227  0.0107016363123
0.0392665204392  690  474  474.329075147  1.87919730157  0.00368117041129
0.0392665204392  690  493  492.696206338  1.880981418  -0.0103235027855
0.0392665204392  690  511  511.300801183  1.90584493336  -0.00196000087913
0.0392665204392  690  530  530.071797731  1.88992197973  0.0176762748462
0.0392665204392  690  549  549.011100441  1.91094882857  0.022351624827
0.0392665204392  690  568  568.151991527  1.88021344312  0.0497057922353
0.0392665204392  690  587  587.467688212  1.85433202846  0.0433179802282
0.0392665204392  690  607  607.00274942  1.94693873676  0.0600089459164
0.0392665204392  690  627  626.684494785  1.92261515584  0.0246084131193
0.0392665204392  690  647  646.621079822  1.9412917895  0.0237438698365
0.0392665204392  690  667  666.753041966  1.97048813126  0.0340225783532
0.0392665204392  689  687  687.199491696  2.01214028727  0.0527774621111
0.0392665204392  689  708  707.718681003  2.00223109438  0.0338689136799
0.0392665204392  689  728  728.492836169  2.03457443209  0.0342341986072
0.0392665204392  688  750  749.560526776  2.07999356654  0.0233842766174
0.0392665204392  688  771  770.763526264  2.12995048363  0.00959910534449
0.0392665204392  688  792  792.25179437  2.19816153104  0.0163752791334
0.0392665204392  687  814  813.9312166  2.18268824262  -0.00640156529185
0.0392665204392  686  836  835.897332264  2.14551925338  -0.0122886650064
0.0392665204392  686  858  857.992371811  2.11052396319  -0.00847618766637
0.0392665204392  685  880  880.469156265  2.05520864129  0.027543678817
0.0392665204392  684  903  903.135951655  2.14164474725  0.0348457201626
0.0392665204392  684  926  925.930118972  2.17105909118  0.0244444374692
0.0392665204392  683  949  949.183088799  2.19959334686  0.0449823880592
0.0392665204392  682  973  972.610363116  2.22979872887  0.00015323169143
0.0392665204392  681  996  996.364589789  2.27144306623  0.030857499399
0.0392665204392  680  1020  1020.34158604  2.37745469623  0.0386840746014
0.217136520439  676  10  9.86155303299  1.68217653003  0.0199959436417
0.217136520439  677  24  23.9252841994  1.68219839137  0.0311654186538
0.217136520439  678  38  38.1397022258  1.65875665894  0.0655256229529
0.217136520439  678  52  52.4437209877  1.60580652988  0.0604727140229
0.217136520439  679  67  66.8825856008  1.70997756529  0.0613807585272
0.217136520439  680  81  81.4523299742  1.6901003099  0.0289703695438
0.217136520439  680  96  96.1882947202  1.73283061645  0.0613278310274
0.217136520439  681  111  110.995319517  1.76727983502  0.0496183307619
0.217136520439  681  126  125.994738723  1.78076310362  0.054796638424
0.217136520439  682  141  141.071381447  1.77242865027  0.0131909257461
0.217136520439  682  156  156.319471359  1.74996403824  0.0207204934775
0.217136520439  683  172  171.676602714  1.78974546936  0.0140071223288
0.217136520439  684  187  187.183852684  1.77605228396  -0.0122653762095
0.217136520439  684  203  202.836887009  1.75575248467  -0.0132528124485
0.217136520439  685  219  218.630707031  1.69942013017  -0.00986973065557
0.217136520439  685  235  234.583016801  1.68780021598  -0.00374284243518
0.217136520439  685  251  250.706240844  1.71472625932  0.0212169845409
0.217136520439  686  267  266.941820294  1.75116199365  0.0447822205991
0.217136520439  686  283  283.373023975  1.71756574544  0.074238666983
0.217136520439  687  300  299.881852137  1.79765395653  0.0583202208549
0.217136520439  687  317  316.59176023  1.77445888845  0.0387414566841
0.217136520439  687  333  333.47770723  1.81442983616  0.0427656680649
0.217136520439  688  350  350.46163895  1.81845564496  0.0244541436316
0.217136520439  688  368  367.688625758  1.87127055257  0.041440140355
0.217136520439  688  385  385.041230996  1.89532114047  0.0115999887123
0.217136520439  688  403  402.57783866  1.88588152093  0.0186988101471
0.217136520439  689  420  420.232965371  1.87127345722  0.0199577522876
0.217136520439  689  438  438.12625502  1.89456348421  0.0338725336579
0.217136520439  689  456  456.157205989  1.89418908877  0.017523014477
0.217136520439  689  474  474.382297651  1.88456793227  0.00343125631599
0.217136520439  689  493  492.762485985  1.88893822091  -0.00883099476902
0.217136520439  689  511  511.35942764  1.87848577775  -0.00364460670627
0.217136520439  689  530  530.148742883  1.89989165666  0.0317546510368
0.217136520439  689  549  549.094779658  1.89826874099  0.0306673759548
0.217136520439  689  568  568.223683947  1.86525391111  0.0459543297261
0.217136520439  689  588  587.522361383  1.87624707447  0.0176465081661
0.217136520439  689  607  607.082204792  1.92821875341  0.0623264653557
0.217136520439  689  627  626.774465713  1.93483812755  0.0310767025173
0.217136520439  689  647  646.700042718  1.94912656352  0.0205566548428
0.217136520439  689  667  666.830555658  1.98008615181  0.036639084055
0.217136520439  688  687  687.283939828  1.99389440653  0.0605127291752
0.217136520439  688  708  707.812957967  2.05768072602  0.0387146316585
0.217136520439  688  729  728.57029434  2.0320557393  0.0234457239351
0.217136520439  687  750  749.649360801  2.08882480748  0.0172574648616
0.217136520439  687  771  770.861820591  2.13418512434  0.0194610887533
0.217136520439  687  792  792.300105001  2.11866122646  0.00456807500346
0.217136520439  686  814  814.032625298  2.13644043248  -0.00731705653563
0.217136520439  685  836  835.933969086  2.27437371151  -0.018486459961
0.217136520439  685  858  858.106940412  2.10235436544  0.0018321945513
0.217136520439  684  881  880.543081314  2.06840655816  -0.0092141193175
0.217136520439  683  903  903.206902815  2.27423777838  0.0462108175632
0.217136520439  683  926  926.051298029  2.15269525436  0.0348034142971
0.217136520439  682  949  949.291638947  2.19863024115  0.0427592178271
0.217136520439  681  973  972.739413388  2.26171941659  0.0121765151992
0.217136520439  680  996  996.457413578  2.25086599899  0.0162335919225
0.217136520439  679  1020  1020.49267263  2.44383045015  0.0554332945061
0.395006520439  675  10  9.8809666722  1.70600018718  0.0268345614152
0.395006520439  676  24  23.9548533808  1.68615688391  0.0396916672712
0.395006520439  677  38  38.1410883142  1.65825767005  0.0633647242434
0.395006520439  677  52  52.4665127494  1.60301359937  0.063094606205
0.395006520439  678  67  66.9121324529  1.70686772819  0.0660867198317
0.395006520439  679  81  81.4744851394  1.71469256582  0.0462242952724
0.395006520439  679  96  96.2015601581  1.74371754266  0.051207676467
0.395006520439  680  111  111.014580762  1.77404396746  0.0448503307529
0.395006520439  680  126  126.026926843  1.77887296799  0.0590192516927
0.395006520439  681  141  141.095853438  1.77114116718  0.0128450488027
0.395006520439  682  156  156.325770307  1.77259785139  0.00682548647951
0.395006520439  682  172  171.710119803  1.79602234826  0.0227679316336
0.395006520439  683  187  187.218784993  1.77580902227  0.00408039319105
0.395006520439  683  203  202.870057797  1.75542603323  -0.00741114607424
0.395006520439  684  219  218.660795061  1.72339582113  -0.00616951228852
0.395006520439  684  235  234.61421198  1.69686133568  -0.00973726656143
0.395006520439  685  251  250.704552879  1.69863935529  0.00200960200447
0.395006520439  685  267  266.984438679  1.74686329997  0.0375095295499
0.395006520439  685  283  283.414110615  1.70247738105  0.0743027051582
0.395006520439  686  300  299.925532636  1.78681192093  0.0689935989093
0.395006520439  686  317  316.643632802  1.7860608165  0.0513081383143
0.395006520439  686  334  333.512394779  1.81090803903  0.0280483966432
0.395006520439  687  351  350.519848686  1.82771077376  0.0382850720969
0.395006520439  687  368  367.740283582  1.87400828954  0.0398935802307
0.395006520439  687  385  385.087741771  1.89611619169  -0.00798661618531
0.395006520439  688  403  402.577462125  1.87770679701  0.0143799677382
0.395006520439  688  420  420.282698525  1.8497269418  0.02197134522
0.395006520439  688  438  438.177371873  1.87167815073  0.0299534450475
0.395006520439  688  456  456.221144417  1.87619099911  0.0194143754174
0.395006520439  688  474  474.446294886  1.88279426732  0.00779557558676
0.395006520439  688  493  492.833443618  1.90710781833  0.00346341995513
0.395006520439  688  511  511.429155917  1.86488640193  -0.00485804459728
0.395006520439  688  530  530.208025647  1.87590234556  0.0254600118411
0.395006520439  688  549  549.158111999  1.86949898448  0.0311922402278
0.395006520439  688  568  568.302288131  1.84650573388  0.0518886709864
0.395006520439  688  588  587.59726474  1.90343853559  0.0118218185944
0.395006520439  688  607  607.16405451  1.920725434  0.0709610260763
0.395006520439  688  627  626.864397949  1.94062421215  0.038915680223
0.395006520439  688  647  646.787057416  1.9819723099  0.0259399439138
0.395006520439  688  667  666.924298129  1.99652117392  0.043009820052
0.395006520439  688  687  687.268817091  2.02680618018  0.0216111338333
0.395006520439  687  708  707.916111253  2.0423278519  0.0574525175276
0.395006520439  687  729  728.656649532  2.03824462651  0.0253632548939
0.395006520439  687  750  749.66020875  2.16882689928  -0.00826828315788
0.395006520439  686  771  770.967641572  2.15467517314  0.0220328924889
0.395006520439  686  792  792.391885659  2.1088636858  0.00872539357117
0.395006520439  685  814  814.156627536  2.13885428533  0.00837161940409
0.395006520439  685  836  835.9959106  2.16099639694  -0.0442355820706
0.395006520439  684  858  858.221846688  2.0939076361  0.0121327547332
0.395006520439  683  881  880.64471052  2.11320990093  -0.00267194361697
0.395006520439  683  903  903.237082338  2.17084282398  -0.0232094231433
0.395006520439  682  926  926.161973571  2.15372871834  0.0380434764579
0.395006520439  681  949  949.396084752  2.17420872317  0.0323990331335
0.395006520439  680  973  972.859238796  2.2804074981  0.0226175461718
0.395006520439  679  997  996.590939622  2.26033636293  0.0251726249304
0.395006520439  678  1021  1020.65443069  2.46759422801  0.106129509599
0.572876520439  674  10  9.90246776314  1.6987402359  0.0327288109173
0.572876520439  675  24  23.963603379  1.66554453231  0.0355719433458
0.572876520439  676  38  38.1580095202  1.67150907225  0.0622669325689
0.572876520439  676  52  52.4829659355  1.62967512341  0.0622715246819
0.572876520439  677  67  66.9320771176  1.693953559  0.0685275452991
0.572876520439  678  81  81.4877645784  1.71723852106  0.0461578475408
0.572876520439  678  96  96.2283308395  1.72079031476  0.0617412020352
0.572876520439  679  111  111.046718125  1.7641045628  0.0522967289926
0.572876520439  680  126  126.052179871  1.73026777168  0.0916887565987
0.572876520439  680  141  141.126528742  1.78049786685  0.0150881944965
0.572876520439  681  156  156.360860515  1.78456297945  0.0217399539009
0.572876520439  681  172  171.733152138  1.78284029442  0.00960556664737
0.572876520439  682  187  187.247403252  1.76672466644  -0.0041868433384
0.572876520439  682  203  202.899901984  1.75487291327  -0.012101397296
0.572876520439  683  219  218.705114046  1.72715719671  0.0102916301637
0.572876520439  683  235  234.661805867  1.69759692708  0.00294338173871
0.572876520439  684  251  250.732715022  1.73628481513  0.00064042367351
0.572876520439  684  267  267.030478836  1.73817873957  0.0565443398667
0.572876520439  684  283  283.432468172  1.69787628788  0.0517652293724
0.572876520439  685  300  299.969151301  1.77952243918  0.0739744120088
0.572876520439  685  317  316.685541971  1.80274291248  0.0393080432684
0.572876520439  686  334  333.563978671  1.79552324436  0.0490857201688
0.572876520439  686  351  350.56357209  1.82701161423  0.0255491097197
0.572876520439  686  368  367.795030643  1.8845374042  0.0475706963946
0.572876520439  686  385  385.163825579  1.87264077403  0.03043731368
0.572876520439  687  403  402.633864863  1.87394136896  0.0222331791868
0.572876520439  687  420  420.358457345  1.86914898413  0.0310729987516
0.572876520439  687  438  438.240922464  1.86612510971  0.0366785459079
0.572876520439  687  456  456.286312119  1.87569078201  0.0246558579892
0.572876520439  687  475  474.506507844  1.8787261102  0.014193053357
0.572876520439  687  493  492.90691425  1.90277687709  0.00569377376739
0.572876520439  687  512  511.505107822  1.87120220726  0.000274270362267
0.572876520439  688  530  530.208002699  1.87598513529  0.02534318591
0.572876520439  688  549  549.158111999  1.86949898448  0.0311922402278
0.572876520439  687  568  568.370560532  1.82032051605  0.0525953651916
0.572876520439  687  588  587.668689002  1.89700899283  0.00562728415045
0.572876520439  687  607  607.249184825  1.88453045988  0.0783716295754
0.572876520439  687  627  626.962220929  1.93160098595  0.0595520675709
0.572876520439  687  647  646.874756621  1.97530038332  0.04095722591
0.572876520439  687  667  667.024056224  1.99326222309  0.0629453917393
0.572876520439  687  687  687.369042467  1.98475167911  0.055211568047
0.572876520439  686  708  708.003522583  2.05535975443  0.0616371983602
0.572876520439  686  729  728.753521932  2.06985855526  0.0296695295063
0.572876520439  686  750  749.739345527  2.0874528422  0.0271000164379
0.572876520439  685  771  771.058206955  2.14376678205  0.0225365269821
0.572876520439  685  792  792.496265168  2.12976360924  0.00726664222118
0.572876520439  684  814  814.239021164  2.13995922631  -0.000739064011704
0.572876520439  684  836  836.132114742  2.12930517344  0.0084826254071
0.572876520439  683  858  858.336916234  2.10421936485  0.0202164325642
0.572876520439  682  881  880.749494307  2.13253804004  -0.00604857674262
0.572876520439  682  903  903.368484458  2.09495026889  0.0337493698039
0.572876520439  681  926  926.280801458  2.11480140299  0.0342708521802
0.572876520439  680  950  949.525349596  2.18233901624  0.0444248924165
0.572876520439  679  973  972.977702387  2.26231406383  0.0265995019989
0.572876520439  678  997  996.714268354  2.29176626009  0.0268920649186
0.572876520439  677  1021  1020.83866114  2.48141317488  0.154132187298
0.750746520439  673  10  9.90414767881  1.6830000953  0.0307680738853
0.750746520439  674  24  23.9847517195  1.68845180427  0.0417865136174
0.750746520439  675  38  38.1903587772  1.63252695568  0.0789647793225
0.750746520439  675  52  52.4937424374  1.61313131588  0.0598908236283
0.750746520439  676  67  66.95200108  1.69881254613  0.0744068145652
0.750746520439  677  82  81.5069972847  1.71172582581  0.0474821595078
0.750746520439  677  96  96.241178774  1.7272085904  0.0548877845348
0.750746520439  678  111  111.061026174  1.75789914225  0.0505414803153
0.750746520439  679  126  126.059431581  1.7586669619  0.0777730340396
0.750746520439  679  141  141.146117934  1.79097272288  0.0143852623862
0.750746520439  680  156  156.381588886  1.75897684698  0.00833877401479
0.750746520439  680  172  171.766143103  1.771580052  0.0165126325095
0.750746520439  681  187  187.295968589  1.76407421611  0.0188646991875
0.750746520439  681  203  202.950745778  1.74976047803  -0.00711147808548
0.750746520439  682  219  218.732957987  1.73601205043  -0.00721391665287
0.750746520439  682  235  234.703128804  1.69901149889  0.00251467634487
0.750746520439  683  251  250.776554307  1.7381774753  0.0115495021272
0.750746520439  683  267  267.073613267  1.7387128297  0.0593979892269
0.750746520439  683  283  283.456609305  1.6763910664  0.0487074901045
0.750746520439  684  300  300.020895589  1.77543930177  0.0830154799642
0.750746520439  684  317  316.721370975  1.8157977242  0.0349782414907
0.750746520439  685  334  333.581475598  1.82222725094  0.0435556145366
0.750746520439  685  351  350.622871916  1.84908948238  0.028502700917
0.750746520439  685  368  367.847793768  1.87270649668  0.0503403300423
0.750746520439  685  385  385.22066128  1.86399092059  0.0338104639705
0.750746520439  686  403  402.690621142  1.89075286682  0.0239234939562
0.750746520439  686  420  420.397864259  1.85902209836  0.0164259229382
0.750746520439  686  438  438.2933704  1.86987258362  0.0253079995619
0.750746520439  686  456  456.337391518  1.86799144955  0.0189679272783
0.750746520439  686  475  474.555667161  1.89627911357  -0.00263042357062
0.750746520439  686  493  492.981195525  1.91684594025  0.0148667558423
0.750746520439  687  512  511.505107822  1.87120220726  0.000274270362267
0.750746520439  687  530  530.289373182  1.87306135335  0.0353009156243
0.750746520439  687  549  549.234576834  1.87562347522  0.0318426648465
0.750746520439  687  568  568.369740262  1.8292125163  0.047265313835
0.750746520439  686  588  587.707126404  1.93063398893  0.000300234359801
0.750746520439  686  607  607.324306824  1.87844551975  0.0685810551976
0.750746520439  686  627  627.059001225  1.95664060857  0.0703916931125
0.750746520439  686  647  646.967229902  1.97849152195  0.0517836741028
0.750746520439  686  667  667.104459738  1.97115494028  0.0584404331421
0.750746520439  686  687  687.439269405  1.971103186  0.0443276481808
0.750746520439  685  708  708.096986401  2.03572341125  0.0705970505803
0.750746520439  685  729  728.856632975  2.08177974983  0.036596132923
0.750746520439  685  750  749.83720726  2.11568013658  0.0280613478669
0.750746520439  684  771  771.159434746  2.13194813835  0.0228644330483
0.750746520439  684  793  792.5788625  2.15238918068  -0.0102331068764
0.750746520439  683  814  814.361361988  2.13114645481  0.00951426857725
0.750746520439  683  836  836.242655276  2.11205300363  0.00580460981134
0.750746520439  682  858  858.43959579  2.09801720704  0.00607976665482
0.750746520439  681  881  880.869355728  2.14740675509  0.000460652293522
0.750746520439  681  903  903.483146508  2.10590644264  0.0361331168749
0.750746520439  680  926  926.381881516  2.11099991842  0.0247867007753
0.750746520439  679  950  949.650684793  2.20230940588  0.0327536880034
0.750746520439  678  973  973.102160896  2.26282565725  0.0283231808282
0.750746520439  677  997  996.845603948  2.31468450197  0.0326857120952
0.750746520439  676  1021  1020.97710489  2.36933889112  0.205022757911
0.928616520439  673  10  9.91986277205  1.68495258644  0.0331809824652
0.928616520439  673  24  24.0072185152  1.68392640477  0.0484647275945
0.928616520439  674  38  38.2097932903  1.62126225169  0.0712222115436
0.928616520439  675  52  52.496786261  1.59430743174  0.0400216429874
0.928616520439  675  67  66.9680152947  1.69583212747  0.0697730073882
0.928616520439  676  82  81.5389606292  1.7162034768  0.0463409506704
0.928616520439  676  96  96.2749263984  1.70690078554  0.0671709748934
0.928616520439  677  111  111.088151255  1.74907437443  0.0418502134134
0.928616520439  678  126  126.069751455  1.76243678329  0.0542582521517
0.928616520439  678  141  141.168093239  1.77573150413  0.0109993754017
0.928616520439  679  156  156.411074319  1.76565012133  0.0201798562532
0.928616520439  679  172  171.809107794  1.79088161235  0.0269942369485
0.928616520439  680  187  187.326058589  1.77166958078  0.0199886971944
0.928616520439  680  203  202.991732017  1.7573080033  -0.000209850154333
0.928616520439  681  219  218.782794278  1.74117964907  0.00896487301443
0.928616520439  681  235  234.732033766  1.7127693792  -0.00612840817394
0.928616520439  682  251  250.828190042  1.7457299206  0.0180087979142
0.928616520439  682  267  267.124002006  1.73799280472  0.0648466558489
0.928616520439  683  283  283.46937558  1.68767315655  0.0464063797398
0.928616520439  683  300  300.082480842  1.76864646049  0.0985375252292
0.928616520439  683  317  316.770419665  1.81264345852  0.0393987656008
0.928616520439  684  334  333.624435094  1.82767416216  0.0430315160779
0.928616520439  684  351  350.670806327  1.8472589465  0.0378705588675
0.928616520439  684  368  367.917679068  1.88285960382  0.0595721204534
0.928616520439  685  385  385.228744638  1.81369095775  0.0232215710756
0.928616520439  685  403  402.756366878  1.88418836568  0.0359646892317
0.928616520439  685  420  420.452172081  1.84978083428  0.0133031439614
0.928616520439  685  438  438.354769448  1.86263361963  0.0172748875718
0.928616520439  685  456  456.406947493  1.86694580861  0.00839762483253
0.928616520439  685  475  474.641902854  1.89568702103  0.0158568560582
0.928616520439  686  493  492.981055472  1.91677964676  0.0141155183858
0.928616520439  686  512  511.562261172  1.88684563054  -0.00410495916008
0.928616520439  686  530  530.340275848  1.85033432912  0.0218582727518
0.928616520439  686  549  549.309233334  1.88860414821  0.0340524349334
0.928616520439  686  568  568.43865663  1.83816074602  0.0351781892196
0.928616520439  686  588  587.747077784  1.89450371762  0.0167729853121
0.928616520439  685  607  607.387109195  1.87126538483  0.051714123142
0.928616520439  685  627  627.138623623  1.9258492563  0.0684615658535
0.928616520439  685  647  647.063720716  1.9807218042  0.0528635575989
0.928616520439  685  667  667.205733401  1.95593676802  0.0675452367234
0.928616520439  685  688  687.517638017  1.97596021319  0.0296346304155
0.928616520439  684  708  708.193294993  2.03708622639  0.0675471074088
0.928616520439  684  729  728.960107017  2.09552597798  0.0453992445878
0.928616520439  684  750  749.951059266  2.11955918891  0.0459134889514
0.928616520439  683  771  771.280370003  2.12733444126  0.0357984536521
0.928616520439  683  793  792.689406916  2.14598148215  0.000962645413483
0.928616520439  682  814  814.448943474  2.10399850416  -0.0134890063914
0.928616520439  682  836  836.352247723  2.11507529717  0.0114173800257
0.928616520439  681  859  858.533379489  2.09929037181  -0.0117026935594
0.928616520439  680  881  881.010893649  2.16355310075  0.0521458795409
0.928616520439  680  904  903.586554704  2.11497102481  0.0256415235318
0.928616520439  679  927  926.513737732  2.09892190545  0.0286837802417
0.928616520439  678  950  949.763533246  2.21696761909  0.0342993789997
0.928616520439  677  973  973.2399468  2.23630714697  0.0408582340856
0.928616520439  676  997  996.968407741  2.31480349456  0.0405140224077
0.928616520439  675  1021  1021.13888243  2.2983132341  0.271358376279
1.10648652044  672  10  9.93067916261  1.68254611159  0.0338467506364
1.10648652044  672  24  24.0177096256  1.67530492211  0.0502650549625
1.10648652044  673  38  38.2333087555  1.63524206151  0.0775761811419
1.10648652044  674  53  52.5184986008  1.63035118806  0.0433968809235
1.10648652044  674  67  66.9964273552  1.69922697744  0.0791799100492
1.10648652044  675  82  81.5520173929  1.72587853468  0.042231794413
1.10648652044  676  96  96.2772618262  1.67687285454  0.0421811855757
1.10648652044  676  111  111.120466219  1.75027571824  0.0481183965617
1.10648652044  677  126  126.099175438  1.76466072816  0.0526045110479
1.10648652044  677  141  141.210784833  1.76952651959  0.0183292235848
1.10648652044  678  156  156.434574418  1.76302226013  0.00544547333915
1.10648652044  678  172  171.836908218  1.77738336404  0.0281003497175
1.10648652044  679  187  187.351839863  1.76066103029  0.00184329295971
1.10648652044  679  203  203.034111769  1.74455330017  -0.00153168038393
1.10648652044  680  219  218.821283436  1.73953883996  0.00601347999154
1.10648652044  680  235  234.768994195  1.72296730216  -0.00857869386873
1.10648652044  681  251  250.871958523  1.74520097233  0.0198451907429
1.10648652044  681  267  267.174273665  1.73144301805  0.0645532507038
1.10648652044  682  284  283.512542117  1.69116568718  0.0337462817655
1.10648652044  682  300  300.132847726  1.75189273549  0.0992039974289
1.10648652044  682  317  316.833075969  1.80132177202  0.0565944706697
1.10648652044  683  334  333.675686272  1.84592954893  0.0432808203878
1.10648652044  683  351  350.729752186  1.83616831135  0.045114848807
1.10648652044  683  368  367.961797475  1.88225455225  0.0546030304492
1.10648652044  684  385  385.266135317  1.85467314389  0.0251987476911
1.10648652044  684  403  402.815828268  1.88092438314  0.0312047438268
1.10648652044  684  421  420.518066903  1.87098231943  0.0110732165841
1.10648652044  684  438  438.414172152  1.8790781662  0.0163198516523
1.10648652044  684  456  456.474022753  1.8689208087  0.00890399028374
1.10648652044  685  475  474.661135037  1.86666024139  0.0073381296562
1.10648652044  685  493  493.048608093  1.88571807266  0.00736819659816
1.10648652044  685  512  511.630146204  1.89444441883  -0.0032923984488
1.10648652044  685  530  530.428767804  1.84522974172  0.0298750895013
1.10648652044  685  549  549.373577483  1.84766283033  0.0267190773373
1.10648652044  685  569  568.518672651  1.83149771898  0.0297633275809
1.10648652044  685  588  587.847167983  1.91199240128  0.0382927896521
1.10648652044  685  607  607.387010856  1.87248095531  0.0503688471022
1.10648652044  684  627  627.223027891  1.91954388514  0.0763551523017
1.10648652044  684  647  647.167663052  1.94080293356  0.0727510496786
1.10648652044  684  667  667.29216677  1.95638377219  0.0668651799976
1.10648652044  684  688  687.614691167  1.98446864321  0.0298694800478
1.10648652044  683  708  708.262444864  2.15726356784  0.0769854760703
1.10648652044  683  729  729.071258125  2.07663885277  0.0538235422307
1.10648652044  683  750  750.049384457  2.13247792929  0.0443917617138
1.10648652044  682  771  771.360613726  2.12829975496  0.0175723711928
1.10648652044  682  793  792.802855326  2.14902803398  0.0075100787848
1.10648652044  681  815  814.567018557  2.10935318439  -0.00831856618154
1.10648652044  681  836  836.437883219  2.09081864629  -0.00632642472229
1.10648652044  680  859  858.644327985  2.09283028048  -0.0130717421074
1.10648652044  680  881  881.050354189  2.25620529833  0.0193326016322
1.10648652044  679  904  903.68103639  2.13406297112  0.0153806545373
1.10648652044  678  927  926.618938179  2.11191401877  0.0170681349423
1.10648652044  677  950  949.894234455  2.20976755797  0.0359150957921
1.10648652044  676  973  973.368870269  2.23317383198  0.0346432914242
1.10648652044  675  997  997.116947929  2.30077496871  0.0493470813907
1.10648652044  674  1021  1021.32541036  2.14467725231  0.37402986606
1.28435652044  671  10  9.93913271306  1.69217894761  0.0304282469059
1.28435652044  671  24  24.0407403396  1.67082259975  0.0455284163682
1.28435652044  672  38  38.2495756023  1.62191692148  0.083772233942
1.28435652044  673  53  52.5358309555  1.6287173359  0.0500466297612
1.28435652044  673  67  67.0306002367  1.70026774452  0.0855037537722
1.28435652044  674  82  81.5754167823  1.72975742395  0.0411459932966
1.28435652044  675  96  96.2910823449  1.71674660305  0.0506355503076
1.28435652044  675  111  111.149437136  1.76176377598  0.0405710308435
1.28435652044  676  126  126.121742461  1.77570145561  0.0481135880806
1.28435652044  676  141  141.244022622  1.76569932285  0.00940412038421
1.28435652044  677  156  156.481066673  1.77163448296  0.0163787654709
1.28435652044  677  172  171.890242241  1.77442350367  0.0340007466457
1.28435652044  678  187  187.392026472  1.76668471708  0.00252752614216
1.28435652044  678  203  203.052732906  1.71246155613  0.000593347842608
1.28435652044  679  219  218.844930318  1.7579825718  -0.00376353228061
1.28435652044  679  235  234.819148289  1.72643913528  -0.00212941395302
1.28435652044  680  251  250.909881128  1.75820183719  0.026404174034
1.28435652044  680  267  267.201375947  1.72684088375  0.0529929475541
1.28435652044  681  284  283.557419356  1.71520796439  0.0313386173346
1.28435652044  681  300  300.182842778  1.74639827626  0.109806604204
1.28435652044  681  317  316.885544291  1.81708192731  0.0535028609106
1.28435652044  682  334  333.740945487  1.8484150275  0.0560973181471
1.28435652044  682  351  350.77997943  1.8551095214  0.0375171535459
1.28435652044  682  368  368.038160999  1.88203873611  0.0556573357886
1.28435652044  683  385  385.334136973  1.85003395482  0.0285836016618
1.28435652044  683  403  402.878876453  1.88435028566  0.0363941969032
1.28435652044  683  421  420.581409961  1.86808612333  0.0183149493698
1.28435652044  683  438  438.480376391  1.88426261308  0.0181735711292
1.28435652044  683  457  456.526677428  1.88023545646  0.0249311548093
1.28435652044  684  475  474.698618167  1.91487167817  0.00343018198938
1.28435652044  684  493  493.132164693  1.89725455824  0.0189963955503
1.28435652044  684  512  511.693455164  1.9070363362  -0.0119865441819
1.28435652044  684  530  530.497841192  1.84272927533  0.0208183432767
1.28435652044  684  549  549.447621651  1.8458974064  0.0207489962378
1.28435652044  684  569  568.585314956  1.85031628942  0.0184616761548
1.28435652044  684  588  587.92863729  1.91642738967  0.0423842201691
1.28435652044  684  607  607.465174786  1.8682149618  0.0391252666726
1.28435652044  683  627  627.310005304  1.88191119309  0.0681843259017
1.28435652044  683  647  647.262764292  1.94822984186  0.0720809998763
1.28435652044  683  667  667.377128521  1.95549996797  0.0621451749884
1.28435652044  683  688  687.712229583  2.01666953966  0.0333057628154
1.28435652044  683  708  708.296588643  1.99734365413  0.0609743084545
1.28435652044  682  729  729.162234288  2.06106837989  0.0495295639802
1.28435652044  682  750  750.177659294  2.10267355569  0.0515991338362
1.28435652044  681  771  771.472939472  2.14808369242  0.0226432146826
1.28435652044  681  793  792.909326132  2.13632707776  0.00906911082026
1.28435652044  680  815  814.672121207  2.12087093118  -0.0170989997723
1.28435652044  680  837  836.544333691  2.1006894672  -0.0136474155999
1.28435652044  679  859  858.755070138  2.11101411165  -0.00760487841561
1.28435652044  679  881  881.123297653  2.1421654504  0.0212971709712
1.28435652044  678  904  903.800855841  2.16218071365  0.0125771910081
1.28435652044  677  927  926.73759476  2.12899090195  0.0201084445076
1.28435652044  676  950  950.044771235  2.22702462426  0.0536778683064
1.28435652044  675  973  973.484918971  2.23195473914  0.0254374812636
1.28435652044  674  997  997.258769866  2.3015118342  0.046880330105
1.28435652044  673  1021  1021.44616849  1.97917162973  0.453044711347
1.46222652044  670  10  9.96368307606  1.69592228363  0.0374966223354
1.46222652044  670  24  24.0589687971  1.67046715048  0.0501728656442
1.46222652044  671  38  38.2626380983  1.60260788091  0.0722488989022
1.46222652044  672  53  52.5558214507  1.63109002456  0.0501684726004
1.46222652044  672  67  67.0641613468  1.67665871687  0.104570601024
1.46222652044  673  82  81.5988802539  1.73592895875  0.0399512032764
1.46222652044  674  96  96.3200708236  1.70559181096  0.0533678947861
1.46222652044  674  111  111.178339711  1.75117164341  0.0386967403641
1.46222652044  675  126  126.160598111  1.76898461281  0.0488959226661
1.46222652044  675  141  141.276701703  1.77020835956  0.00367047429352
1.46222652044  676  156  156.502278851  1.77504111736  0.00767819912663
1.46222652044  677  172  171.896331938  1.75108001062  0.029851978386
1.46222652044  677  187  187.430946661  1.77719462451  0.00781751090958
1.46222652044  678  203  203.063652686  1.75541905706  -0.0253299754512
1.46222652044  678  219  218.898927702  1.75336173542  0.00653056549898
1.46222652044  678  235  234.847769293  1.69057692847  0.00575775183326
1.46222652044  679  251  250.963537617  1.73498154925  0.0314566821571
1.46222652044  679  267  267.256863971  1.70917910521  0.0551528205237
1.46222652044  680  284  283.610235611  1.72683683382  0.0400519794748
1.46222652044  680  300  300.234420424  1.7365021655  0.101428500665
1.46222652044  681  317  316.915452082  1.7869757785  0.0648524300154
1.46222652044  681  334  333.796502878  1.84414852606  0.0564741051409
1.46222652044  681  351  350.837844783  1.8483662769  0.0421567460408
1.46222652044  681  368  368.107412402  1.86438434367  0.0686498538239
1.46222652044  682  385  385.401871673  1.84704799918  0.0307120670366
1.46222652044  682  403  402.939443604  1.90978062685  0.0280268344762
1.46222652044  682  421  420.641423494  1.87939821559  0.0201414245801
1.46222652044  682  439  438.548214494  1.88787678132  0.0110356317026
1.46222652044  683  457  456.576509178  1.86232557404  0.0443495917728
1.46222652044  683  475  474.771098155  1.91051962541  0.00479736658124
1.46222652044  683  493  493.205221069  1.90271803344  0.0113078317851
1.46222652044  683  512  511.7749237  1.90205775188  -0.0121762275786
1.46222652044  683  531  530.57265171  1.84496948476  0.00761581241649
1.46222652044  683  550  549.526554766  1.85421166359  0.0145441358269
1.46222652044  683  569  568.66819772  1.85929207827  0.0238563909432
1.46222652044  683  588  588.020932346  1.9059142221  0.0505079915153
1.46222652044  683  608  607.550838948  1.90322524341  0.02885096164
1.46222652044  683  627  627.309715671  1.88388968094  0.0662661299576
1.46222652044  682  647  647.344540406  1.93020691272  0.0646444992979
1.46222652044  682  667  667.476130122  1.94605107912  0.0503333417038
1.46222652044  682  688  687.813549997  2.03102477612  0.0368054285088
1.46222652044  682  708  708.397993051  1.98990174814  0.0570512793702
1.46222652044  681  729  729.250514132  2.05570171277  0.039833223831
1.46222652044  681  750  750.275453969  2.06972112684  0.0442815593628
1.46222652044  680  772  771.585684608  2.23036866903  0.0649139378146
1.46222652044  680  793  793.026672562  2.17342360214  0.0127721023041
1.46222652044  679  815  814.703480316  2.22390436557  -0.0245033978214
1.46222652044  679  837  836.661151657  2.13757304185  -0.00971198528644
1.46222652044  678  859  858.869806486  2.14042515641  -0.00719350873804
1.46222652044  678  881  881.238044486  2.1133319214  0.0138281337807
1.46222652044  677  904  903.951425242  2.16167872458  0.0309539779852
1.46222652044  676  927  926.856714157  2.15363883915  0.0182127094275
1.46222652044  675  950  950.174170506  2.22959980893  0.063736459477
1.46222652044  674  974  973.615634551  2.24993749497  0.0245976818484
1.46222652044  673  997  997.411326986  2.28159926927  0.0727684422959
1.46222652044  672  1021  1021.55903228  1.81065122283  0.584647660359
1.64009652044  669  10  9.99127743578  1.67998524467  0.0452280742806
1.64009652044  670  24  24.0749306839  1.63668240971  0.0483397862459
1.64009652044  670  38  38.2796570937  1.60635092675  0.0616479835357
1.64009652044  671  53  52.5769508177  1.63450547888  0.036139383248
1.64009652044  671  67  67.0679206715  1.66847399461  0.0833495078891
1.64009652044  672  82  81.6286015256  1.73512008303  0.0425527218629
1.64009652044  673  96  96.3476216814  1.70871815728  0.0509726842783
1.64009652044  673  111  111.203200066  1.73257335236  0.0287230274
1.64009652044  674  126  126.189021543  1.75845064972  0.0407882695747
1.64009652044  674  141  141.29294166  1.74661765609  0.00787370218393
1.64009652044  675  157  156.540465678  1.76981436432  0.0198228941885
1.64009652044  676  172  171.91753714  1.75787246811  0.0211888395404
1.64009652044  676  187  187.463713767  1.78173195208  0.00513919024491
1.64009652044  677  203  203.122727197  1.73708852444  0.00227687302827
1.64009652044  677  219  218.935072276  1.75625127776  -0.00200022965339
1.64009652044  678  235  234.858897967  1.7376302655  -0.00395035310681
1.64009652044  678  251  251.000469212  1.72937590695  0.0228042356954
1.64009652044  678  267  267.315497038  1.68966572967  0.0656825298794
1.64009652044  679  284  283.659078253  1.73713131058  0.0318106057393
1.64009652044  679  300  300.298147454  1.72266160091  0.103209816077
1.64009652044  680  317  316.947842213  1.82342907765  0.0617897300428
1.64009652044  680  334  333.855459714  1.85725529507  0.0746818196692
1.64009652044  680  351  350.915723708  1.85531509397  0.0568081234828
1.64009652044  681  368  368.130922721  1.80565212805  0.0701790436944
1.64009652044  681  385  385.449945864  1.85378515863  0.0192282612384
1.64009652044  681  403  403.011865077  1.8919594563  0.032607216968
1.64009652044  681  421  420.713263529  1.89078566985  0.0216297843989
1.64009652044  681  439  438.616104177  1.88566480389  0.0130023654925
1.64009652044  682  457  456.609009283  1.8824644506  0.0178741030936
1.64009652044  682  475  474.845494724  1.9168402043  0.000500035830894
1.64009652044  682  493  493.288865605  1.91009196629  0.0151332333733
1.64009652044  682  512  511.867399808  1.91822252691  -0.00121485579268
1.64009652044  682  531  530.646697304  1.86638018281  0.0106387976752
1.64009652044  682  550  549.584013384  1.86241377646  -0.00500383057556
1.64009652044  682  569  568.745957406  1.89463324254  0.0146519954655
1.64009652044  682  588  588.111016309  1.90424781215  0.0517575377864
1.64009652044  682  608  607.647441596  1.89952617056  0.0298233414335
1.64009652044  682  627  627.380979616  1.87071053531  0.0481743675288
1.64009652044  681  647  647.426723878  1.9329058648  0.0624977360621
1.64009652044  681  668  667.567053125  1.95197558533  0.045740331308
1.64009652044  681  688  687.92392968  2.02796110751  0.0540169968199
1.64009652044  681  708  708.488090967  1.98543520894  0.0491580348144
1.64009652044  680  729  729.380200041  2.05522699655  0.0513025126213
1.64009652044  680  750  750.378797419  2.06465084683  0.039867137088
1.64009652044  680  772  771.580514508  2.13296679244  0.0078177840672
1.64009652044  679  793  793.153238374  2.15283613589  0.0243769889553
1.64009652044  679  815  814.788402411  2.14366460626  -0.00475107439225
1.64009652044  678  837  836.766696407  2.14420704541  -0.01309991561
1.64009652044  677  859  859.011987073  2.1311113522  0.0117715995918
1.64009652044  677  881  881.367142085  2.09638592551  0.0241277094445
1.64009652044  676  904  904.103693477  2.14186474198  0.0500964585541
1.64009652044  675  927  927.002208112  2.17590335277  0.0229378474286
1.64009652044  674  950  950.311655942  2.19146639126  0.0670091958375
1.64009652044  673  974  973.774605007  2.34099534394  0.0899299628576
1.64009652044  673  997  997.45073797  2.36818967584  0.0380773598305
1.81796652044  668  10  10.0091021165  1.6793497053  0.039382884603
1.81796652044  669  24  24.086619032  1.66091224892  0.048879699545
1.81796652044  669  38  38.3146067945  1.57635377444  0.0729708466245
1.81796652044  670  53  52.5990422929  1.64086830343  0.0355793742522
1.81796652044  671  67  67.0760366681  1.68763878996  0.0656856094785
1.81796652044  671  82  81.6590171495  1.73906736158  0.0587137147551
1.81796652044  672  96  96.3753389661  1.7191142123  0.0404233407881
1.81796652044  672  111  111.239523775  1.75294658607  0.0277489211376
1.81796652044  673  126  126.226676191  1.74908401403  0.0311715159233
1.81796652044  674  141  141.310648271  1.77841993014  0.00220933927146
1.81796652044  674  157  156.571560832  1.75995560596  0.00926086901353
1.81796652044  675  172  171.959184927  1.76180948273  0.0224725443558
1.81796652044  675  187  187.490982494  1.76515374051  -0.00119826450748
1.81796652044  676  203  203.154197159  1.74432630849  -7.75523472848e-05
1.81796652044  676  219  218.987605778  1.75715463952  0.00376357088814
1.81796652044  677  235  234.917703262  1.72841029022  0.00313573700227
1.81796652044  677  251  251.069665676  1.74565428069  0.0325579856535
1.81796652044  677  267  267.347616153  1.66855708773  0.0675111569786
1.81796652044  678  284  283.717680209  1.75620000334  0.0345443834907
1.81796652044  678  300  300.334809294  1.7225703434  0.0819862029412
1.81796652044  679  317  317.006245896  1.80115614956  0.0695902804038
1.81796652044  679  334  333.921357954  1.86151648357  0.0712336188515
1.81796652044  679  351  350.972395881  1.85966139072  0.0578102490571
1.81796652044  680  368  368.165584133  1.84499366858  0.0605675329531
1.81796652044  680  385  385.500906085  1.86344425089  0.00575881791646
1.81796652044  680  403  403.085718591  1.88211865857  0.0403530764004
1.81796652044  680  421  420.776745501  1.90382715591  0.0169571352512
1.81796652044  680  439  438.684708122  1.90010571287  0.0128818094663
1.81796652044  681  457  456.676261042  1.8978260916  0.015576048254
1.81796652044  681  475  474.918737561  1.92436246474  0.00380048334292
1.81796652044  681  493  493.353532556  1.87865707596  0.00740550780846
1.81796652044  681  512  511.957153328  1.91256150119  0.00282454502259
1.81796652044  681  531  530.716161128  1.86342366078  0.00495030190692
1.81796652044  681  550  549.671965509  1.87354274304  0.000492267316541
1.81796652044  681  569  568.825436728  1.91346994626  0.0193162183293
1.81796652044  681  588  588.219002343  1.85397648706  0.0767511589996
1.81796652044  681  608  607.734538338  1.92729257371  0.0368939148648
1.81796652044  681  627  627.46468715  1.88102951515  0.0360379485214
1.81796652044  680  648  647.537117021  2.06948275622  0.115846804067
1.81796652044  680  668  667.656257076  1.99739836893  0.0307684194521
1.81796652044  680  688  688.028709231  2.01483630689  0.0587949028118
1.81796652044  680  709  708.582900335  2.00649571032  0.0508419919738
1.81796652044  679  729  729.475440306  2.04660238038  0.0352673561388
1.81796652044  679  750  750.463840942  2.06246409291  0.0364900837016
1.81796652044  679  772  771.680294834  2.11831314947  0.0186771579358
1.81796652044  678  793  793.250555126  2.12488393705  0.0146460689438
1.81796652044  678  815  814.892757203  2.16263717555  -0.00426662034414
1.81796652044  677  837  836.895714799  2.16796334789  -0.00349580092079
1.81796652044  676  859  859.143826142  2.13704717418  0.0219154409499
1.81796652044  676  881  881.483291656  2.07755353784  0.023618341802
1.81796652044  675  904  904.228530501  2.1315332639  0.0585261459613
1.81796652044  674  927  927.146655266  2.15022301974  0.0371976935731
1.81796652044  673  950  950.427754153  2.15301739303  0.0647496817708
1.81796652044  673  974  973.81891793  2.45722179305  0.00995446892884
1.81796652044  672  998  997.521949604  2.41799835012  -0.00702269384933
1.99583652044  667  10  10.0368068592  1.67798554667  0.0358135171724
1.99583652044  668  24  24.1166329012  1.65047706086  0.061324719885
1.99583652044  668  38  38.3424020513  1.58506675877  0.0707162916843
1.99583652044  669  53  52.6313141976  1.65232939944  0.0436144915831
1.99583652044  670  67  67.1085275488  1.67731277282  0.0817416117087
1.99583652044  670  82  81.698867255  1.74429489489  0.0594182377131
1.99583652044  671  96  96.4032751994  1.72832820545  0.037839778159
1.99583652044  671  111  111.247208471  1.71306429808  0.0135480025765
1.99583652044  672  126  126.255863407  1.74996400198  0.0345374911597
1.99583652044  673  141  141.341839229  1.76364786642  0.00214761669447
1.99583652044  673  157  156.610686802  1.7780015307  0.0115536241034
1.99583652044  674  172  171.996363165  1.74310711276  0.0192169048482
1.99583652044  674  188  187.543479518  1.76166888145  0.00097487287169
1.99583652044  675  203  203.200649221  1.75225057636  0.00302413015497
1.99583652044  675  219  219.041610208  1.76348411872  0.0106009534839
1.99583652044  676  235  234.972939979  1.73233415685  0.0124517704718
1.99583652044  676  251  251.125810429  1.74061528912  0.0423018130523
1.99583652044  677  267  267.357517712  1.70133315918  0.0517978975523
1.99583652044  677  284  283.774097986  1.7402743612  0.0443647585107
1.99583652044  677  300  300.388304551  1.71539159848  0.067230563568
1.99583652044  678  317  317.061666719  1.80955568339  0.0735525888015
1.99583652044  678  334  333.984385699  1.84000035067  0.073784065265
1.99583652044  678  351  351.028742567  1.85683210199  0.0517671943372
1.99583652044  679  368  368.22461017  1.8300164977  0.0597531154181
1.99583652044  679  386  385.584620442  1.86441261188  0.0281729166266
1.99583652044  679  403  403.160926085  1.87311278458  0.0416955780381
1.99583652044  679  421  420.867845348  1.89701672911  0.0341046489448
1.99583652044  680  439  438.684454363  1.89821024696  0.0118718708983
1.99583652044  680  457  456.748892983  1.899143485  0.0226388341035
1.99583652044  680  475  475.006244287  1.92507085243  0.0118037943143
1.99583652044  680  493  493.436485566  1.88597025541  0.00221633067195
1.99583652044  680  512  512.039867555  1.90504162709  0.0135061999449
1.99583652044  680  531  530.810597656  1.89615683445  0.00628794094138
1.99583652044  680  550  549.76610192  1.90623128361  0.0119198637642
1.99583652044  680  569  568.923300776  1.89587363449  0.0292488809491
1.99583652044  680  588  588.306236596  1.84574902587  0.0647393710367
1.99583652044  680  608  607.81823626  1.93389656587  0.0445228264813
1.99583652044  680  628  627.547475568  1.90957481878  0.0251673296061
1.99583652044  680  648  647.536914568  2.0653669428  0.112419450917
1.99583652044  679  668  667.767384521  1.99280542462  0.0428616537927
1.99583652044  679  688  688.144920135  2.02489222911  0.0755178798831
1.99583652044  679  709  708.683338199  2.03573633047  0.0462670746614
1.99583652044  678  730  729.574774439  2.05196315974  0.0334861889451
1.99583652044  678  751  750.569724879  2.10385011221  0.025762162417
1.99583652044  678  772  771.79383004  2.14314368197  0.0155320350112
1.99583652044  677  793  793.377876544  2.14312637894  0.017984343922
1.99583652044  677  815  815.026459564  2.1675451277  0.00669815089912
1.99583652044  676  837  837.029981117  2.16082758194  0.000232036926374
1.99583652044  675  859  859.254370886  2.27688729493  0.0453163963625
1.99583652044  675  882  881.597039028  2.10680040115  0.00522588400724
1.99583652044  674  904  904.335906536  2.14431690782  0.0439966876857
1.99583652044  673  927  927.284558698  2.11643420024  0.029827139435
1.99583652044  672  951  950.544873569  2.29880282988  0.0669053734126
1.99583652044  672  974  973.87765898  2.28876031002  -0.00105976114846
1.99583652044  671  998  997.649907213  2.28092232733  0.0410123419658
2.17370652044  666  10  10.0724449516  1.65456718411  0.0527656293945
2.17370652044  667  24  24.1491202553  1.64353277816  0.0665204873891
2.17370652044  667  38  38.3743723219  1.58391180195  0.0710671716966
2.17370652044  668  53  52.6528963972  1.65241326223  0.0285073878552
2.17370652044  669  67  67.1429562727  1.68794205675  0.0797131816216
2.17370652044  669  82  81.7329268045  1.73241126085  0.0548913903227
2.17370652044  670  96  96.4442736481  1.72957071004  0.0450324814906
2.17370652044  671  111  111.280978842  1.71489951223  0.0222235884944
2.17370652044  671  126  126.290092019  1.75737892483  0.0294482434529
2.17370652044  672  141  141.383693512  1.76922524164  0.00616166849531
2.17370652044  672  157  156.671426638  1.7756317656  0.0296320299544
2.17370652044  673  172  172.060841239  1.76685220603  0.0328547779227
2.17370652044  673  188  187.590157998  1.77686217528  0.00653691824531
2.17370652044  674  203  203.249403783  1.75750781715  -6.28673306174e-05
2.17370652044  674  219  219.096172632  1.73599273438  0.0166423719979
2.17370652044  675  235  235.036475208  1.73099342119  0.0171752597766
2.17370652044  675  251  251.184446301  1.70804536939  0.0487803992796
2.17370652044  676  267  267.407146153  1.69424831602  0.0477501380623
2.17370652044  676  284  283.829994745  1.75868413374  0.051736831558
2.17370652044  676  300  300.445682494  1.72043592478  0.0631219400118
2.17370652044  677  317  317.138406793  1.79825363238  0.0676005382085
2.17370652044  677  334  334.069780014  1.84041101818  0.0859705275896
2.17370652044  677  351  351.095428612  1.83048848276  0.0520020340683
2.17370652044  678  368  368.275905494  1.83361041567  0.0498713544004
2.17370652044  678  386  385.660785898  1.87214544278  0.0348521595053
2.17370652044  678  403  403.230661445  1.84750638272  0.0408882066223
2.17370652044  678  421  420.950839808  1.89692808998  0.0375903373363
2.17370652044  679  439  438.763804378  1.91816714245  0.0194532191748
2.17370652044  679  457  456.84013448  1.91660570992  0.0303843346225
2.17370652044  679  475  475.087640969  1.91170749997  0.00998878874928
2.17370652044  679  494  493.521799033  1.88907336605  0.016242798392
2.17370652044  679  512  512.139512941  1.90985999879  0.0301036904788
2.17370652044  679  531  530.903079803  1.91189364669  0.0115978769635
2.17370652044  679  550  549.86931262  1.90974908136  0.0268718190203
2.17370652044  679  569  569.03127656  1.91445571626  0.041382062456
2.17370652044  679  588  588.389712979  1.83268883303  0.0563843203655
2.17370652044  679  608  607.944332955  1.940889483  0.0601845188324
2.17370652044  679  628  627.667851251  1.92519504147  0.0379960026699
2.17370652044  679  648  647.637741373  1.89785242216  0.241968657985
2.17370652044  678  668  667.90093912  2.00036044826  0.0714272047676
2.17370652044  678  688  688.251761081  2.0055021695  0.0743454686312
2.17370652044  678  709  708.807301006  2.05080112791  0.0518723857205
2.17370652044  678  730  729.58408394  2.18414553386  -0.0150002734473
2.17370652044  677  751  750.693812484  2.12514307289  0.0267719100335
2.17370652044  677  772  771.941848693  2.15688536631  0.0314661224182
2.17370652044  676  793  793.491372607  2.13249088742  0.00873184926042
2.17370652044  676  815  815.15832243  2.14497286695  0.00695890852286
2.17370652044  675  837  837.178535033  2.16534634834  0.0173130092724
2.17370652044  675  859  859.295622989  2.0997977712  0.0321977522156
2.17370652044  674  882  881.725230736  2.14929361565  -0.00520753575876
2.17370652044  673  904  904.465594916  2.12871960078  0.0332652941163
2.17370652044  672  927  927.433878822  2.12298422969  0.0328171190626
2.17370652044  672  951  950.550343787  2.31900074802  -0.0175141191553
2.17370652044  671  974  974.049569555  2.26757883941  0.04641234678
2.17370652044  670  998  997.799292559  2.30158166478  0.033332831523
