# Band 2C   Etalon 1A   Slice 17
# Distortion map version 06.04.00 - date 2018-10-09
# Trace (isoalpha): Take pixel trace along specified slice, specified alpha position trace is built by taking the pixel in every detector row with alpha value closest to the one specified 
# xpos[i] = np.argmin(alpha_img[i,:])+funcs.find_nearest(alpha_img[i,:][(slice_img[i,:]!=0)],alpha_pos)
#    alpha       x  y      center         FWHM          skewness
0.0  950  3  2.27668984908  4.29563025005  -0.320303401314
0.0  950  18  18.0774847506  5.20321689763  -0.0075617181811
0.0  951  34  33.6306343232  5.22537519666  -0.0338747460355
0.0  952  49  49.4114919695  5.49729890026  0.000274871701514
0.0  953  65  65.2599158022  5.70628101673  -0.00598173034114
0.0  954  81  81.1524392278  5.93247193702  -0.0161412511414
0.0  954  97  97.1581058101  6.09064256304  -0.0076812539104
0.0  955  113  113.415551482  6.19250744092  0.0107452433707
0.0  956  130  129.769132983  6.54656381761  0.00123095329886
0.0  956  146  146.062640949  6.92291444033  0.0116380735545
0.0  957  163  162.650944306  7.67989106746  0.00448134832542
0.0  958  180  179.408241986  8.66210151707  0.00460426755421
0.0  958  196  196.255174434  10.4495778476  0.0239443464882
0.0  959  214  213.515224392  11.8602445323  -0.00449305218944
0.0  959  231  230.900480627  15.0372180388  0.00405093092392
0.0  960  249  248.737913658  15.837351527  0.0070626470579
0.0  960  266  266.970423621  0.23009774789  0.0508984069285
0.0  961  285  285.166731541  18.7658675688  0.00759851644456
0.0  961  303  303.350332045  18.5322650051  0.0121185031956
0.0  962  321  321.647315732  17.9322296872  0.0261232616352
0.0  962  339  339.717230468  0.207903515542  0.0322408505513
0.0  963  358  357.995386383  16.6582903218  0.0103577428345
0.0  963  376  376.427447836  16.4891783555  0.0300011718332
0.0  963  395  394.648922136  16.4113072638  0.00527709982258
0.0  963  413  413.317759819  17.1865841586  0.0303900809959
0.0  964  431  432.132471861  18.4462684099  0.0646591353059
0.0  964  451  450.593597995  18.0031820555  0.00550095987386
0.0  964  470  469.572283953  18.9557884399  0.0153042072522
0.0  964  489  488.732505886  20.0670838628  0.0205730889834
0.0  964  507  508.793353539  23.4901538342  0.0897634687058
0.0  964  527  528.26307186  25.2164792054  0.0617049337756
0.0  964  548  548.110156364  26.2536931666  0.0313581246998
0.0  964  568  569.16128345  31.4619434102  0.0492771212766
0.0  964  591  589.67195596  34.8878158379  -0.0179071859246
0.0  964  613  611.758627954  38.551751765  -0.0102372300548
0.0  964  636  634.659455917  36.766970575  0.00178007917139
0.0  964  658  657.781847103  28.5404858962  0.0247618126305
0.0  963  679  680.703204874  0.470834330976  0.0817461719869
0.0  963  702  702.701807957  0.273636117797  0.0420641041072
0.0  963  725  725.390684651  18.7656553999  0.0310704328544
0.0  962  748  748.065174546  16.9289915256  0.0201508281703
0.0  962  771  771.309101157  15.3484952361  0.0293393644206
0.0  961  794  794.731865074  14.8198887938  0.0297873785914
0.0  960  818  818.587099276  13.8300326866  0.0257699470836
0.0  960  843  842.534673355  13.0626177527  0.00828579192696
0.0  959  867  867.00848177  12.7853483574  0.0132198340353
0.0  958  892  891.774891129  12.7263747276  0.00936195192022
0.0  957  917  916.892344401  12.3818669958  0.0265874034151
0.0  956  942  942.482186575  12.3442248781  0.0131258529537
0.0  955  968  968.330400301  12.6937320753  0.0226518655014
0.0  954  995  994.513926398  12.5519194237  0.0159414456456
-1.89468621199  959  5  4.18600388595  0.0706131821813  -0.117612279355
-1.89468621199  959  20  19.9248423197  4.7190336294  0.0282647444828
-1.89468621199  960  36  35.5736188948  4.95999951854  -0.0202985686025
-1.89468621199  961  51  51.2856513552  5.42149304827  -0.0425334456082
-1.89468621199  962  67  67.1500745262  5.57441100042  -0.029487638619
-1.89468621199  963  83  82.6960782195  6.7396430976  -0.00279292943817
-1.89468621199  963  99  99.0547802995  5.67522389936  0.0226275869666
-1.89468621199  964  115  115.185099539  6.14666199927  -0.0209714146419
-1.89468621199  965  132  131.677926818  7.04282784382  0.0196227237257
-1.89468621199  965  148  147.839220591  6.42777455979  0.0739224348448
-1.89468621199  966  165  164.462189383  7.83130394306  -0.0265910777858
-1.89468621199  967  182  181.55742185  10.7611550449  0.0394922824604
-1.89468621199  967  198  198.274214092  10.2512591303  0.0504405468463
-1.89468621199  968  216  215.663480148  0.146220677004  -0.0470580646667
-1.89468621199  968  233  234.788020515  0.200435728647  12.8896864989
-1.89468621199  969  250  251.083771149  15.4248404892  0.00514069414498
-1.89468621199  969  268  276.030966726  39.4743930286  116.001526442
-1.89468621199  970  286  287.126979897  16.2430939949  0.000500611802309
-1.89468621199  970  304  304.815901424  0.206777673602  0.136024718813
-1.89468621199  971  323  323.102686166  16.229143679  -0.0376166078595
-1.89468621199  971  341  341.061223429  15.216625152  -0.0313794500348
-1.89468621199  971  355  0.000590083934933  416.148856546  0.0
-1.89468621199  972  378  377.816805199  16.40023684  -0.0215369511034
-1.89468621199  972  396  396.180326769  16.644327974  0.0105686221688
-1.89468621199  972  415  416.797915943  0.376516033181  13.2487577424
-1.89468621199  973  434  433.457688348  18.4075779905  -0.0228461943246
-1.89468621199  973  453  453.31278554  0.357863396973  -7.47797866801
-1.89468621199  973  471  471.23197575  20.3906726605  0.0228989534573
-1.89468621199  973  490  490.520793579  22.8908316553  0.0377929028159
-1.89468621199  973  510  509.877790686  22.9232263733  0.0200552649855
-1.89468621199  973  529  530.089779601  26.9922350822  0.0580154154462
-1.89468621199  973  549  550.077750257  0.46262071854  0.0541688823593
-1.89468621199  973  571  570.314001304  32.2156532527  0.00509736986212
-1.89468621199  973  592  591.555223289  37.5554593555  0.0194711388784
-1.89468621199  973  614  614.335769522  1.00186711651  0.0588495919134
-1.89468621199  973  636  637.091173175  30.3670559502  0.0756480484606
-1.89468621199  973  651  2316.71969843  376678.440726  0.501385470319
-1.89468621199  972  666  790.541328831  5.8963319437  0.00341490909972
-1.89468621199  972  681  681.404389937  25.663873889  0.0580112333654
-1.89468621199  972  703  703.923001665  26.7269440843  0.0980677228724
-1.89468621199  971  730  728.547817441  24.6674380872  0.0353235816944
-1.89468621199  971  749  749.214143911  16.4021956215  0.043884817812
-1.89468621199  971  772  773.2910797  22.4891313627  0.00925494494152
-1.89468621199  970  796  795.646474293  0.177028133583  0.0386309994925
-1.89468621199  969  820  819.769037868  11.598445805  -0.0345392468956
-1.89468621199  969  844  843.206135993  16.4214848288  -0.0295642314284
-1.89468621199  968  868  867.984622056  13.05988341  0.0530197392435
-1.89468621199  967  893  892.813945182  12.6355366348  0.0384597844409
-1.89468621199  966  918  917.908747475  11.829225741  0.0246447188464
-1.89468621199  965  944  943.396537243  11.6696351313  0.00212957665767
-1.89468621199  964  969  969.341096571  0.149883218325  0.0450746480987
-1.89468621199  963  996  996.315373888  0.423927572072  -5.48773318319
-1.70064621199  958  5  4.42828096206  4.35549912937  -0.154429879312
-1.70064621199  958  20  19.7817079797  5.07499872271  -0.0140988504489
-1.70064621199  959  35  35.3390608745  5.27172726543  -0.00195039248807
-1.70064621199  960  51  51.0733162509  5.49621203205  -0.0200419728724
-1.70064621199  961  67  66.8834685021  5.61462946324  -0.0352773252549
-1.70064621199  962  83  82.9061843084  5.95293144379  -0.00728473643386
-1.70064621199  962  99  98.7860504745  5.96150258085  -0.0199852358956
-1.70064621199  963  115  115.015005795  6.23878455453  -0.00610199932169
-1.70064621199  964  131  131.429800513  6.49488901122  0.0214547903337
-1.70064621199  964  148  147.604809027  7.01451703551  0.00182888559383
-1.70064621199  965  164  164.331899128  7.6461642638  0.0275390606393
-1.70064621199  966  181  181.118411967  8.90372009309  0.0262637182858
-1.70064621199  966  198  197.906378162  9.95783412294  0.0208799235523
-1.70064621199  967  215  215.271305044  11.9094404692  0.0276569838488
-1.70064621199  967  232  232.514897007  14.9402357589  0.0317134313888
-1.70064621199  968  250  250.519717793  16.667328802  0.0246488255401
-1.70064621199  969  268  268.331587529  18.9705550201  0.0332661628849
-1.70064621199  969  286  286.319263229  21.5199051081  0.126557978263
-1.70064621199  969  304  304.683884293  17.7678839763  0.0332295630055
-1.70064621199  970  323  323.011670385  17.2698472001  -0.00727159806265
-1.70064621199  970  341  341.10856939  16.7267164961  0.00717542382988
-1.70064621199  971  359  359.556930808  16.4644310259  0.0277799892765
-1.70064621199  971  377  377.936709227  17.6008175165  0.0475913606029
-1.70064621199  971  397  395.951189876  16.5695604093  -0.0231071967738
-1.70064621199  972  415  415.2991663  0.395929116755  -7.15597289243
-1.70064621199  972  433  433.40366849  17.3694242515  0.0390087121069
-1.70064621199  972  452  452.092761279  18.4169152807  0.0279696762309
-1.70064621199  972  471  470.972001065  20.7663695133  0.0227685173766
-1.70064621199  972  491  491.299564596  0.342521987019  -7.86532694981
-1.70064621199  972  510  509.600637767  21.3841767031  0.0150081759372
-1.70064621199  972  529  529.652784215  24.9549489287  0.0421410140506
-1.70064621199  972  549  549.791701458  29.1100394885  0.0405821955453
-1.70064621199  972  571  569.972955462  28.9587733126  -0.0137704291473
-1.70064621199  972  591  591.483786816  35.6745174921  0.0379259295041
-1.70064621199  972  613  613.572745085  41.4598388274  0.0356038739597
-1.70064621199  972  637  636.0970503  36.6931398696  0.0200812601674
-1.70064621199  972  659  659.226535307  30.5759743479  0.0451412219155
-1.70064621199  971  681  681.149826606  25.1428931847  0.0198832743078
-1.70064621199  971  703  703.991374363  21.8608115066  0.058568657759
-1.70064621199  971  726  726.441658145  0.233405944899  0.0285594589985
-1.70064621199  970  749  749.397704532  0.20583940537  0.0329198475085
-1.70064621199  970  772  772.48202893  16.4512323645  0.0286385557342
-1.70064621199  969  796  795.865268257  14.599441968  0.0202016238903
-1.70064621199  968  820  819.997144062  13.7334349473  0.0152247750712
-1.70064621199  968  844  843.654389956  13.3555030325  0.0122212328035
-1.70064621199  967  868  868.209304238  13.0634689825  0.0242157927809
-1.70064621199  966  893  892.897263116  12.530466672  0.00755953842714
-1.70064621199  965  918  918.010280371  12.4642319146  0.024025859134
-1.70064621199  964  944  943.575290963  12.0575348055  -0.00351228088226
-1.70064621199  963  969  969.478372158  12.6810425694  0.0300193675138
-1.70064621199  962  996  995.593436607  12.5380786011  0.025514748883
-1.50660621199  957  4  4.18662420871  4.3376267847  -0.189511126965
-1.50660621199  958  20  19.6833333608  5.15880997947  -0.0101897238829
-1.50660621199  958  35  35.1513826483  5.382894988  -0.0124002262713
-1.50660621199  959  51  50.8411681615  5.52645910904  -0.0279486023905
-1.50660621199  960  67  66.7067125604  5.68488684149  -0.0325737693626
-1.50660621199  961  83  82.6698785202  5.85641181272  -0.0230795778031
-1.50660621199  961  99  98.6746137568  6.15998500386  -0.0257265238261
-1.50660621199  962  115  114.818162129  6.2014044871  -0.00763372810218
-1.50660621199  963  131  131.214829435  6.46569911717  0.0180595678922
-1.50660621199  964  148  147.578400864  7.12779378653  0.000580978824303
-1.50660621199  964  164  164.141959197  7.64128240862  0.0263839950474
-1.50660621199  965  181  180.883991872  8.74713712724  0.0148303598948
-1.50660621199  965  198  197.743413176  10.2756246122  0.00361377813989
-1.50660621199  966  215  214.962911137  12.7673654376  0.0111474813155
-1.50660621199  967  233  232.325045046  14.0226583084  -0.0132994204878
-1.50660621199  967  250  250.166231893  16.9424569143  0.0148800246556
-1.50660621199  968  268  268.366075456  18.140456162  0.0153306239901
-1.50660621199  968  286  286.493241049  18.4759869979  0.0270421209988
-1.50660621199  969  304  304.819647537  18.2311587492  0.0411058593809
-1.50660621199  969  323  322.646846993  16.4036603266  -0.0275477660561
-1.50660621199  969  340  341.176857508  17.2072608531  0.0424838398681
-1.50660621199  970  359  359.394537794  16.724549816  0.0232759927276
-1.50660621199  970  377  377.692380007  16.3547452181  0.0364254946606
-1.50660621199  970  396  395.888937879  16.3847847935  0.00987674256864
-1.50660621199  971  414  414.673096018  16.8854203954  0.0470755501118
-1.50660621199  971  433  433.231078856  0.211499387879  0.0310350468818
-1.50660621199  971  452  451.957640599  18.041727243  0.0265961062622
-1.50660621199  971  471  470.681319297  18.8782195145  0.0117615138564
-1.50660621199  971  490  490.047187246  21.2238628009  0.0326535572998
-1.50660621199  971  510  509.361661079  21.2029665625  0.00572829175093
-1.50660621199  971  529  529.401382886  24.9278623409  0.0343751445776
-1.50660621199  971  549  549.364934416  26.0932735261  0.0283714435444
-1.50660621199  971  569  569.567820818  31.951178181  0.0
-1.50660621199  971  591  591.318254466  34.1206420458  0.0294522315149
-1.50660621199  971  613  613.337137677  0.495752821181  0.0232748072076
-1.50660621199  971  637  636.241371517  34.2445697669  0.018814378093
-1.50660621199  971  658  659.212872742  33.6393044274  0.078274576222
-1.50660621199  970  681  681.367679874  25.2454904681  0.0368064915683
-1.50660621199  970  703  703.913082183  23.5895030737  0.0524452294287
-1.50660621199  970  727  727.316707726  0.111121900641  -7.02554341015
-1.50660621199  969  749  749.296318599  0.214053501011  0.0294925901321
-1.50660621199  969  773  773.306607732  0.0899414033041  -6.75026628037
-1.50660621199  968  796  795.757284075  14.09196987  0.0108190191782
-1.50660621199  968  819  819.653513382  13.7434418292  0.0292021040614
-1.50660621199  967  844  843.64485593  13.1284106704  0.0102776329379
-1.50660621199  966  868  868.140950575  13.0851012228  0.017167271718
-1.50660621199  965  893  892.887243814  12.7529164665  0.0119612507753
-1.50660621199  964  918  917.941286842  12.1954085232  0.0245701906907
-1.50660621199  963  943  943.51784074  12.6085592021  0.0171722387073
-1.50660621199  962  969  969.368541433  12.7835695531  0.0213517132077
-1.50660621199  961  996  995.54372826  12.371527832  0.0196009920791
-1.31256621199  956  4  3.96620154576  4.23462049022  -0.211276002871
-1.31256621199  957  20  20.8075059804  0.205416826859  10.1962007234
-1.31256621199  957  35  35.0551400594  5.42690062977  -0.0102273915352
-1.31256621199  958  51  50.5929998075  5.46978200682  -0.0471260315584
-1.31256621199  959  66  66.5350435322  5.66826047244  0.000952045377332
-1.31256621199  960  82  82.5062640344  5.71444248693  0.0014832667289
-1.31256621199  961  99  98.4519663963  6.20513787638  -0.0272187558533
-1.31256621199  961  115  114.569431527  6.24786937852  -0.0220864729983
-1.31256621199  962  131  130.97395877  6.53206106097  0.00744031395898
-1.31256621199  963  147  147.463484694  7.11911657888  0.035624891223
-1.31256621199  963  164  163.902529417  7.7291013441  0.0149825134054
-1.31256621199  964  181  180.670587229  8.67991845895  0.0109077573835
-1.31256621199  965  198  197.465244234  10.2964582315  -0.000974909249661
-1.31256621199  965  215  214.701712399  12.7051596248  0.00137786505749
-1.31256621199  966  233  232.132667249  13.8169661853  -0.0259771204207
-1.31256621199  966  250  249.951078401  17.0597111532  0.0059800242035
-1.31256621199  967  268  268.128289691  18.1520322106  0.00720221827804
-1.31256621199  967  286  286.282720178  18.3835174156  0.0183268821756
-1.31256621199  968  304  304.620576988  17.8175831792  0.0224411538364
-1.31256621199  968  322  322.695472174  17.3481124547  0.027826452865
-1.31256621199  968  341  340.701048764  16.7174425496  -0.00819109209397
-1.31256621199  969  359  359.186939133  16.6029133088  0.0168848204908
-1.31256621199  969  377  377.53039661  0.202497717956  0.032253147725
-1.31256621199  969  396  395.752602415  16.6175645458  0.000831174059745
-1.31256621199  970  414  414.438787677  16.7779084123  0.035679690213
-1.31256621199  970  433  432.96484698  17.5861998133  0.0188080713944
-1.31256621199  970  452  451.718820572  18.1409641774  0.0226037943839
-1.31256621199  970  471  470.521113965  18.6692134218  0.00404501262601
-1.31256621199  970  490  489.769905096  20.1885459142  0.0239741455357
-1.31256621199  970  509  509.478470696  22.8919322367  0.0393910390375
-1.31256621199  971  529  529.401382886  24.9278623409  0.0343751445776
-1.31256621199  971  549  549.411414487  28.0286340984  0.0255043470052
-1.31256621199  970  571  569.828800367  28.3955527322  -0.0227011906202
-1.31256621199  970  592  590.903426996  31.5794476276  -0.00807466233032
-1.31256621199  970  613  613.425893742  35.6598612799  0.0305656342399
-1.31256621199  970  635  636.078774852  0.887248666827  0.0621054874573
-1.31256621199  970  658  659.04803461  31.9571450121  0.0584332631884
-1.31256621199  970  681  681.007472192  25.260349139  0.0319588831033
-1.31256621199  969  703  703.659416585  23.2919174313  0.0418710443652
-1.31256621199  969  727  725.978589266  18.6364329644  -0.00449472281852
-1.31256621199  968  749  749.018682193  16.8326678002  0.0170194479337
-1.31256621199  968  772  772.310932512  16.0866652269  0.0264208832988
-1.31256621199  967  796  795.591349158  14.5577779495  0.0108052257816
-1.31256621199  967  820  819.461288478  13.6841752499  0.00641860373261
-1.31256621199  966  844  843.466743323  13.2242311457  0.00524477040373
-1.31256621199  965  868  867.961385481  13.0145645737  0.0150387497905
-1.31256621199  964  892  892.828267156  12.9877743865  0.0238209874447
-1.31256621199  963  918  917.779913294  12.3793076095  0.0278808022752
-1.31256621199  962  943  943.396809478  12.459259055  0.0129411959765
-1.31256621199  961  969  969.220645825  12.8421208087  0.0219102877189
-1.31256621199  960  995  995.539528339  12.4180603356  0.0314811027236
-1.11852621199  955  4  3.70695266517  4.59370464262  -0.153026955806
-1.11852621199  956  19  19.3674533662  5.09438380206  0.01438880416
-1.11852621199  957  35  34.8173412424  5.34526840801  -0.0134233840901
-1.11852621199  957  50  50.4461176995  5.68639258968  -0.0154112115564
-1.11852621199  958  66  66.3029361776  5.67109288961  -0.00970559730682
-1.11852621199  959  82  82.2721733679  5.78789535632  -0.00725518673573
-1.11852621199  960  98  98.381377851  6.07595294947  0.00104211268707
-1.11852621199  960  114  114.434013048  6.32890229103  0.00473204088309
-1.11852621199  961  131  130.780848699  6.55703472595  0.00580981153629
-1.11852621199  962  147  147.304521103  7.02736297055  0.0276471693037
-1.11852621199  962  164  163.669097267  7.7590842272  0.00243410525955
-1.11852621199  963  180  180.535116296  9.0921907037  0.0392407942904
-1.11852621199  964  198  197.354573654  10.2744054042  -0.00626334810365
-1.11852621199  964  215  214.47602919  11.9004498852  -0.00529790238507
-1.11852621199  965  232  232.05315609  14.742085308  0.0140297361393
-1.11852621199  965  250  249.711849216  17.2039174667  -0.00798480167137
-1.11852621199  966  268  267.919795124  18.2767130057  0.000365458667636
-1.11852621199  966  286  285.945096804  18.4270110939  0.00624429331612
-1.11852621199  967  304  304.359707943  17.8938048875  0.0161457153931
-1.11852621199  967  322  322.405339701  17.2732894312  0.0180860007741
-1.11852621199  968  341  340.624948003  16.7845565087  -0.0137935214234
-1.11852621199  968  359  358.886485807  16.2354119882  0.00690267739559
-1.11852621199  968  377  377.270492705  16.5453500956  0.0226986635402
-1.11852621199  969  396  395.503153116  16.5165606186  0.00200903241415
-1.11852621199  969  414  414.172782525  16.7626022447  0.0267951357024
-1.11852621199  969  433  432.274533668  0.317124926943  -8.70526290773
-1.11852621199  969  452  451.436505408  18.0466311523  0.010491739992
-1.11852621199  969  471  470.355152107  18.6477040103  0.00192411852689
-1.11852621199  969  490  489.649638741  20.3717493498  0.0117694645834
-1.11852621199  970  509  509.437895844  23.1491902308  0.0373082851265
-1.11852621199  970  529  529.068638545  0.298131363934  0.0226022339667
-1.11852621199  970  549  549.26627862  28.6707309739  0.0286957416849
-1.11852621199  970  571  570.300894332  0.177086899045  -8.88448842304
-1.11852621199  969  592  590.643439219  31.5868496508  -0.0141899276485
-1.11852621199  969  613  612.893256087  36.9035060193  0.022115305045
-1.11852621199  969  636  635.855598825  37.1579023305  0.0338530758678
-1.11852621199  969  658  658.986694889  0.457714298079  0.0554379003842
-1.11852621199  969  681  680.893503318  25.2815598455  0.0237753295934
-1.11852621199  968  703  703.469235956  21.8457159348  0.0354528682568
-1.11852621199  968  725  726.321232056  20.1599861403  0.0543251089753
-1.11852621199  967  749  748.784303094  16.9772395193  0.01491479184
-1.11852621199  967  772  772.093818201  15.4170219687  0.0167667146681
-1.11852621199  966  795  795.533481994  14.6050710768  0.0258418687449
-1.11852621199  966  819  819.395569147  13.8233200756  0.0235043399953
-1.11852621199  965  843  843.352595929  13.2692293554  0.0225550172145
-1.11852621199  964  868  867.73930331  12.9137136318  0.00626681594047
-1.11852621199  963  892  892.671325124  13.2003012318  0.0262666134962
-1.11852621199  962  918  917.678928832  12.443614572  0.0237436096745
-1.11852621199  962  943  943.19985408  12.5271602382  0.0140711640697
-1.11852621199  960  969  969.134258868  12.6794651379  0.0184446765346
-1.11852621199  959  995  995.32566806  12.3912185859  0.0264171976265
-0.924486211986  954  4  3.42357504309  4.66830338337  -0.170426937591
-0.924486211986  955  19  19.1232730098  5.10021027031  0.00689557897328
-0.924486211986  956  35  34.6593814872  5.29061179187  -0.0203036781168
-0.924486211986  956  50  50.2829281116  5.68913695597  -0.0119212202189
-0.924486211986  957  66  66.0703498978  5.68731406183  -0.0191075040456
-0.924486211986  958  82  82.0665325836  5.81907413873  -0.0130493767649
-0.924486211986  959  98  98.1805492965  6.03390534249  -0.00354009544145
-0.924486211986  959  114  114.333187811  6.46933932691  0.000684730343561
-0.924486211986  960  131  130.264705916  0.413421182748  -6.04663256887
-0.924486211986  961  147  147.067109796  7.02679100184  0.0186394797342
-0.924486211986  961  164  163.562108663  7.91440025025  0.00534694866222
-0.924486211986  962  180  180.30136945  8.72495753023  0.0345273635478
-0.924486211986  963  197  197.288927547  10.2410300105  0.0343594084784
-0.924486211986  963  214  214.379415862  12.6835203082  0.0293451628156
-0.924486211986  964  232  231.920139235  13.7035405924  0.0148687761124
-0.924486211986  964  249  249.779384053  16.7785460084  0.0437336848363
-0.924486211986  965  268  267.633631621  16.8273440158  -0.0128338563529
-0.924486211986  965  285  285.969721332  19.1210325841  0.0432894050563
-0.924486211986  966  304  304.087824817  17.8681260608  0.00540053821499
-0.924486211986  966  322  322.189638783  17.2526788974  0.0110874761367
-0.924486211986  967  340  340.58289078  17.0799971326  0.0255205260298
-0.924486211986  967  359  358.722512519  16.2859640084  0.0013455802943
-0.924486211986  967  377  377.071735476  16.4039446482  0.0143358027239
-0.924486211986  968  395  395.589244994  0.199152414746  0.0339045751661
-0.924486211986  968  414  413.980368941  16.7697186418  0.0215643388592
-0.924486211986  968  433  432.501446671  17.1442283917  0.000711626586534
-0.924486211986  968  451  451.44487942  19.4054964368  0.0425726099211
-0.924486211986  968  471  471.297423904  0.325677206597  -7.40114125138
-0.924486211986  969  490  489.638257947  20.106872007  0.0179924123893
-0.924486211986  969  509  509.198794526  22.8174614118  0.0303276792524
-0.924486211986  969  529  528.745213689  24.5555542367  0.0127660120586
-0.924486211986  969  549  549.182915842  27.2353038235  0.0318006337648
-0.924486211986  969  570  569.666144399  31.0228054446  0.00303034053485
-0.924486211986  969  592  590.693231752  31.6475930157  -0.0107132106016
-0.924486211986  968  613  612.69551052  36.2587047771  0.00743089952975
-0.924486211986  968  635  635.90141766  41.0352108446  0.0626100356961
-0.924486211986  968  658  658.559237709  32.2514353444  0.0473879393744
-0.924486211986  968  680  681.195193945  26.2775642233  0.0593072995905
-0.924486211986  967  703  703.210110033  21.585820106  0.03310379197
-0.924486211986  967  726  725.777891115  18.8213849237  0.0136273236713
-0.924486211986  967  749  748.786584094  16.7854405993  0.0119985774128
-0.924486211986  966  772  771.838116512  15.5298230119  0.0113603979973
-0.924486211986  965  795  795.269854788  14.7033459643  0.0246653765447
-0.924486211986  965  819  819.150196612  13.8911818214  0.0145735383473
-0.924486211986  964  843  843.161618503  13.276189301  0.0169469023071
-0.924486211986  963  867  867.672676308  13.1195576741  0.0271072005562
-0.924486211986  963  892  892.554119478  13.1325490916  0.0200391457333
-0.924486211986  962  918  917.440379711  12.2069035676  0.0208660463609
-0.924486211986  961  943  943.140335007  12.5030823133  0.0118880097286
-0.924486211986  960  969  968.897213734  12.7582490583  0.0165072719504
-0.924486211986  958  995  995.088783281  12.7497176794  0.0301460794611
-0.730446211986  953  3  3.16544633589  4.65866393666  -0.202035548441
-0.730446211986  954  19  18.9007963963  4.98237747572  -0.00305346047431
-0.730446211986  955  34  34.5263083474  5.37386849348  0.0187145207588
-0.730446211986  956  50  50.152979844  5.61020876428  -0.0112430628336
-0.730446211986  956  66  65.8371395593  5.68921188088  -0.0321520326844
-0.730446211986  957  82  81.8271080154  5.81371456707  -0.024384059811
-0.730446211986  958  98  97.9694720001  5.99255032758  -0.0115398117687
-0.730446211986  959  114  114.125849217  6.39501986177  0.00233686848208
-0.730446211986  959  130  130.390882331  6.49105385691  0.0229112360174
-0.730446211986  960  147  146.827046852  7.04451935802  0.00897273891061
-0.730446211986  961  164  165.914708413  0.0784875707554  10.4949751327
-0.730446211986  961  180  180.083646304  8.66364325602  0.0263557533978
-0.730446211986  962  197  197.059127606  10.1062852014  0.0212267474907
-0.730446211986  962  214  214.213150049  12.0407855241  0.0278647497896
-0.730446211986  963  231  231.824155636  14.6802265879  0.0491664865124
-0.730446211986  963  249  249.732230192  0.206008705304  0.0319107118882
-0.730446211986  964  267  267.648220153  18.1434758596  0.0366414427722
-0.730446211986  964  285  285.76726331  18.8485121168  0.0400816136893
-0.730446211986  965  303  304.100357231  18.3929746397  0.0459851581706
-0.730446211986  965  322  321.958798253  17.4556454693  -0.00180512541611
-0.730446211986  966  340  340.378968181  16.966316219  0.0178468130623
-0.730446211986  966  358  358.705910435  16.5238819126  0.0359389691096
-0.730446211986  966  377  376.766963793  16.5597167911  0.00252244211597
-0.730446211986  967  395  395.376713294  16.9706866139  0.0295700226804
-0.730446211986  967  414  413.818519719  16.8094578969  0.0157133762865
-0.730446211986  967  432  432.531190615  17.0666954923  0.0416202928439
-0.730446211986  967  451  451.287482447  19.0380947431  0.035281977126
-0.730446211986  968  471  471.297423493  0.325676419378  -7.40115593183
-0.730446211986  968  490  489.566171623  20.1697259172  0.0167094268779
-0.730446211986  968  509  508.962407536  0.275225325602  0.0247674978256
-0.730446211986  968  529  528.660920878  25.0209723396  0.0102903367324
-0.730446211986  968  549  548.862211372  27.1769839391  0.0145768356251
-0.730446211986  968  569  569.487095776  31.0754065013  0.0303914600455
-0.730446211986  968  591  590.833219842  0.408880141124  0.0159188408106
-0.730446211986  968  613  612.237399366  35.8952032698  0.0
-0.730446211986  967  636  635.565419914  0.470744467146  0.0246953724785
-0.730446211986  967  658  658.358207249  0.430903733135  0.0447386364581
-0.730446211986  967  681  680.63338493  25.0178008592  0.0169009177343
-0.730446211986  966  703  703.013799165  0.265498173564  0.0260398553562
-0.730446211986  966  726  725.610640091  19.1315886836  0.0116558037202
-0.730446211986  966  749  748.625741732  16.5637262454  0.0134706032836
-0.730446211986  965  771  771.815710231  15.8953386863  0.0374056817596
-0.730446211986  965  795  795.196856951  14.4833585053  0.0198333684601
-0.730446211986  964  819  819.025876078  13.8033225545  0.0153387249601
-0.730446211986  963  843  843.014577902  13.2948984277  0.0150019849392
-0.730446211986  962  867  867.617194919  12.9736093615  0.0231114072884
-0.730446211986  962  892  892.334476382  12.6549020279  0.0237943067738
-0.730446211986  961  917  917.385903613  12.8240833424  0.0339340805153
-0.730446211986  960  943  942.992887193  12.2597536457  0.014889320732
-0.730446211986  959  969  968.797822925  12.5552277534  0.0153787187173
-0.730446211986  957  995  995.016475502  12.5695520464  0.0256271689387
-0.536406211986  952  3  2.84313978269  4.66807948154  -0.237546472564
-0.536406211986  953  19  18.66717242  4.98144632062  -0.0150327009071
-0.536406211986  954  34  34.3123426653  5.32272500904  0.00269891530057
-0.536406211986  955  50  49.9141582119  5.73408081998  -0.0120100971535
-0.536406211986  955  66  65.6200681847  5.84079265733  -0.0499034620744
-0.536406211986  956  82  81.6287746464  5.83703970268  -0.0310086607906
-0.536406211986  957  98  97.7351587757  6.03331956891  -0.022401442546
-0.536406211986  958  114  113.945116521  6.41016919088  -0.00140052240138
-0.536406211986  958  130  130.170405005  6.52983739318  0.0140879760508
-0.536406211986  959  147  146.598849765  6.97064574081  -0.000120068492344
-0.536406211986  960  163  163.26524617  7.73461323761  0.033538536159
-0.536406211986  960  180  179.852366558  8.66111312755  0.0195296994563
-0.536406211986  961  197  196.835064636  9.97076833277  0.013661037128
-0.536406211986  961  214  213.999778036  12.1577190235  0.0152182761778
-0.536406211986  962  231  231.560118889  14.9563691465  0.0349545887555
-0.536406211986  963  249  249.34905616  16.9884611874  0.0231783772275
-0.536406211986  963  267  267.455792268  0.223251193318  0.0282594154591
-0.536406211986  964  285  285.709915924  0.224369099612  0.0293914463751
-0.536406211986  964  303  303.858235347  18.1418174568  0.0378937424879
-0.536406211986  964  321  321.971256923  17.6462630578  0.0425340606786
-0.536406211986  965  339  340.474637509  16.8345890808  0.0652046667403
-0.536406211986  965  358  358.436183521  16.8459883344  0.026786510909
-0.536406211986  965  376  376.953525534  16.6511711549  0.0434167382433
-0.536406211986  966  395  395.213402462  16.627690682  0.0249587577893
-0.536406211986  966  413  413.790198799  16.7885887863  0.0520387000701
-0.536406211986  966  432  432.289369989  17.246528604  0.0360638967387
-0.536406211986  966  451  451.072452381  19.0894622953  0.0256868832938
-0.536406211986  967  471  469.943712839  18.5591133514  -0.0115199504885
-0.536406211986  967  489  489.476680607  0.268216623644  0.0433705655967
-0.536406211986  967  509  508.757828756  22.5810467147  0.0187848461981
-0.536406211986  967  529  528.435685358  24.7378623767  0.00261204327504
-0.536406211986  967  549  548.45937312  26.9955972945  0.00552223100236
-0.536406211986  967  569  569.278562183  31.2055895363  0.0214127248717
-0.536406211986  967  591  590.42376829  34.117352028  0.00884394561902
-0.536406211986  967  614  615.765671826  94.9501451452  16.49429849
-0.536406211986  966  636  635.258739131  36.9656632473  0.0123004891603
-0.536406211986  966  658  658.15440685  32.1787529416  0.0426188758708
-0.536406211986  966  680  680.714303818  25.9549481663  0.0451676382995
-0.536406211986  966  703  702.758820993  21.6639802928  0.0233631814195
-0.536406211986  965  725  725.634448887  19.2352127463  0.0373158373044
-0.536406211986  965  748  748.56630189  16.8461297025  0.0278730637418
-0.536406211986  964  771  771.626240055  0.195697405907  0.0331780996511
-0.536406211986  964  795  795.100337881  14.3857469027  0.0234718094557
-0.536406211986  963  819  818.784825502  13.8708240273  0.0134561866158
-0.536406211986  962  843  842.838239224  13.0072520782  0.00636431928224
-0.536406211986  962  867  867.3628371  12.8876396551  0.0184062918775
-0.536406211986  961  892  892.248513767  12.8060517513  0.0192416882793
-0.536406211986  960  917  917.260738542  12.7514316984  0.0326354438151
-0.536406211986  959  943  942.8811664  12.4521270108  0.0098029389635
-0.536406211986  958  969  968.658335649  12.5001982629  0.0174326742095
-0.536406211986  957  995  994.983360277  12.5104242121  0.0210191886677
-0.342366211986  951  3  2.61812104049  0.0576716921563  -0.258635083969
-0.342366211986  952  18  18.5223894456  5.0718193465  0.0253507611226
-0.342366211986  953  34  34.0926384315  5.35538740708  -0.00456492185447
-0.342366211986  954  50  49.7563041615  5.45389025625  -0.0294563720345
-0.342366211986  954  65  65.5429150336  5.80774869109  -0.00149045865508
-0.342366211986  955  81  81.4398205738  5.83498622793  -0.00263404286741
-0.342366211986  956  97  97.5677142295  6.03433250444  0.00776666770024
-0.342366211986  957  114  113.804034006  6.35992034944  0.00453605965051
-0.342366211986  957  130  129.939264263  6.67341150295  -0.00582222476352
-0.342366211986  958  146  146.47154177  6.97870145892  0.0291378456003
-0.342366211986  959  163  163.049184578  7.67280711381  0.0302573775619
-0.342366211986  959  180  179.616825638  8.66672154809  0.00342405587887
-0.342366211986  960  197  196.613364228  9.92636903729  0.00335270417339
-0.342366211986  961  214  213.750926049  11.9167743677  0.00789611663109
-0.342366211986  961  231  231.282186062  14.8251354364  0.0249543000372
-0.342366211986  962  249  249.154280386  16.9881096056  0.0143405516269
-0.342366211986  962  267  267.108814188  18.4141121224  0.0121281005557
-0.342366211986  963  285  285.476614825  0.230048820738  0.0282243442589
-0.342366211986  963  303  303.721621329  17.446883567  0.0373053705657
-0.342366211986  963  321  321.939720777  0.215660159244  0.0295873891487
-0.342366211986  964  339  340.242113647  0.212539265758  0.0537998137548
-0.342366211986  964  358  358.20136706  16.6489225749  0.0167967400864
-0.342366211986  965  376  376.589374378  16.7244790008  0.0377634447828
-0.342366211986  965  395  395.020830423  16.2605719502  0.0162630462992
-0.342366211986  965  413  413.610425879  16.7064838606  0.0476637814625
-0.342366211986  965  431  432.324528911  18.6842691024  0.0722966592462
-0.342366211986  966  451  451.066989104  18.8317000531  0.0215269278214
-0.342366211986  966  471  470.321257871  0.343652311781  -7.55840255963
-0.342366211986  966  489  489.240990636  21.3574100987  0.0333039558335
-0.342366211986  966  509  508.582077933  22.6885507118  0.00931006905308
-0.342366211986  966  529  528.081997653  23.0077820701  -0.0121298622914
-0.342366211986  966  548  548.468722219  26.7063208841  0.0374940130342
-0.342366211986  966  569  569.19333235  31.4097172117  0.0150295044297
-0.342366211986  966  591  590.060628793  34.6226956356  -0.00501781989104
-0.342366211986  966  613  612.097121652  36.7104787543  -0.00700415371452
-0.342366211986  966  635  635.206958481  41.36834654  0.0630495049428
-0.342366211986  965  658  657.962539293  31.3355242513  0.0339400796329
-0.342366211986  965  680  680.504476733  25.4720525639  0.0382035889511
-0.342366211986  965  703  702.771535374  21.7728667703  0.0200882691398
-0.342366211986  964  725  725.445074144  19.0802284919  0.032847707485
-0.342366211986  964  748  748.385421489  17.0892945124  0.0289185604627
-0.342366211986  963  771  771.540525979  0.196364686676  0.0333658805034
-0.342366211986  963  795  794.867247765  14.5493963473  0.0123385254812
-0.342366211986  962  819  818.629740874  14.0269906292  0.007864225918
-0.342366211986  961  843  842.658259858  13.0221558433  0.00894114345469
-0.342366211986  961  867  867.28585675  12.9646566109  0.019295460201
-0.342366211986  960  892  892.132265498  12.5408057659  0.0202397785104
-0.342366211986  959  917  917.046487885  12.7336171571  0.0251966576617
-0.342366211986  958  943  942.758512173  12.1915747475  0.00990605137498
-0.342366211986  957  968  968.597659133  12.8040543008  0.0286853154499
-0.342366211986  956  995  994.721631836  12.3173601814  0.0178757698345
-0.148326211986  950  3  2.37941721001  0.0571407240851  -0.306598521703
-0.148326211986  951  18  18.2993114227  5.09430573195  0.0143949293559
-0.148326211986  952  34  33.8502889813  5.19370569997  -0.0243463133222
-0.148326211986  953  49  49.5927480546  5.56309300675  0.0113560823258
-0.148326211986  953  65  65.3980078601  5.77318353615  -0.00312405611138
-0.148326211986  954  81  81.2203625214  5.86789973728  -0.0143492899863
-0.148326211986  955  97  97.359285141  6.01609148758  0.00304495221882
-0.148326211986  956  114  113.029153622  14.0022513802  -99.6328601332
-0.148326211986  956  130  129.801134347  6.6705043851  -0.00385866404316
-0.148326211986  957  146  146.292365817  6.94429298595  0.0283556722933
-0.148326211986  958  163  162.829850194  7.62921419315  0.0131709374688
-0.148326211986  958  180  179.434567089  8.79787675046  -0.00299002939427
-0.148326211986  959  197  196.393301085  9.95720576115  -0.00441297236288
-0.148326211986  960  214  213.65863102  11.871123766  0.000410966897795
-0.148326211986  960  231  231.074791126  14.8120831521  0.0144635587198
-0.148326211986  961  249  248.972405269  17.2895458426  0.0125465869383
-0.148326211986  961  267  266.908189818  18.4040443406  0.00132074843711
-0.148326211986  962  285  285.317906105  18.5676314539  0.0143575481941
-0.148326211986  962  303  303.438564563  17.9008273114  0.0202078248218
-0.148326211986  963  321  321.642040532  18.0391399016  0.0270074176278
-0.148326211986  963  339  339.901629574  17.0639221826  0.0391939256228
-0.148326211986  963  358  358.039349131  16.5352172767  0.00875518623474
-0.148326211986  964  377  376.379854469  16.4342186789  -0.0112924930671
-0.148326211986  964  395  394.855617373  16.446874157  0.0143499506268
-0.148326211986  964  413  413.349436265  16.4581364756  0.0368643461617
-0.148326211986  964  431  432.132471861  18.4462684099  0.0646591353059
-0.148326211986  965  451  450.828526804  17.914143506  0.0148302205989
-0.148326211986  965  470  469.867550161  18.8030225447  0.0207528549543
-0.148326211986  965  489  488.94585937  21.243387036  0.0216099310225
-0.148326211986  965  509  508.221500362  22.357702368  -0.00289134780037
-0.148326211986  965  529  528.034548912  23.0580572388  -0.0109999736277
-0.148326211986  965  548  548.316396138  0.328902818976  0.0352696454682
-0.148326211986  965  568  569.367479864  31.6140140463  0.0472197852646
-0.148326211986  965  590  590.230935478  0.446171323614  0.0257217604351
-0.148326211986  965  613  611.914778204  37.3016670707  -0.00885484187542
-0.148326211986  965  635  635.249002532  39.2672454262  0.0470845019232
-0.148326211986  964  658  657.764838491  31.2946215754  0.0271222630323
-0.148326211986  964  680  680.265813178  25.5455396032  0.0326448961172
-0.148326211986  964  702  703.002852992  22.1797925425  0.0529301457986
-0.148326211986  963  725  725.40022323  19.0618293564  0.0347027378
-0.148326211986  963  748  748.216244832  17.060922758  0.0260847056828
-0.148326211986  962  771  771.334449778  15.9080305481  0.024153968943
-0.148326211986  962  795  794.77474994  14.4664628754  0.00975215034335
-0.148326211986  961  819  818.529269989  13.8965371374  0.00531267891525
-0.148326211986  960  843  842.633340189  13.0193704983  0.00583964082222
-0.148326211986  960  867  867.198662616  12.9246970365  0.0200324918675
-0.148326211986  959  892  892.008999383  12.5711253725  0.0153781224924
-0.148326211986  958  917  917.003565738  12.7176160034  0.0257103542565
-0.148326211986  957  943  942.576725706  12.0932479917  0.00369636535612
-0.148326211986  956  968  968.506632567  12.7886277337  0.027233912813
-0.148326211986  955  995  994.637272246  12.4501465569  0.018902873613
0.0457137880136  949  3  2.08583090058  0.0582613684021  -0.387770080136
0.0457137880136  950  18  18.0683440597  5.09150802317  0.0036950362216
0.0457137880136  951  34  33.6280347612  5.21093133831  -0.0305231255799
0.0457137880136  952  49  49.3902190348  5.49313835036  -0.00107524319679
0.0457137880136  953  65  65.1894107307  5.86577601581  -0.00297222810896
0.0457137880136  953  81  81.0403098375  5.98942623391  -0.0312297292424
0.0457137880136  954  97  97.1489852616  6.05003915835  -0.00206827343897
0.0457137880136  955  113  113.415806  6.1913085548  0.0103969961313
0.0457137880136  956  130  129.678842739  6.60042360772  -0.00337776039709
0.0457137880136  956  146  146.044160811  6.85934282054  0.0175529875507
0.0457137880136  957  163  162.650944306  7.67989106746  0.00448134832542
0.0457137880136  957  179  179.435766998  8.84125218641  0.0373374091551
0.0457137880136  958  196  196.253165042  10.4434905857  0.0242708381434
0.0457137880136  959  214  213.491927952  12.0475780242  0.00237183760845
0.0457137880136  959  231  230.821291062  14.7201471948  0.00497331461947
0.0457137880136  960  249  248.737913658  15.837351527  0.0070626470579
0.0457137880136  960  266  266.960512577  0.229611383837  0.0504504630177
0.0457137880136  961  285  285.166731541  18.7658675688  0.00759851644456
0.0457137880136  961  303  303.247855375  18.2759992583  0.0123499223188
0.0457137880136  962  321  321.604760605  17.8575576268  0.0242750703056
0.0457137880136  962  339  339.717230468  0.207903515542  0.0322408505513
0.0457137880136  962  358  357.846327745  16.5123515334  0.000138032214431
0.0457137880136  963  376  376.427447836  16.4891783555  0.0300011718332
0.0457137880136  963  395  394.648922136  16.4113072638  0.00527709982258
0.0457137880136  963  413  413.145977301  16.9235105785  0.0283868068422
0.0457137880136  963  431  432.031319529  18.7595400672  0.0555937280323
0.0457137880136  964  451  450.593597995  18.0031820555  0.00550095987386
0.0457137880136  964  470  469.572283953  18.9557884399  0.0153042072522
0.0457137880136  964  489  488.732505886  20.0670838628  0.0205730889834
0.0457137880136  964  507  508.793353539  23.4901538342  0.0897634687058
0.0457137880136  964  527  528.26307186  25.2164792054  0.0617049337756
0.0457137880136  964  548  548.110156364  26.2536931666  0.0313581246998
0.0457137880136  964  568  569.16128345  31.4619434102  0.0492771212766
0.0457137880136  964  591  589.67195596  34.8878158379  -0.0179071859246
0.0457137880136  964  613  611.758627954  38.551751765  -0.0102372300548
0.0457137880136  964  636  635.326867671  0.398859740992  -9.08408688059
0.0457137880136  963  657  657.856964966  1.01279770228  0.0750664798942
0.0457137880136  963  679  680.493169337  0.397400924944  0.071335853278
0.0457137880136  963  702  702.701807957  0.273636117797  0.0420641041072
0.0457137880136  962  725  725.152204234  18.9564669874  0.0229153217548
0.0457137880136  962  748  748.065174546  16.9289915256  0.0201508281703
0.0457137880136  961  771  771.156774834  15.50022035  0.024470220862
0.0457137880136  961  794  794.731865074  14.8198887938  0.0297873785914
0.0457137880136  960  818  818.459142973  13.8196016777  0.0215403608914
0.0457137880136  960  843  843.309659803  0.392646409294  -5.81942768417
0.0457137880136  959  867  866.997793118  12.7542204057  0.0148969420618
0.0457137880136  958  892  891.820917103  12.7454395207  0.0101312171976
0.0457137880136  957  917  916.846633738  12.362383386  0.0257142806464
0.0457137880136  956  942  942.46106215  12.4184449084  0.0146081535872
0.0457137880136  955  968  968.323598823  12.6806553031  0.023542286436
0.0457137880136  954  995  995.279939459  0.351451542817  -6.18586269195
0.239753788014  948  2  1.87573959245  0.0572108131617  -0.460985110362
0.239753788014  949  18  17.8514445433  5.03901983883  -0.0118540936214
0.239753788014  950  33  33.501195219  5.3957329947  0.0144807141065
0.239753788014  951  49  49.1961270797  5.51997086098  -0.0114638934824
0.239753788014  952  65  65.0119865301  5.80547641854  -0.013910810224
0.239753788014  952  81  80.8200030023  5.97336979325  -0.0341385773446
0.239753788014  953  97  96.9395967066  6.06181585197  -0.0122783455307
0.239753788014  954  113  113.198547274  6.19406752706  0.00251480407729
0.239753788014  955  130  129.461097258  6.64594283099  -0.00641064987629
0.239753788014  955  146  145.818520053  6.87871799641  0.00708259528613
0.239753788014  956  163  162.43666788  7.66186251469  -0.00161929912086
0.239753788014  957  179  179.153407221  8.74125660209  0.0223687270311
0.239753788014  957  196  196.056514486  9.94193822366  0.0257799516931
0.239753788014  958  213  213.382304681  12.6722114056  0.0299746851657
0.239753788014  958  231  230.60678962  14.9096513631  -0.00838644882467
0.239753788014  959  249  248.542396986  15.7370999637  -0.00760405689466
0.239753788014  959  266  266.710151675  18.8329617096  0.0319908573969
0.239753788014  960  284  285.148992019  18.9396573924  0.0537042917168
0.239753788014  960  303  303.079260397  18.2499111444  0.00356413805936
0.239753788014  961  321  321.457039947  17.8270135786  0.0187520171285
0.239753788014  961  339  339.560572097  17.0913724539  0.0256710981995
0.239753788014  961  357  357.967709575  16.7274279828  0.0392706055961
0.239753788014  962  376  376.114984354  16.21248294  0.0141020076918
0.239753788014  962  395  394.396115437  16.4696529224  -0.00666309366239
0.239753788014  962  413  412.889340293  16.7709397974  0.0188304516983
0.239753788014  963  431  431.78553692  18.5383259026  0.053736170348
0.239753788014  963  451  450.30814367  18.039373088  -0.00390285376346
0.239753788014  963  469  469.526680699  19.8840872038  0.0478780751868
0.239753788014  963  489  488.471690045  19.7426174809  0.00765188108133
0.239753788014  963  508  508.060653178  0.271874729959  0.0258741329987
0.239753788014  963  528  527.752045165  24.2918935746  0.0173776454059
0.239753788014  963  548  547.851112062  26.3413328595  0.0190624967296
0.239753788014  963  568  568.963503541  30.3210627182  0.0424766760077
0.239753788014  963  591  589.449507709  34.5497053136  -0.0272482293713
0.239753788014  963  613  611.509518093  0.465101017534  -0.0151688004708
0.239753788014  963  636  634.827469049  34.5456464552  0.0056236959212
0.239753788014  963  657  657.904278748  0.504087919188  0.0622931175239
0.239753788014  962  679  680.304516393  26.9184774766  0.067104488472
0.239753788014  962  702  702.419106791  22.2267622194  0.037407672655
0.239753788014  962  724  725.227841075  20.5168443436  0.0584313399348
0.239753788014  961  748  747.856201768  16.832154257  0.0147256793577
0.239753788014  961  771  771.098364624  15.4503808931  0.0181472513321
0.239753788014  960  794  794.616039279  14.9342643569  0.0270387897473
0.239753788014  959  819  818.227403754  13.1934367223  0.000270604196956
0.239753788014  959  842  842.452177893  12.9857929669  0.0204711318071
0.239753788014  958  867  866.841976935  12.8163907865  0.0111230192136
0.239753788014  957  892  891.622380977  12.7797718014  0.0076612164633
0.239753788014  956  917  916.727433451  12.2843701341  0.0249172660768
0.239753788014  955  942  942.330759521  12.4376432286  0.0130189281038
0.239753788014  954  968  968.197552391  12.6539991969  0.0210845611031
0.239753788014  953  994  994.475840875  12.6511464129  0.0313511127474
0.433793788014  947  2  1.73149588877  0.0571891570199  -0.516300427431
0.433793788014  948  18  17.6372198427  5.0148760388  -0.0197245492638
0.433793788014  949  33  33.2718043714  5.34479888595  0.00286513256559
0.433793788014  950  49  48.9702013297  5.52187975591  -0.0198148359939
0.433793788014  951  65  64.8091176388  5.71577636762  -0.0234715257295
0.433793788014  951  81  80.7419016629  5.9736027843  -0.0292518653563
0.433793788014  952  97  96.7339659182  6.06387118323  -0.0244222423984
0.433793788014  953  113  112.986955676  6.22728379326  -0.00591427509812
0.433793788014  954  129  129.393940043  6.61298824901  0.0260776805969
0.433793788014  954  146  145.617911641  6.9513007156  -0.00154770007675
0.433793788014  955  162  162.326989688  7.62408917178  0.0295193447224
0.433793788014  956  179  179.007863968  8.69838446686  0.0216739535413
0.433793788014  956  196  195.85270463  9.89799365752  0.0170542323045
0.433793788014  957  213  213.192567926  12.6022344273  0.020458293838
0.433793788014  957  231  231.20697875  0.383245587362  -4.88994245548
0.433793788014  958  248  248.466602365  0.206214639391  0.0335114587275
0.433793788014  958  266  266.487016686  18.9186401302  0.0259325747872
0.433793788014  959  284  284.966298981  19.4422789161  0.0437086216071
0.433793788014  959  303  302.746019826  18.4417981606  -0.0162777687569
0.433793788014  960  321  321.29871446  17.5171058588  0.0114435225295
0.433793788014  960  339  339.351226495  17.0690656774  0.0169037136021
0.433793788014  961  357  357.639846118  0.203512907027  0.0314569373334
0.433793788014  961  376  375.831355217  16.301963073  0.00784565504809
0.433793788014  961  394  394.43352639  0.198322885452  0.0324099737764
0.433793788014  961  413  412.278532331  0.300719270249  -8.80113099582
0.433793788014  962  431  431.680664861  17.2762280805  0.049174407386
0.433793788014  962  450  450.349313641  17.8524471644  0.0353979545011
0.433793788014  962  469  469.329441548  18.7194573255  0.0420073496226
0.433793788014  962  488  488.529998553  20.8667101923  0.0447420760708
0.433793788014  962  509  507.54643412  20.8038288991  -0.0282434121427
0.433793788014  962  527  527.8566088  24.412851539  0.0539751463908
0.433793788014  962  548  547.605684238  25.973298098  0.00843231539436
0.433793788014  962  568  568.582230808  30.2168616743  0.0337757628092
0.433793788014  962  590  589.443973539  33.531379047  0.00524028795138
0.433793788014  962  613  611.228386821  34.6618163154  -0.0284830214375
0.433793788014  962  634  634.99059273  0.92923228164  0.0620204297315
0.433793788014  962  657  657.626513517  0.478475222122  0.0586887342032
0.433793788014  961  679  679.996739806  0.37238042543  0.0601438737022
0.433793788014  961  702  702.34113972  21.9855828143  0.0321400243269
0.433793788014  961  724  725.155440338  19.3473359568  0.0512064422345
0.433793788014  960  747  747.917936565  17.8698365175  0.0423219116011
0.433793788014  960  771  770.912116151  15.7027612471  0.0192785667362
0.433793788014  959  795  795.307502316  0.334633821253  -6.47533950967
0.433793788014  958  818  818.223539496  13.6614440519  0.0191115730219
0.433793788014  958  842  842.348445636  13.0947097943  0.0203732505673
0.433793788014  957  867  866.683243626  12.8188231977  0.00844080866518
0.433793788014  956  892  891.531753333  12.6468691278  0.00781587621121
0.433793788014  955  917  916.579943145  12.2450969093  0.0215497194368
0.433793788014  954  942  942.17755207  12.32584052  0.00957268836723
0.433793788014  953  968  968.074189616  12.7043973461  0.0178380626204
0.433793788014  952  994  994.405633301  12.5419416308  0.0349844486672
0.627833788014  947  2  1.61871130588  0.052655215381  -0.556244514829
0.627833788014  947  17  17.4973533024  5.24711469405  0.0142129808753
0.627833788014  948  33  33.0499398987  5.38914831927  -0.00968173827715
0.627833788014  949  49  48.7679177901  5.54904089248  -0.0264247081588
0.627833788014  950  65  64.5940398214  5.70334419431  -0.0359491958144
0.627833788014  951  81  80.5073760959  5.90498371329  -0.0352494781833
0.627833788014  951  97  96.5342472076  6.08420752263  -0.0341767780054
0.627833788014  952  113  112.794936531  6.24294978435  -0.0102851939544
0.627833788014  953  129  129.177371315  6.56570862354  0.0178733263011
0.627833788014  953  145  145.498255247  7.02800584535  0.022041877164
0.627833788014  954  162  162.112379062  7.65729420143  0.0216756597429
0.627833788014  955  179  178.847326841  8.80944056773  0.0238131091221
0.627833788014  955  196  195.630647088  9.8543412556  0.0102152022221
0.627833788014  956  213  212.973526122  11.6526893216  0.017725933214
0.627833788014  956  230  230.409227746  15.1649982124  0.0299538238106
0.627833788014  957  248  248.226275865  17.2969033326  0.0181318267804
0.627833788014  957  266  266.471315034  19.0397178845  0.0213935319254
0.627833788014  958  284  284.708437652  19.1248205355  0.0356246985411
0.627833788014  958  302  302.762848982  0.226438411979  0.0309250400662
0.627833788014  959  321  321.076115898  17.3548061672  0.00364319652101
0.627833788014  959  339  339.192485894  17.0964958611  0.012623824825
0.627833788014  960  357  357.519711565  16.6830181175  0.0244798684471
0.627833788014  960  376  375.28733866  0.302341517103  -8.59237516464
0.627833788014  960  394  394.17887621  16.2917215096  0.0232730879059
0.627833788014  960  413  412.48682321  16.3937640499  0.00143692655758
0.627833788014  961  431  431.470030523  18.106084534  0.0406991154389
0.627833788014  961  451  450.046925956  17.8478022874  -0.00874123375106
0.627833788014  961  469  469.101749381  18.601776661  0.0326881272147
0.627833788014  961  488  488.364040253  19.8479544381  0.0381767928257
0.627833788014  961  507  507.963061863  22.6146660225  0.0613913777237
0.627833788014  961  527  527.451046799  23.984281212  0.0300583661239
0.627833788014  961  547  547.62295234  0.325301840479  0.0357631306339
0.627833788014  961  568  568.278172653  28.3252344739  0.0278658843701
0.627833788014  961  589  589.560471246  34.228665043  0.0367211820593
0.627833788014  961  612  611.205321162  36.8191345426  -0.00233416487207
0.627833788014  961  634  634.530423878  1.18956769082  0.0621493187312
0.627833788014  961  657  657.469098064  32.2464531967  0.046678765075
0.627833788014  960  679  679.790606448  26.5867182996  0.0507242796889
0.627833788014  960  702  702.066381842  0.263116362935  0.0254746589296
0.627833788014  960  725  724.874486588  19.1123606756  0.023803383868
0.627833788014  959  748  747.562448813  16.6721434559  0.0103307273529
0.627833788014  959  771  770.85596708  15.1172418659  0.0139556085247
0.627833788014  958  794  794.396481167  14.6377283441  0.0243051579093
0.627833788014  957  818  818.006796775  13.7345134152  0.0179972039802
0.627833788014  957  842  842.15268469  13.2654755342  0.0163658984204
0.627833788014  956  866  866.633507303  12.8689956797  0.0244138688304
0.627833788014  955  891  891.48013326  12.8651977648  0.020381313775
0.627833788014  954  917  916.40983649  12.1853339481  0.0136570029204
0.627833788014  953  942  942.080337833  12.4484450457  0.0106185424159
0.627833788014  952  968  967.905049196  12.6643152682  0.0114908110464
0.627833788014  951  994  994.255850851  12.4904212465  0.0288982083211
0.821873788014  946  2  1.57419529178  0.0510985094753  -0.600828957811
0.821873788014  946  17  17.3239244273  5.30851007926  0.00935808449657
0.821873788014  947  33  32.8376254626  5.42695889463  -0.022302153236
0.821873788014  948  49  48.5357672008  5.425806269  -0.0435946644126
0.821873788014  949  64  64.4548645909  5.71004735256  -0.00235371552395
0.821873788014  950  80  80.4213010601  5.95361076038  -0.00128353891534
0.821873788014  950  96  96.3869245178  6.07144922631  -0.00420068883463
0.821873788014  951  113  112.601004038  6.22244022886  -0.0188032978348
0.821873788014  952  129  128.973863458  6.49124187915  0.00264317404143
0.821873788014  952  145  145.294498278  7.09470458431  0.0145750661165
0.821873788014  953  162  161.928242392  7.69411688643  0.0190144121937
0.821873788014  954  179  178.666444121  8.72725473963  0.00956818969836
0.821873788014  954  195  195.533306342  10.4399797152  0.0399658080048
0.821873788014  955  213  212.731439161  11.6957885422  0.00633144034195
0.821873788014  955  230  230.292180282  15.0981941093  0.0202434078085
0.821873788014  956  248  247.979840062  15.7775884677  0.0112015148877
0.821873788014  956  265  266.336422157  18.824092313  0.0670769550988
0.821873788014  957  284  284.463193707  19.485776171  0.0261804465512
0.821873788014  957  302  302.623812157  18.4943841057  0.0239979845642
0.821873788014  958  321  320.677287121  16.893423098  -0.0279596926781
0.821873788014  958  338  339.269510448  17.5588139192  0.0560296811885
0.821873788014  959  357  357.373646104  16.6332774165  0.020335493581
0.821873788014  959  375  375.689396869  0.199189366654  0.0342153069505
0.821873788014  959  394  393.928832699  16.4180796935  0.011377908338
0.821873788014  960  413  412.479552092  16.2952069407  -0.00035628034255
0.821873788014  960  431  431.323259765  16.7876745417  0.0346896161131
0.821873788014  960  450  450.06005343  18.0146450902  0.0258972227085
0.821873788014  960  469  468.898343088  19.849430476  0.0227172980596
0.821873788014  960  489  487.8660873  19.722388401  -0.0136624456059
0.821873788014  960  507  507.623772304  22.1538331598  0.0515701282422
0.821873788014  960  527  527.325317892  23.6209066511  0.0291705831917
0.821873788014  960  547  547.530382702  25.6183164984  0.0365236404537
0.821873788014  960  568  568.119027421  28.0059032718  0.0341409308775
0.821873788014  960  588  588.626364745  37.5312745077  0.0
0.821873788014  960  612  610.981906988  36.762840022  -0.00724726219071
0.821873788014  960  634  634.315177951  39.5183774124  0.049203635511
0.821873788014  960  657  657.184982273  32.595758132  0.0474238736845
0.821873788014  959  679  679.700088648  26.6645416945  0.0545558032582
0.821873788014  959  702  701.899927519  21.4211983436  0.020913974583
0.821873788014  959  724  724.858969722  19.1832488985  0.041359034186
0.821873788014  958  747  747.622761449  17.6868143034  0.0381054340255
0.821873788014  958  771  770.697144347  15.1521627218  0.00968607255109
0.821873788014  957  794  794.230564357  14.7168279386  0.0214219020249
0.821873788014  957  818  817.971389364  13.690519242  0.0155918086749
0.821873788014  956  842  842.053555357  13.2506447013  0.015175668757
0.821873788014  955  866  866.514689609  12.6870693367  0.0224426212573
0.821873788014  954  891  891.350197121  12.402433916  0.0157224897405
0.821873788014  953  916  916.406140882  12.5814988635  0.035353161177
0.821873788014  952  942  941.920244633  12.3951387885  0.0043050943271
0.821873788014  951  968  967.740576726  12.7519683504  0.0123812069886
0.821873788014  950  994  994.194722872  12.4992821264  0.0258927123836
1.01591378801  945  2  2.09378034217  3.22139120584  0.0
1.01591378801  945  17  17.1761045777  5.29746549029  0.00729032207303
1.01591378801  946  33  32.6040978305  5.3041577667  -0.0384901753063
1.01591378801  947  48  48.4130261109  5.61815745424  0.00381321763389
1.01591378801  948  64  64.2289682365  5.70998733046  -0.0136096808064
1.01591378801  949  80  80.2613053983  6.01310519436  0.000706505560633
1.01591378801  949  96  96.2270788812  6.24427695544  -0.0161338060415
1.01591378801  950  112  112.425791247  6.267607275  0.008155371139
1.01591378801  951  129  128.766147185  6.46096347084  -0.00201805741868
1.01591378801  951  145  145.224218083  7.06990746027  0.0181317189291
1.01591378801  952  162  161.74156213  7.65256731187  0.0124181405296
1.01591378801  953  179  178.460473593  8.67985424197  0.000168470494936
1.01591378801  953  195  195.348057958  10.5021332542  0.026310365943
1.01591378801  954  213  213.242825886  0.079159854363  -4.57779782784
1.01591378801  955  230  229.958882411  14.9626765026  0.0116924113637
1.01591378801  955  248  247.723162262  15.7054030768  -0.00575570416372
1.01591378801  956  265  266.206263432  18.9798496549  0.0562722849573
1.01591378801  956  284  284.206958587  19.4265361943  0.0116691902292
1.01591378801  957  302  302.405290147  18.356674139  0.0189992558799
1.01591378801  957  321  320.444130685  16.6554147776  -0.036328944431
1.01591378801  957  338  339.0381256  17.6651351354  0.0468007927386
1.01591378801  958  357  357.235690621  16.5303365706  0.0189198774574
1.01591378801  958  375  375.491723453  16.5365023731  0.0259916590527
1.01591378801  958  394  393.731809141  16.2879831701  0.00319951587994
1.01591378801  959  413  413.316183514  0.388431685151  -6.89590789682
1.01591378801  959  431  431.07819099  17.066787106  0.0250487056237
1.01591378801  959  450  449.832790404  18.0518688837  0.0187264789029
1.01591378801  959  469  468.615630609  18.261741074  0.00979453835979
1.01591378801  959  487  488.260779584  0.282588011639  0.0677132383962
1.01591378801  959  507  507.466622564  21.8223270952  0.0428223980408
1.01591378801  959  527  527.118959783  23.5195051864  0.0212189562533
1.01591378801  959  548  547.150837595  25.3622710984  -0.00621923176776
1.01591378801  959  568  568.00944254  0.331292891546  0.0198945497714
1.01591378801  959  589  589.151346753  35.17911756  0.0172810587793
1.01591378801  959  613  610.847367194  35.0137051078  -0.0343795716976
1.01591378801  959  634  633.986838416  0.534416306639  0.0405908988992
1.01591378801  959  657  656.859548435  32.1151317954  0.0347717269253
1.01591378801  958  679  679.489043204  26.7065118968  0.0450656271161
1.01591378801  958  702  701.81651436  21.5271468581  0.0219787548091
1.01591378801  958  724  724.682259418  19.1824079119  0.0379233015384
1.01591378801  957  747  747.40979953  0.209210244019  0.0336733230381
1.01591378801  957  770  770.682486457  0.19282704019  0.0331590798767
1.01591378801  956  794  794.142396645  14.7261501929  0.0183539013881
1.01591378801  956  818  817.831814405  13.5336703239  0.0165427207775
1.01591378801  955  842  841.895986419  13.0198247126  0.013860467747
1.01591378801  954  866  866.375976983  12.732417987  0.0190217913753
1.01591378801  953  891  891.165955459  12.4320011046  0.0172525534219
1.01591378801  952  916  916.289926383  12.3499308382  0.0305636692453
1.01591378801  951  942  941.759325416  12.5021706835  0.00335429104331
1.01591378801  950  968  967.671284436  12.5842610358  0.0111531805324
1.01591378801  949  994  993.997082165  12.5871619795  0.023883170232
1.20995378801  945  17  16.8526060291  5.10861331612  -0.0138040846147
1.20995378801  945  32  32.4759332085  5.52587443869  0.000100441627217
1.20995378801  946  48  48.1950909226  5.59387497562  -0.00701801031944
1.20995378801  947  64  64.034368095  5.69674531296  -0.0179144829216
1.20995378801  948  80  80.0604945376  5.89013077386  -0.0146794422796
1.20995378801  948  96  96.0381736926  6.16568211626  -0.0189579395296
1.20995378801  949  112  112.245550154  6.26223657589  0.00692519093133
1.20995378801  950  129  128.584984306  6.53880421379  -0.0079019932285
1.20995378801  951  145  144.981528833  7.03390541358  0.0120932254059
1.20995378801  951  162  161.498399753  7.61096403421  -0.00012082284819
1.20995378801  952  178  178.340694319  8.59378573041  0.0344438520867
1.20995378801  952  195  195.153194126  10.4095460244  0.0236094427459
1.20995378801  953  213  212.344114169  11.8293897195  -0.00928840494864
1.20995378801  954  230  229.836402454  14.89372343  0.00435147564095
1.20995378801  954  248  247.485655963  15.8790404111  -0.0141880022892
1.20995378801  955  265  265.937045915  18.9820214273  0.0501409994297
1.20995378801  955  283  284.232280673  19.2944497137  0.0566128188416
1.20995378801  956  302  302.373384283  18.1806487042  0.00800662544399
1.20995378801  956  320  320.493933806  18.151801829  0.0202524882612
1.20995378801  956  338  338.844248346  0.212052827431  0.0304664685371
1.20995378801  957  357  357.067009115  16.384127962  0.00986924187909
1.20995378801  957  375  375.330086909  16.4191046362  0.0214817523079
1.20995378801  957  393  393.766931131  16.4863924185  0.0371819201998
1.20995378801  958  412  412.318643947  0.203362753288  0.0345482185973
1.20995378801  958  431  430.914962849  17.1346709637  0.0175290049831
1.20995378801  958  449  449.938614697  19.3971743807  0.0585850734043
1.20995378801  958  469  468.462667321  17.9372464501  0.00768385989024
1.20995378801  958  487  488.071488563  20.6571264953  0.063610010124
1.20995378801  958  507  507.303427007  21.7563415532  0.0382600658792
1.20995378801  958  528  526.786551615  21.9581052933  -0.0277902934608
1.20995378801  958  547  547.240556037  25.621101289  0.0282448748562
1.20995378801  958  568  567.804329331  28.7640778708  0.0117687231639
1.20995378801  958  590  588.757220491  31.5466979592  -0.0137144111535
1.20995378801  958  611  611.06070674  36.9178737029  0.0216859363829
1.20995378801  958  634  633.769467372  38.6733030262  0.0326490470992
1.20995378801  958  657  656.631643237  32.1128401001  0.0254327020727
1.20995378801  958  679  679.38760872  26.2631139122  0.04448227018
1.20995378801  957  702  701.647415875  21.5290428164  0.0163536498674
1.20995378801  957  724  724.484376228  19.0650444643  0.0366953714186
1.20995378801  956  747  747.280421889  17.7963116213  0.0285541039646
1.20995378801  956  771  770.399617055  15.0792048635  0.0048498955972
1.20995378801  955  794  793.947257316  14.626295695  0.0162662447206
1.20995378801  955  818  817.69947492  13.5303292562  0.0108572385665
1.20995378801  954  842  841.761296584  13.0522157186  0.0119465921099
1.20995378801  953  866  866.298043506  12.750080953  0.0175709259875
1.20995378801  952  891  891.054069839  12.3259535763  0.0147564178085
1.20995378801  951  916  916.156920209  12.3518115512  0.0324258281495
1.20995378801  950  942  941.737046182  12.3922099597  0.000936723391195
1.20995378801  949  968  967.536910362  12.7288916959  0.0126161543386
1.20995378801  948  994  993.841791852  12.4017340186  0.0179677823276
1.40399378801  944  17  16.7556766152  5.1989239563  -0.0103311332279
1.40399378801  944  32  32.2632215261  5.51518066359  -0.00387797099357
1.40399378801  945  48  47.9788373273  5.63921428712  -0.0212068805992
1.40399378801  946  64  63.8466764218  5.73048644428  -0.0230230608917
1.40399378801  947  80  79.8338526724  5.94007125366  -0.0234967299509
1.40399378801  947  96  95.9057043315  6.15425465708  -0.0128291197803
1.40399378801  948  112  112.058667846  6.28495176121  -0.00249972149764
1.40399378801  949  128  128.433364201  6.5264469514  0.0176262866868
1.40399378801  950  145  144.853600521  7.08451285417  0.0142983819765
1.40399378801  950  161  161.388774265  7.57237059346  0.0296289736433
1.40399378801  951  178  178.138686394  8.62170816683  0.0279100473966
1.40399378801  951  195  195.053244884  10.0061579677  0.0254577941828
1.40399378801  952  212  212.228778862  11.7409423254  0.0317015353118
1.40399378801  953  229  229.812339886  14.9417897442  0.053481732089
1.40399378801  953  247  247.554440374  0.210459170316  0.0300945282223
1.40399378801  954  265  265.706933998  18.947214201  0.0370767732235
1.40399378801  954  283  283.895410214  19.5254463613  0.0459924574754
1.40399378801  955  301  302.446059458  19.0500924255  0.0634856754574
1.40399378801  955  320  320.300355711  18.4159673041  0.0167399143473
1.40399378801  955  338  338.795900788  0.214759499722  0.0302787570056
1.40399378801  956  357  356.856828732  16.4642181889  0.00243189425891
1.40399378801  956  375  375.159322468  16.2656886192  0.0181422379715
1.40399378801  956  393  393.636694613  0.204038852475  0.0337853233891
1.40399378801  957  412  412.031591356  16.9315412954  0.0227370394116
1.40399378801  957  431  430.715148944  17.0428929893  0.0134518996168
1.40399378801  957  449  449.681387588  17.6586952449  0.0502335350037
1.40399378801  957  468  468.61955014  0.226019043971  0.0510265310515
1.40399378801  957  487  487.834620913  20.7898405488  0.0542146481155
1.40399378801  957  507  507.148231177  0.267100483959  0.0266182455422
1.40399378801  958  528  526.786551615  21.9581052933  -0.0277902934608
1.40399378801  958  547  547.240556037  25.621101289  0.0282448748562
1.40399378801  958  568  567.692867312  28.5427943086  0.0133077013643
1.40399378801  957  590  588.552209339  33.3573795865  -0.0205525944616
1.40399378801  957  612  610.563139905  36.5982471562  0.0
1.40399378801  957  634  633.582956988  37.7114939086  0.017215840849
1.40399378801  957  657  656.33561208  32.5835299421  0.01952095407
1.40399378801  957  679  679.221708196  26.4513377678  0.0366105710173
1.40399378801  956  701  701.766160059  21.8949794336  0.0438869646545
1.40399378801  956  724  724.358236971  19.1464628226  0.0338450387795
1.40399378801  955  747  747.170653388  16.7748015959  0.024351985536
1.40399378801  955  770  770.405544906  15.2004212261  0.0261365858119
1.40399378801  954  793  793.947158844  14.7062219603  0.0309661712879
1.40399378801  954  818  817.60498737  13.2557090351  0.010569184406
1.40399378801  953  841  841.714638176  13.2588205469  0.0274626226383
1.40399378801  952  866  866.159797573  12.6568113126  0.0107111181115
1.40399378801  951  891  890.918092128  12.5494820311  0.0125735134914
1.40399378801  951  916  915.986209201  12.3956356133  0.0227239276823
1.40399378801  950  942  941.584779365  12.3038881816  0.00235922054314
1.40399378801  948  968  967.494216195  12.6279806212  0.00990253495717
1.40399378801  947  994  993.738266191  12.2775030981  0.0211655242617
1.59803378801  943  17  16.5654668091  5.22702030364  -0.0110190117824
1.59803378801  943  32  32.1240971843  5.56881066917  -0.00905433716372
1.59803378801  944  48  47.7633662589  5.62478396707  -0.0313829915121
1.59803378801  945  64  63.6279506144  5.80341464895  -0.0383777927649
1.59803378801  946  80  79.6243469813  5.95514784582  -0.0357859506927
1.59803378801  947  96  95.7074793767  6.19478884052  -0.0144152751895
1.59803378801  947  112  111.849017422  6.28879196286  -0.0122233259311
1.59803378801  948  128  128.279050844  6.56543463695  0.0132752244163
1.59803378801  949  145  144.675912188  7.05612947363  0.0138916741224
1.59803378801  949  161  161.198163898  7.6368105957  0.0212615984847
1.59803378801  950  178  177.948335036  8.49744609088  0.0185123940445
1.59803378801  951  195  194.807630058  10.0047312701  0.0152896928145
1.59803378801  951  212  211.989463547  11.6703465685  0.0198662023205
1.59803378801  952  229  229.603282668  0.177744667712  0.0373778908027
1.59803378801  952  247  247.2784108  17.4592658653  0.0196041317876
1.59803378801  953  265  265.536986795  18.7749249792  0.0314237598093
1.59803378801  953  283  283.772426841  19.8920908225  0.0356160270308
1.59803378801  954  301  302.272566578  19.2745263909  0.0547781532104
1.59803378801  954  320  320.097020308  18.1945312631  0.00605965527463
1.59803378801  955  338  338.440373346  17.6660860843  0.0212960029142
1.59803378801  955  357  356.681883337  16.5628579181  -0.0060515567951
1.59803378801  955  375  374.993426599  16.1972441805  0.0117439630641
1.59803378801  955  393  393.554733709  0.204111446693  0.0337913972367
1.59803378801  956  412  412.00087628  16.7537501811  0.0203526858484
1.59803378801  956  431  430.509016815  16.8426881728  0.00701470254399
1.59803378801  956  449  449.517981759  17.588132233  0.0410134109665
1.59803378801  956  468  468.466933454  18.5257689839  0.0437594524413
1.59803378801  956  487  487.728336705  21.0456336282  0.05291476154
1.59803378801  957  507  507.126479512  21.8236413565  0.0341011014784
1.59803378801  957  527  526.938234056  23.4062251885  0.0165069354652
1.59803378801  957  547  547.118975728  25.1310182075  0.0238724552831
1.59803378801  957  567  567.791510406  28.8895847208  0.0442021360076
1.59803378801  956  590  588.913147985  31.8453651338  -0.00728217489336
1.59803378801  956  611  610.23369237  36.2355869856  -0.000496571233265
1.59803378801  956  634  633.17508236  37.39196998  0.00794281697716
1.59803378801  956  657  656.161711451  32.0578685406  0.013443660481
1.59803378801  956  679  679.026283991  26.4147670348  0.0327020775155
1.59803378801  955  702  701.245452165  22.2251050963  0.00664091760394
1.59803378801  955  724  724.104202568  19.1977571976  0.0256934131944
1.59803378801  955  747  747.089924574  17.5870584537  0.0248844439499
1.59803378801  954  771  770.148667322  15.1949207187  0.00175446360154
1.59803378801  953  793  793.776706603  15.0738199361  0.0305176758923
1.59803378801  953  818  818.297860624  0.327256488477  -6.26966278176
1.59803378801  952  842  841.505901107  13.1185882745  0.00727694969119
1.59803378801  951  866  866.005027365  12.6905782133  0.0111444557322
1.59803378801  951  891  890.902996952  12.5076841864  0.0107023531713
1.59803378801  950  916  915.87817323  12.4260842954  0.0267373238266
1.59803378801  949  942  941.4661293  12.3484228946  -7.58379785653e-05
1.59803378801  948  968  967.415026563  12.6658783195  0.0105928025971
1.59803378801  946  994  993.582056366  12.1923788352  0.0136830964084
1.79207378801  942  16  16.4716121223  5.27095629364  0.027634832712
1.79207378801  943  32  31.8826273395  5.34870763546  -0.0170724076629
1.79207378801  943  47  47.6074870657  5.66414902711  -0.00110892529685
1.79207378801  944  63  63.4792491018  5.73606360218  -0.00501675220453
1.79207378801  945  79  79.5012700373  5.97000779815  -0.00154717789407
1.79207378801  946  96  95.5823114591  6.28747292769  -0.0180390207286
1.79207378801  946  112  111.683412689  6.30125020179  -0.0121464551482
1.79207378801  947  128  128.059339006  6.56706063326  0.00469431070473
1.79207378801  948  145  144.539280628  6.985971292  0.00196092947047
1.79207378801  948  161  160.993696398  7.6128220813  0.0151829539959
1.79207378801  949  178  177.770066692  8.48495338175  0.00982280361665
1.79207378801  950  195  194.655122881  10.0866603716  0.0109698020938
1.79207378801  950  212  211.819697083  11.6275770092  0.013699322501
1.79207378801  951  229  229.388519618  14.896352348  0.0272864047446
1.79207378801  951  247  247.071560888  17.3618701344  0.00934223081677
1.79207378801  952  265  265.21170757  18.9325427521  0.0162033349314
1.79207378801  952  283  283.578275407  19.4576682588  0.0304336547994
1.79207378801  953  301  302.019490679  19.1427060894  0.0447729674312
1.79207378801  953  320  319.925716052  18.2917631581  -0.00527195795311
1.79207378801  954  338  338.371098858  17.7863909093  0.022481400041
1.79207378801  954  357  356.446280721  16.6811539571  -0.0126302985591
1.79207378801  954  375  374.802911184  16.5281589382  0.0021598640487
1.79207378801  955  393  393.319038642  0.206469959556  0.0312080052483
1.79207378801  955  412  411.855867723  16.669414295  0.0126507467249
1.79207378801  955  431  431.308485563  0.398358341371  -6.96183527749
1.79207378801  955  449  449.342871997  18.858120309  0.0338368917639
1.79207378801  955  469  468.064799942  18.489287449  -0.00847043856784
1.79207378801  956  487  487.634981363  20.8734805669  0.0475186947289
1.79207378801  956  507  507.010662608  0.265959215455  0.0257482542347
1.79207378801  956  527  526.913942202  0.29031774562  0.0226348528871
1.79207378801  956  547  546.952783546  25.023684604  0.0195837233865
1.79207378801  956  567  567.789549517  29.2588878027  0.0455191893048
1.79207378801  956  590  588.537585819  31.3268492044  -0.0189799573774
1.79207378801  955  610  610.631306455  39.5121204039  0.0363678136401
1.79207378801  955  634  633.211546177  34.4015002141  0.0099685235172
1.79207378801  955  655  655.358278887  33.7364769624  0.0
1.79207378801  955  678  679.213860453  27.432973247  0.0649983695823
1.79207378801  954  701  701.291975319  0.272737187641  0.0260161291874
1.79207378801  954  724  723.883785254  18.8882224106  0.0176624887676
1.79207378801  954  747  746.899171238  16.8663358551  0.0210862736186
1.79207378801  953  770  770.074578039  15.9107326272  0.0209150693584
1.79207378801  952  794  793.630277622  14.3584295347  0.00466471093983
1.79207378801  952  817  817.410669059  13.9102652226  0.0253563402518
1.79207378801  951  841  841.390092746  13.2394814229  0.019173778845
1.79207378801  950  866  865.953639963  12.5485351703  0.0103920679275
1.79207378801  950  891  890.740302753  12.4920573219  0.0119364791431
1.79207378801  949  916  915.711157959  12.5756754357  0.0197475099378
1.79207378801  948  942  941.326388327  12.5053198903  0.000189086351924
1.79207378801  947  968  968.318514208  0.392978897131  -5.64804489251
1.79207378801  945  994  994.295551732  0.36100930643  -5.87201970455
1.98611378801  941  16  16.283585321  5.21474459341  0.0215137106113
1.98611378801  942  32  31.7916681803  5.32425661353  -0.0216706237281
1.98611378801  942  47  47.4077062537  5.72986772251  -0.0124325285123
1.98611378801  943  63  63.3109748878  5.6830440246  -0.00227235277739
1.98611378801  944  79  79.3099427021  5.91553682936  -0.00721678625243
1.98611378801  945  95  95.4639864246  6.20905035611  0.0109568249522
1.98611378801  945  111  111.527093216  6.49005294962  -0.00174762366692
1.98611378801  946  128  127.877254216  6.57133681863  0.00309278526661
1.98611378801  947  144  144.406526154  6.95414260182  0.0301837382133
1.98611378801  947  161  160.823763768  7.92390580967  -0.00260923213156
1.98611378801  948  178  177.553264281  8.59805029267  0.00704957681985
1.98611378801  949  195  194.491847668  9.98375334691  0.0055007542477
1.98611378801  949  212  211.598420262  11.7805113  0.00732243970352
1.98611378801  950  229  229.208106285  14.751916474  0.0148658891485
1.98611378801  950  247  246.791074888  17.5021047531  -0.000236293377738
1.98611378801  951  265  264.962973918  18.8482101139  0.00987136313812
1.98611378801  951  283  283.224372515  19.6698892499  0.00889790476891
1.98611378801  952  301  301.669854071  0.23061413099  0.0294532436899
1.98611378801  952  319  319.923921622  18.1613271339  0.0377237090994
1.98611378801  953  338  338.193209215  17.5550931963  0.021193271325
1.98611378801  953  357  357.286570775  0.411210969167  -7.17605915482
1.98611378801  953  375  374.555343068  16.6238707488  -0.00754100397853
1.98611378801  954  393  393.21871954  16.4589550695  0.0246391157978
1.98611378801  954  411  411.943052802  0.207998102745  0.0549811842116
1.98611378801  954  430  430.368278054  17.0546519315  0.0375628926675
1.98611378801  954  449  449.09326023  18.226635647  0.0250370174152
1.98611378801  954  468  468.079348371  18.1734750718  0.0333758821931
1.98611378801  955  487  487.540443301  20.6800029891  0.0423535871536
1.98611378801  955  507  506.74450814  21.8700099864  0.0166313961278
1.98611378801  955  527  526.629527582  23.7808450756  0.0151505083043
1.98611378801  955  547  546.624730195  25.0740243966  0.0108940652028
1.98611378801  955  567  567.735588801  27.0494017237  0.0464768835244
1.98611378801  955  588  589.078184204  0.460898781801  0.0467556657152
1.98611378801  954  611  610.199678815  36.4002746412  0.00173536107197
1.98611378801  954  634  632.982151838  36.6302642395  -0.00406208598941
1.98611378801  954  656  656.038411464  32.6042506262  0.0389853066176
1.98611378801  954  678  678.888260891  0.355065951412  0.0526938342946
1.98611378801  953  701  701.123921852  22.5636966579  0.0317602241968
1.98611378801  953  724  723.800295357  18.7799117084  0.0169716830203
1.98611378801  953  747  746.759226476  16.8918266101  0.0174555848038
1.98611378801  952  770  769.816064413  15.4443882551  0.0111443945122
1.98611378801  952  793  793.470728059  14.8605936894  0.0288502533543
1.98611378801  951  817  817.240564222  13.6691729303  0.0204548857864
1.98611378801  950  841  841.292733853  13.2582173801  0.0143525485153
1.98611378801  949  866  865.716833561  12.7975445323  0.0121140365093
1.98611378801  949  890  890.690422966  12.9467503128  0.026034068308
1.98611378801  948  916  915.657124066  12.1227890414  0.0273595526932
1.98611378801  947  941  941.228182582  12.5186021389  0.00916265696851
1.98611378801  946  967  967.150213085  12.7122740668  0.0270902946636
1.98611378801  944  994  993.382423309  12.5130633138  0.0130258133616
2.18015378801  940  16  16.0477284024  5.04462279541  -0.00608263318622
2.18015378801  941  32  31.6368264132  5.11389934807  -0.0486490182795
2.18015378801  941  47  47.2766110316  6.37746127718  -0.0372293281284
2.18015378801  942  63  63.0812719312  5.80036636031  -0.0075209086625
2.18015378801  943  79  79.0930940503  5.91284038957  -0.00594751924407
2.18015378801  944  95  95.2007914597  5.94469713425  -0.0225177555644
2.18015378801  944  111  111.390719376  6.79914707783  -0.0177647678709
2.18015378801  945  128  127.638592528  6.5454089087  0.00774232482681
2.18015378801  946  144  144.184006175  6.89182189628  0.0158517649134
2.18015378801  946  161  160.716776626  8.17922823018  -0.006706920584
2.18015378801  947  177  177.430770389  8.96276784215  0.0376343804346
2.18015378801  948  195  194.27425191  9.78632938613  -0.0248253335834
2.18015378801  948  211  211.364960076  12.7004065847  0.0343961663992
2.18015378801  949  229  229.016233173  14.792827558  0.0133616275627
2.18015378801  949  247  246.52467366  19.2477285266  -0.0252355604526
2.18015378801  950  265  264.89386685  18.9569722637  0.0012495461207
2.18015378801  950  283  283.099050142  20.699029595  -0.00266958523503
2.18015378801  951  301  301.555503039  18.8650133996  0.0275523344164
2.18015378801  951  319  319.686892243  18.0490441974  0.0342813920891
2.18015378801  952  337  338.104639277  16.7068475973  0.0355195050012
2.18015378801  952  356  356.18833846  16.710894828  0.0175373176499
2.18015378801  952  375  375.310585904  0.387203899376  -7.01646929778
2.18015378801  953  393  392.98346398  16.5130963073  0.0176530564603
2.18015378801  953  411  411.60385227  16.5588796467  0.0408268725476
2.18015378801  953  430  430.122151186  0.209412048071  0.0327198064562
2.18015378801  953  449  448.860669886  18.1003118451  0.0216404367751
2.18015378801  953  468  468.189216505  19.7770433472  0.022631620258
2.18015378801  954  487  487.314707671  19.7676200375  0.0379043814115
2.18015378801  954  506  506.838172087  22.1675574144  0.0553708543004
2.18015378801  954  527  526.533693661  22.7746571355  0.0151598128668
2.18015378801  954  546  546.615920095  25.2048215985  0.0375632724687
2.18015378801  954  567  567.400042237  29.4540768308  0.0319840250835
2.18015378801  954  589  588.314435725  33.1556454629  -0.000672842762223
2.18015378801  954  611  609.900366475  0.412050465107  0.0153608990779
2.18015378801  953  634  633.25784805  37.6114840216  -0.000990887444546
2.18015378801  953  656  656.059261481  32.3639582027  0.0338331168927
2.18015378801  953  678  678.837714676  0.356954802458  0.0531406267244
2.18015378801  953  701  700.685506294  22.3557448817  0.0229268628217
2.18015378801  952  724  723.732877288  18.5587549631  0.00951253128594
2.18015378801  952  747  746.659950629  16.5046342055  0.0212714125288
2.18015378801  951  770  769.715937256  15.0768949718  0.00289484878845
2.18015378801  951  793  793.467498504  14.4045798386  0.03599912561
2.18015378801  950  817  817.084827486  13.5399617949  0.0119773916025
2.18015378801  949  841  841.27867783  13.5503023963  0.0213989006806
2.18015378801  949  866  865.363448763  12.6113007596  0.000201492203882
2.18015378801  948  890  890.628538717  12.416632192  0.0372891423937
2.18015378801  947  916  915.52948462  12.0742893302  0.0254464246576
2.18015378801  946  941  941.242983434  12.0819273408  0.0192275589297
2.18015378801  945  967  967.105459355  12.3258649357  0.0282045607599
2.18015378801  944  994  995.830496144  0.107351300105  12.6501711265
