# Band 2C   Etalon 1A   Slice 14
# Distortion map version 06.04.00 - date 2018-10-09
# Trace (isoalpha): Take pixel trace along specified slice, specified alpha position trace is built by taking the pixel in every detector row with alpha value closest to the one specified 
# xpos[i] = np.argmin(alpha_img[i,:])+funcs.find_nearest(alpha_img[i,:][(slice_img[i,:]!=0)],alpha_pos)
#    alpha       x  y      center         FWHM          skewness
0.0  791  14  13.5628160473  5.49549287727  -0.015129961343
0.0  792  29  29.5312370929  5.8831050542  0.00496327456174
0.0  792  45  45.5842404902  6.11710131716  0.00257701613902
0.0  793  62  61.734533073  6.28775784524  -0.0327050618482
0.0  794  78  78.1223586694  6.40680203119  -0.0185355272616
0.0  795  95  94.5524653274  6.65729904963  -0.0241418446054
0.0  795  111  111.121815771  6.84042034886  -0.00911353210394
0.0  796  128  127.81595161  7.07370525802  -0.00626511718657
0.0  797  145  144.674901636  7.53855192794  0.00907379210154
0.0  797  162  161.516958768  8.17091277376  -0.0020717081558
0.0  798  179  178.629273296  8.9343810107  0.00389308732776
0.0  798  196  195.823893627  9.97894830823  0.0166912352823
0.0  799  213  213.292663876  12.171269857  0.025540996922
0.0  800  231  230.823325498  14.3528750901  0.00862005356507
0.0  800  249  248.642196226  17.5059126914  -0.00158875069795
0.0  801  267  266.973235618  21.4961326577  0.0153410587324
0.0  801  285  285.50051523  27.7771155839  0.0
0.0  802  305  304.99284846  27.0746119033  0.0
0.0  802  323  324.480484602  1.00768414399  0.0861647049822
0.0  802  343  342.956011836  23.2180600119  0.00746067396639
0.0  803  361  361.956926939  22.1044006501  0.049207279202
0.0  803  380  380.744608476  20.3396687205  0.0441284206487
0.0  803  399  399.498877484  20.4570591957  0.0437090204627
0.0  804  419  418.409308839  17.7639045935  0.00101519987153
0.0  804  437  437.763150745  18.3459154709  0.0522839637511
0.0  804  457  456.881756392  18.2175832514  0.0227978077001
0.0  804  477  477.296224161  0.38378229733  -7.26740238465
0.0  804  496  496.226711049  18.0993460442  0.0338450387802
0.0  804  516  516.186559572  19.1525464328  0.0241579837645
0.0  804  537  536.4840745  19.7983984766  0.00451687158232
0.0  804  557  557.26308591  21.7351820384  0.0240214481711
0.0  804  578  578.572414952  24.9485306631  0.0315481195178
0.0  804  600  600.074260923  27.1040441046  0.0156070049035
0.0  804  623  622.231564534  30.6124934551  -0.00120613279046
0.0  804  646  645.544719776  0.403812626331  0.0175887418739
0.0  804  668  669.314882455  1.07356053743  0.0756517297892
0.0  803  692  692.228365183  25.5341266973  0.035149317959
0.0  803  715  715.671306325  0.282754440442  0.0408457288314
0.0  802  739  738.687698396  18.2329640644  0.00889939159426
0.0  802  762  762.32901945  17.2406334254  0.0216022782838
0.0  801  786  786.142913982  15.7631811953  0.0177774667679
0.0  801  810  810.217978655  14.3458823623  0.015471264624
0.0  800  835  834.577117351  13.3151947072  0.00128359681172
0.0  800  859  859.350787257  12.9345228806  0.0189775618225
0.0  799  884  884.447180223  13.0027699352  0.0182094766031
0.0  798  910  909.773561975  12.6774233328  0.0215410341729
0.0  797  936  935.643065406  12.6028726745  0.00107810658602
0.0  796  962  961.971596653  13.0863591186  0.0198964971847
0.0  795  989  988.48413312  13.2707233664  0.0142720390393
0.0  794  1016  1017.78622774  0.206135112637  12.5648384045
-1.76322770809  800  14  14.3564123054  5.66422212937  0.0196669599417
-1.76322770809  800  30  30.1590559194  5.95259659166  -0.000355776868796
-1.76322770809  801  46  46.2707959373  6.08872999284  -0.00490772518124
-1.76322770809  802  62  62.4904091983  6.23514827061  -0.00989887234468
-1.76322770809  803  79  78.7514907784  6.40145140318  -0.0311919918742
-1.76322770809  804  95  95.129089991  6.67410419139  -0.0163216644392
-1.76322770809  804  112  111.757711868  6.79026587801  -0.0137566194969
-1.76322770809  805  129  128.444775769  7.14518836401  -0.0168931401629
-1.76322770809  806  145  145.240949476  7.80072658085  0.0222888817979
-1.76322770809  806  162  162.190619648  8.16057923623  0.0199210060671
-1.76322770809  807  179  179.303608196  9.35622322192  0.0227085410427
-1.76322770809  807  197  197.259312845  0.501540412394  -3.92865251584
-1.76322770809  808  214  213.857653379  11.8128889254  0.0132710560302
-1.76322770809  808  231  231.368352591  15.0502749063  0.0260297799188
-1.76322770809  809  249  -5585.7588528  24080.1910831  -0.127433301681
-1.76322770809  810  268  267.309678857  0.387706202077  -8.12329033553
-1.76322770809  810  286  286.516292946  24.5486486827  0.0184678484548
-1.76322770809  810  305  305.385298395  25.4476279341  0.0455727572723
-1.76322770809  811  323  325.156311859  28.2111802551  0.0933580131074
-1.76322770809  811  343  343.527462688  0.288329912646  0.0225134937017
-1.76322770809  812  361  362.592543229  26.1470215838  0.0996499348598
-1.76322770809  812  381  380.858158276  19.8921499404  0.00545092907637
-1.76322770809  812  400  399.607303327  18.8800450595  0.00285865145263
-1.76322770809  812  419  418.745667948  17.4197093402  0.0340282551134
-1.76322770809  813  438  437.812143657  18.425073809  0.0136008466986
-1.76322770809  813  457  457.216951288  18.7448811109  0.0367100830405
-1.76322770809  813  477  476.583175899  17.5015280721  0.0116045477658
-1.76322770809  813  496  496.426509847  18.9300658817  0.040042794172
-1.76322770809  813  517  516.408890191  19.6806635475  0.00754562512122
-1.76322770809  813  537  536.837313143  20.5546427609  0.015245457807
-1.76322770809  813  558  557.502594246  22.2433555193  0.00371035968928
-1.76322770809  813  579  578.725809765  25.6284606316  0.010308135745
-1.76322770809  813  601  600.345526823  27.1859678783  0.00269695653568
-1.76322770809  813  622  623.187207379  33.2458575481  0.0494553160882
-1.76322770809  813  646  645.787702007  31.254135247  0.0336744424155
-1.76322770809  812  669  669.511404385  26.0741850687  0.0188049144579
-1.76322770809  812  692  692.483807894  24.272716431  0.0454978522735
-1.76322770809  812  715  715.485620103  20.8833975767  0.0412776207442
-1.76322770809  811  738  738.93568005  0.227293872524  0.0297064765302
-1.76322770809  811  762  762.359357121  17.1933827153  0.0270658657548
-1.76322770809  810  786  786.161142024  15.0611108273  0.00781216984486
-1.76322770809  810  810  810.116949951  14.4248095622  0.0229451845648
-1.76322770809  809  835  834.529386181  13.5408675737  0.00595203289381
-1.76322770809  808  859  859.613963299  12.9979909347  0.0264147902694
-1.76322770809  808  884  884.248204813  13.6746022613  0.0138365226847
-1.76322770809  807  910  909.568668215  12.8793166879  0.0194297029428
-1.76322770809  806  936  935.532021401  12.9712021591  0.00318050527707
-1.76322770809  805  962  961.751766953  13.41011119  0.014920732105
-1.76322770809  804  988  988.388742663  14.3550980387  0.0239506443178
-1.76322770809  802  1017  1018.80315217  0.121411174565  12.7934935215
-1.56918770809  799  14  14.255015092  5.68444262141  0.0134930521755
-1.56918770809  800  30  30.1837047429  5.97015373587  -0.00343526858588
-1.56918770809  800  46  46.1794874554  6.1702504732  -0.0141427373434
-1.56918770809  801  62  62.4325417532  6.25844357442  -0.00449980118207
-1.56918770809  802  79  78.6874605117  6.45479378571  -0.0373138901404
-1.56918770809  803  95  95.1495966351  6.68186181092  -0.0125977863856
-1.56918770809  803  112  111.700952177  6.85795041836  -0.0183240433034
-1.56918770809  804  128  128.411540027  7.07328080047  0.0169197396982
-1.56918770809  805  145  145.270629423  7.58705243162  0.0264840083217
-1.56918770809  805  162  162.114295326  8.06294970705  0.0200197351466
-1.56918770809  806  179  179.209898608  8.95380199347  0.0302730356063
-1.56918770809  806  196  196.404727783  10.5730675804  0.0315299233982
-1.56918770809  807  214  213.688190992  11.6293207487  0.010302450795
-1.56918770809  808  231  231.469093263  14.8146910231  0.0288278507413
-1.56918770809  808  249  249.214657882  17.5246114854  0.0220620787282
-1.56918770809  809  268  267.191084889  21.5225782947  -0.0185524421769
-1.56918770809  809  286  286.323484994  25.7163565006  0.0176134607482
-1.56918770809  809  305  305.958316519  27.7967614535  0.048949441885
-1.56918770809  810  323  325.175769603  31.0580522554  0.0843557426284
-1.56918770809  810  343  343.529359295  23.5612661552  0.0292048295285
-1.56918770809  811  361  362.827277527  24.6011296145  0.0885043188628
-1.56918770809  811  381  381.007775084  20.0404623833  0.0169295124278
-1.56918770809  811  400  399.730178058  18.8140179865  0.00745124263733
-1.56918770809  811  419  418.662464909  18.0527531648  0.0046720823629
-1.56918770809  812  438  437.815187054  17.5797097385  0.0160459563038
-1.56918770809  812  457  457.235492763  17.167897424  0.0418768643419
-1.56918770809  812  476  476.800640616  18.1862895037  0.0466515728517
-1.56918770809  812  497  497.320788699  0.108626879581  -7.0422355535
-1.56918770809  812  517  516.333404966  19.0010201209  0.00249725351857
-1.56918770809  812  537  536.7242227  19.9586559305  0.00873224593922
-1.56918770809  812  558  557.36322957  21.3133713215  0.00102500689934
-1.56918770809  812  578  578.709167813  24.9998038284  0.0381888625536
-1.56918770809  812  600  600.243478399  27.5824089704  0.0236679545407
-1.56918770809  812  622  622.575351238  32.9457283188  0.0310785175193
-1.56918770809  812  646  645.555726027  34.705927277  0.0219609839074
-1.56918770809  811  670  668.750427108  28.6272457531  -0.00333504158986
-1.56918770809  811  692  692.532502139  24.8180944842  0.0436309659381
-1.56918770809  811  715  715.720831376  20.726479576  0.0418478676098
-1.56918770809  810  738  739.070352521  19.3267497495  0.0408550567614
-1.56918770809  810  762  762.489680906  17.304204058  0.0285996750642
-1.56918770809  809  786  786.184683522  15.7462760743  0.0144869479237
-1.56918770809  809  810  810.262908128  14.3606642901  0.020168455046
-1.56918770809  808  835  834.642038258  13.4608665499  0.00564696232637
-1.56918770809  807  859  859.385833207  13.0773592824  0.0232711697067
-1.56918770809  807  884  884.400164259  13.1087687341  0.0163012318329
-1.56918770809  806  910  909.745651559  12.5925606768  0.0232316820384
-1.56918770809  805  936  935.678643858  12.7876659048  0.00250145752685
-1.56918770809  804  962  961.837439632  13.0412986754  0.0168410896041
-1.56918770809  803  989  989.299236444  0.397000107161  -5.93020802163
-1.56918770809  802  1016  1017.78778204  0.20833963343  12.5632273732
-1.37514770809  798  14  14.1376323057  5.6076670866  0.00705550103928
-1.37514770809  799  30  30.0568136186  6.02353064621  -0.00871453821938
-1.37514770809  799  46  46.0920549365  6.21272681942  -0.0224730684247
-1.37514770809  800  62  62.3288753378  6.27143191017  -0.0118738079593
-1.37514770809  801  79  78.5967133861  6.45937671075  -0.0402481304268
-1.37514770809  802  95  95.1056016684  6.64149291203  -0.0160350149341
-1.37514770809  802  112  111.606854088  6.86416503687  -0.0201707096606
-1.37514770809  803  128  128.33465851  7.08431452127  0.0128079164538
-1.37514770809  804  145  145.164349668  7.4293735973  0.0150591485597
-1.37514770809  804  162  162.055447242  8.07697247828  0.0174969260814
-1.37514770809  805  179  179.115248772  8.90995154658  0.0249883232473
-1.37514770809  805  196  196.378445125  10.6176154102  0.029931970822
-1.37514770809  806  214  213.639184385  11.694505326  0.00900589592397
-1.37514770809  807  231  231.288818001  14.9021088716  0.0277496142357
-1.37514770809  807  249  249.13484985  17.5541829128  0.0218462844352
-1.37514770809  808  268  267.265276379  0.259325307322  -0.0260880421061
-1.37514770809  808  286  286.287106584  25.9161083728  0.0150363030103
-1.37514770809  808  305  305.45919603  27.8843815064  0.0283261455882
-1.37514770809  809  323  325.077505864  0.725773481671  0.0821308104266
-1.37514770809  809  343  343.438572481  23.8972903027  0.0244466683851
-1.37514770809  810  361  362.685534968  0.372231772568  0.0864122538187
-1.37514770809  810  381  380.967152231  19.9114950432  0.0149644577056
-1.37514770809  810  400  399.742224851  18.6687098513  0.00845063700078
-1.37514770809  810  419  418.662848615  17.8412856163  0.0148507442338
-1.37514770809  811  438  437.769991957  17.3222960727  0.017171954251
-1.37514770809  811  457  457.170327021  0.219685429038  0.0321260070995
-1.37514770809  811  477  476.601026919  16.9645915271  0.0182200468197
-1.37514770809  811  496  496.355159628  18.1949805923  0.0382905407095
-1.37514770809  811  516  516.469021748  18.8571078755  0.0358951430784
-1.37514770809  811  537  536.623473792  19.8774957161  0.00862736463656
-1.37514770809  811  557  557.459327594  22.3277363828  0.0296586871879
-1.37514770809  811  579  578.490811965  23.2000133128  0.00611749163894
-1.37514770809  811  600  600.164643629  26.9484132484  0.0219501526121
-1.37514770809  811  623  622.119360318  30.5094202287  -0.00466328478219
-1.37514770809  811  646  645.467823673  34.5846507332  0.013990322455
-1.37514770809  810  670  668.820539558  28.459442368  0.0014800002467
-1.37514770809  810  692  692.580319774  24.9014851802  0.0421081009225
-1.37514770809  810  715  715.819558578  22.3412167529  0.0438908157532
-1.37514770809  809  739  738.843905089  19.4282675645  0.0183733292532
-1.37514770809  809  763  763.305770253  0.392371311638  -7.02472194307
-1.37514770809  808  786  786.197986709  15.4839460938  0.0159023563131
-1.37514770809  808  810  810.335666276  14.4548770673  0.0193335168836
-1.37514770809  807  834  834.747752809  13.4961779351  0.0261477869464
-1.37514770809  807  859  859.468453141  13.2354341278  0.0207115156395
-1.37514770809  806  885  885.301049851  0.367652712869  -6.12748986284
-1.37514770809  805  910  909.783057042  12.7296325117  0.021237390019
-1.37514770809  804  936  935.669382526  12.7949822689  0.00423353541954
-1.37514770809  803  962  961.819625203  13.0597899719  0.0146969548251
-1.37514770809  802  988  988.491464748  13.5094382903  0.0285130137907
-1.37514770809  801  1016  1017.78418516  0.207705361492  12.604561443
-1.18110770809  797  14  14.0586765136  5.68252303021  0.00590815000936
-1.18110770809  798  30  29.9709539304  5.97387705641  -0.0115768799645
-1.18110770809  798  46  46.0000529789  6.15919633346  -0.0220783095666
-1.18110770809  799  62  62.2219032941  6.29936473178  -0.019217842715
-1.18110770809  800  79  78.5192916255  6.44638146451  -0.0398551896039
-1.18110770809  801  95  95.0340934958  6.6508963525  -0.00754225346608
-1.18110770809  801  111  111.574396761  6.8582544116  0.00686797580234
-1.18110770809  802  128  128.282522479  7.1081695244  0.00972570685633
-1.18110770809  803  145  145.081711596  7.5393611216  0.0143322724202
-1.18110770809  803  162  161.96202853  8.02721698435  0.015445574234
-1.18110770809  804  179  179.073383973  8.87960598469  0.0219529046604
-1.18110770809  804  196  196.269902501  10.0605887278  0.0357562578303
-1.18110770809  805  213  213.651905433  12.3543877922  0.0394232485604
-1.18110770809  806  231  231.252085079  14.685401038  0.0219806301637
-1.18110770809  806  249  249.106498494  17.4782015353  0.0171063791432
-1.18110770809  807  268  267.104436475  0.264238915142  -0.0243994129313
-1.18110770809  807  287  285.833130066  26.5972914988  -0.0411416986116
-1.18110770809  808  305  305.581407963  27.1759697414  0.0341695221563
-1.18110770809  808  324  324.444832497  26.20764065  0.0268109004055
-1.18110770809  808  343  343.397668418  23.8702141636  0.0261591726536
-1.18110770809  809  361  362.815439163  25.6147823219  0.102979456103
-1.18110770809  809  381  380.925101656  19.998676492  0.0106955148078
-1.18110770809  809  400  399.685634935  18.7577921961  0.00724585133193
-1.18110770809  809  419  418.277615435  0.31871815768  -8.64978939853
-1.18110770809  810  438  437.737550707  17.2230437576  0.0185331756428
-1.18110770809  810  457  457.129937968  0.20819082527  0.0330534004188
-1.18110770809  810  476  476.754144299  18.0089482428  0.0563875435614
-1.18110770809  810  496  496.369780765  18.1908512591  0.040574262018
-1.18110770809  810  517  516.166432497  19.0356845498  -0.00351846031063
-1.18110770809  810  537  536.601346715  19.8552914916  0.00683486117303
-1.18110770809  810  557  557.597863595  22.6348533007  0.0341508134404
-1.18110770809  810  579  578.407449905  24.4984049033  0.0016038790454
-1.18110770809  810  601  599.904158884  26.9980194498  -0.0153313678401
-1.18110770809  810  623  622.192557003  30.1846372705  -0.00359811368124
-1.18110770809  810  646  645.468171431  32.1035715849  0.0158908840938
-1.18110770809  810  668  669.448302998  0.855555860968  0.0740768377983
-1.18110770809  809  692  692.465777031  0.313034180019  0.0375363751569
-1.18110770809  809  715  715.788354375  22.4470915236  0.0429807883309
-1.18110770809  808  739  738.844017776  18.364244911  0.0133938431942
-1.18110770809  808  762  762.451261751  17.1439244611  0.0226929105649
-1.18110770809  807  786  786.145011907  15.5109360093  0.0174253884146
-1.18110770809  807  810  810.319287825  14.6159188082  0.0207356868481
-1.18110770809  806  835  834.563124437  13.3614603665  0.00411993737624
-1.18110770809  806  859  859.354517011  12.9062940575  0.0198048759652
-1.18110770809  805  884  884.502250838  12.9304621724  0.0191730658292
-1.18110770809  804  910  909.746949394  12.7621177002  0.0223292094268
-1.18110770809  803  936  935.628509125  12.7401702655  0.00173670811017
-1.18110770809  802  962  961.837984634  13.075142464  0.0160426485639
-1.18110770809  801  988  988.509896439  13.4633860157  0.0274058595213
-1.18110770809  800  1016  1017.78269584  0.2060007184  12.5745192773
-0.987067708085  796  14  13.9629110958  5.63970348904  -0.00238953615584
-0.987067708085  797  30  29.9054414032  6.02499154577  -0.00898930265954
-0.987067708085  797  46  45.9300602553  6.25598274416  -0.0289599342189
-0.987067708085  798  62  62.121122327  6.27358999098  -0.0243195737195
-0.987067708085  799  78  78.5202654085  6.37188225511  -0.00165582558337
-0.987067708085  800  95  94.942921076  6.64623815535  -0.0183909095637
-0.987067708085  800  111  111.485607414  6.83631339258  0.00622736189298
-0.987067708085  801  128  128.183975089  7.10268358632  0.00577206174944
-0.987067708085  802  145  145.051051454  7.48795800188  0.0115077099898
-0.987067708085  802  162  161.89453076  8.06829108829  0.0134606540825
-0.987067708085  803  179  178.981000006  9.00961685275  0.0178295060136
-0.987067708085  803  196  196.234562134  10.0136829634  0.0291229549972
-0.987067708085  804  213  213.571001448  12.3376807663  0.0366066506433
-0.987067708085  805  231  231.127888687  14.6024120769  0.0146980813263
-0.987067708085  805  249  249.10220922  17.4224481853  0.01588354024
-0.987067708085  806  267  267.356929805  21.13286662  0.0220886339415
-0.987067708085  806  286  286.063202663  25.5921642716  0.00372678035695
-0.987067708085  807  305  305.226152265  27.4692185965  0.0241689090224
-0.987067708085  807  324  324.349751204  26.3842235998  0.0191250508858
-0.987067708085  807  343  343.327163338  23.2946351182  0.0268378176148
-0.987067708085  808  361  362.651843401  24.5631433995  0.0800842097147
-0.987067708085  808  381  380.811505384  20.3722573906  0.0139476947448
-0.987067708085  808  399  399.873755619  19.9898255974  0.0559369064717
-0.987067708085  809  419  418.509454009  17.71791156  0.00752699060527
-0.987067708085  809  438  437.723194386  17.3334309849  0.0167137999651
-0.987067708085  809  457  457.08190804  18.427597715  0.0255425106211
-0.987067708085  809  477  477.29656392  0.378901561889  -7.33140922954
-0.987067708085  809  496  496.250990286  17.9566937099  0.0351803311625
-0.987067708085  809  516  516.398532359  18.9638043819  0.0360649914437
-0.987067708085  809  537  536.713213874  19.8095898114  0.0103732586557
-0.987067708085  809  557  557.428852059  21.5123598523  0.0356666086733
-0.987067708085  809  578  578.585594786  24.5603233147  0.033237967332
-0.987067708085  809  601  599.831192168  0.329119748731  -0.0201072554465
-0.987067708085  809  623  622.17324482  30.097576701  -0.00456605993851
-0.987067708085  809  646  645.472548372  32.1883882736  0.0193765575579
-0.987067708085  809  669  669.023224895  29.7169227612  0.0292714807541
-0.987067708085  808  692  692.444394968  24.9605986061  0.0374146492026
-0.987067708085  808  715  715.719803435  22.4519280021  0.0426808107209
-0.987067708085  807  739  738.723998057  18.464600518  0.0126535691176
-0.987067708085  807  762  762.434977217  17.2228195168  0.0233826002434
-0.987067708085  806  786  786.121320261  15.5217680717  0.013082393998
-0.987067708085  806  810  810.352148072  14.517407235  0.0232656573559
-0.987067708085  805  835  834.490848897  13.5645899794  0.00264346176227
-0.987067708085  805  859  859.436294547  13.1635070934  0.0168974227565
-0.987067708085  804  884  884.500794336  12.9352550668  0.0227855174419
-0.987067708085  803  910  909.69164315  12.6797991364  0.0195168251593
-0.987067708085  802  936  935.638843042  12.672804784  0.00217407090898
-0.987067708085  801  962  961.875627712  13.1003662615  0.0155247837905
-0.987067708085  800  989  988.430882727  13.1874317681  0.0145192835116
-0.987067708085  799  1015  1016.04929162  0.161199836859  0.0907777399715
-0.793027708085  795  14  13.8918201766  5.63232762724  -0.000913701834607
-0.793027708085  796  30  29.8269145291  5.94941573758  -0.0210996880445
-0.793027708085  796  46  45.8398746904  6.11282988039  -0.0290762084231
-0.793027708085  797  62  62.0516069372  6.33191838069  -0.0244132465926
-0.793027708085  798  78  78.4409390648  6.41776001635  -0.00546176468857
-0.793027708085  799  95  94.840084497  6.67199213036  -0.0206662558687
-0.793027708085  799  111  111.441029241  6.8729966843  0.00153217666077
-0.793027708085  800  128  128.111573008  7.1104794895  0.00668537698945
-0.793027708085  801  145  144.959872705  7.54137316134  0.0117427795029
-0.793027708085  801  162  161.833094152  8.12280819301  0.0123745561313
-0.793027708085  802  179  178.893696684  8.99152619294  0.0140745076092
-0.793027708085  803  196  196.121503763  10.0547005052  0.0309744429909
-0.793027708085  803  213  213.581734166  12.2979757933  0.0385735505742
-0.793027708085  804  231  231.146848134  14.5984599162  0.0177125148447
-0.793027708085  804  249  249.001863889  17.3899385045  0.0123802008095
-0.793027708085  805  267  267.311508633  21.6343177765  0.0336114820706
-0.793027708085  805  285  286.297637805  27.3074189231  0.0461908022749
-0.793027708085  806  305  305.258085496  27.7460207395  0.0228414939387
-0.793027708085  806  323  324.688471355  0.822106129237  0.0828455142833
-0.793027708085  806  343  343.282099812  0.283279274533  0.0225886900586
-0.793027708085  807  362  362.020399141  21.8525677512  0.0083907647582
-0.793027708085  807  381  380.76314714  20.4082425159  0.011243707987
-0.793027708085  807  400  399.438063201  18.7765652314  0.00339275402708
-0.793027708085  808  419  418.607486259  17.6556524978  0.012476384638
-0.793027708085  808  438  437.594312827  17.3281099306  0.0145590244481
-0.793027708085  808  457  457.000995875  18.2068709199  0.0234695842915
-0.793027708085  808  477  477.305604989  0.378533271177  -7.17002332502
-0.793027708085  808  496  496.274971971  17.9926349439  0.032418223324
-0.793027708085  808  517  517.316108331  0.336500235266  -7.0361950188
-0.793027708085  808  537  536.677641346  19.8111601287  0.0111648632838
-0.793027708085  808  558  557.1565478  21.6356683549  -0.00471404115661
-0.793027708085  808  579  578.289986787  23.4520654447  0.00204357560942
-0.793027708085  808  600  600.155504813  27.250257149  0.0171394376573
-0.793027708085  808  623  622.150584775  30.6133123484  -0.007459463525
-0.793027708085  808  646  645.448871851  32.1853536619  0.0185169678342
-0.793027708085  808  668  669.136820986  35.0956014404  0.0758575553036
-0.793027708085  807  692  692.407501697  25.2666422158  0.0375576393607
-0.793027708085  807  715  715.747934922  22.3216622691  0.0435124923606
-0.793027708085  806  739  738.838529204  18.3507189007  0.0154775633485
-0.793027708085  806  762  762.442528124  17.3326438787  0.0241661830026
-0.793027708085  806  786  786.06794064  15.5435513126  0.0150911315405
-0.793027708085  805  810  810.259292217  14.3460566695  0.0191575972891
-0.793027708085  804  834  834.637278852  13.5815260046  0.0195567147869
-0.793027708085  804  859  859.4180594  13.1012987099  0.019911243713
-0.793027708085  803  884  884.502881895  12.9972074135  0.0223828762114
-0.793027708085  802  910  909.743855252  12.8186891877  0.020956081395
-0.793027708085  801  936  935.643535059  12.6319204812  0.00260078943978
-0.793027708085  800  962  961.881959032  13.1078193715  0.0151047544685
-0.793027708085  799  989  989.29455187  0.395677750871  -6.01505003548
-0.793027708085  798  1016  1017.78636163  0.205706249687  12.5991628849
-0.598987708085  794  14  13.8229847407  5.67043565537  -0.00838339914827
-0.598987708085  795  30  29.7225712219  6.02106371105  -0.0200174882193
-0.598987708085  795  46  45.766502928  6.24617294889  -0.0365491852777
-0.598987708085  796  62  61.9839457467  6.28368118151  -0.0228644456626
-0.598987708085  797  78  78.3482065642  6.51492554431  -0.0102726817165
-0.598987708085  798  95  94.7795633616  6.66347766045  -0.0232916056401
-0.598987708085  798  111  111.374738227  6.83589876623  0.00107697617704
-0.598987708085  799  128  128.047498652  7.13041351206  0.00186911493214
-0.598987708085  800  145  144.864608296  7.47377568225  0.00399451332087
-0.598987708085  800  162  161.762375126  8.07989388334  0.00982351500856
-0.598987708085  801  179  178.841746234  8.99345762813  0.00794307375256
-0.598987708085  802  196  196.047137555  9.98325703648  0.0226208535871
-0.598987708085  802  213  213.45402804  12.3016811254  0.0360163894416
-0.598987708085  803  231  231.072564123  14.8130099685  0.0226914611454
-0.598987708085  803  249  248.925287048  17.454693935  0.00821846003863
-0.598987708085  804  267  267.199410768  21.2374137348  0.0199448847327
-0.598987708085  804  285  286.199917135  27.259072679  0.0404648223653
-0.598987708085  805  305  305.02045547  28.8230948657  0.0134208410521
-0.598987708085  805  323  324.736983474  0.875261385731  0.0828260186965
-0.598987708085  805  343  343.156505311  23.7291459092  0.0114289414744
-0.598987708085  806  361  362.461884549  24.412073705  0.0698730855997
-0.598987708085  806  381  380.833419222  20.2493032424  0.0099158882993
-0.598987708085  806  399  399.773585478  20.6144295718  0.0503632942441
-0.598987708085  807  419  418.46851067  17.9321629353  0.00767803821528
-0.598987708085  807  437  437.853751687  18.1856235063  0.0534738498834
-0.598987708085  807  457  457.013335163  17.9709173896  0.0258673575758
-0.598987708085  807  477  476.468937528  17.055408986  0.0162404661835
-0.598987708085  807  496  496.218350482  18.1036721403  0.0339186066195
-0.598987708085  807  517  517.310841203  0.343094448149  -7.04535370311
-0.598987708085  807  537  536.590315471  19.8879702468  0.00773616114083
-0.598987708085  807  557  557.353605915  21.4709860988  0.0315916144521
-0.598987708085  807  578  578.587031548  24.7481061287  0.0355902033144
-0.598987708085  807  601  599.989917097  27.1046715132  -0.0133937993409
-0.598987708085  807  623  622.128809723  30.4006692874  -0.00276011905261
-0.598987708085  807  646  645.274296452  32.2901927215  0.0126588149365
-0.598987708085  807  668  668.196090024  32.6338068991  0.0
-0.598987708085  806  692  692.415939698  25.0354983202  0.0378780637623
-0.598987708085  806  715  715.704016552  22.366115467  0.042358998327
-0.598987708085  805  739  738.781092537  18.3485014248  0.0160507818316
-0.598987708085  805  762  762.431738227  17.5019501401  0.0256624093175
-0.598987708085  805  786  786.198176219  15.7005969377  0.0151778698939
-0.598987708085  804  810  810.202542123  14.3857234339  0.0158440752746
-0.598987708085  803  835  834.580492178  13.6027869752  0.00550403993517
-0.598987708085  803  859  859.397912601  13.057110867  0.0167436266255
-0.598987708085  802  884  884.508422652  12.9914818833  0.0240387500567
-0.598987708085  801  910  909.668462118  12.7521715195  0.0201367533316
-0.598987708085  800  936  935.651466184  12.7870885311  0.00412435908274
-0.598987708085  799  962  961.887674062  13.0714656561  0.0154758281604
-0.598987708085  798  989  988.454892018  13.3037496297  0.0125359403905
-0.598987708085  797  1016  1017.78388296  0.205394851416  12.5402659711
-0.404947708085  793  14  13.7233979817  5.65052464104  -0.0109596322551
-0.404947708085  794  30  29.6488180779  5.9170685071  -0.0290539977805
-0.404947708085  794  46  45.6694629657  6.12693562051  -0.031715798814
-0.404947708085  795  62  61.9110670686  6.2654269064  -0.0301604302926
-0.404947708085  796  78  78.2771922494  6.46721567641  -0.0151875711688
-0.404947708085  797  95  94.7045996662  6.66342180557  -0.0231740050346
-0.404947708085  797  111  111.264825911  6.85985273259  -0.00717893031285
-0.404947708085  798  128  127.946060872  7.12352518687  -0.00046140637598
-0.404947708085  799  145  144.798266245  7.53119118583  0.00354672082209
-0.404947708085  799  162  161.67751032  8.07295972415  0.00194616293209
-0.404947708085  800  179  178.769608281  8.96224693068  0.00901626045089
-0.404947708085  801  196  195.942659353  10.1326317787  0.0199849866789
-0.404947708085  801  213  213.455024327  12.3834871601  0.0314890808483
-0.404947708085  802  231  230.962893905  14.7738778507  0.0167196945346
-0.404947708085  802  249  248.825619411  17.3620157366  0.00472176279482
-0.404947708085  803  267  267.104169683  21.3741693205  0.0161817873845
-0.404947708085  803  286  285.813637943  24.8708408279  -0.00505985993866
-0.404947708085  804  305  304.984969132  27.6972635763  0.0
-0.404947708085  804  323  324.668882694  0.844959469712  0.0831572498255
-0.404947708085  804  343  343.032323523  23.3736793214  0.00884796164467
-0.404947708085  805  361  362.335551739  24.6029546669  0.0678008762742
-0.404947708085  805  381  380.768239338  19.9176101263  0.00826689860921
-0.404947708085  805  399  399.692887994  20.3684930481  0.0477080658797
-0.404947708085  806  419  419.295784895  0.309358621123  -7.61832366694
-0.404947708085  806  437  437.808551216  0.231090042624  0.0496751251731
-0.404947708085  806  457  456.979695534  0.208763298844  0.0317864767485
-0.404947708085  806  476  476.630787229  0.226993602332  0.0512463017854
-0.404947708085  806  496  496.257525819  18.4165647118  0.0352854266481
-0.404947708085  806  517  516.135340511  18.9593433879  -0.00382616962062
-0.404947708085  806  537  536.547645617  20.0292297032  0.00381749085715
-0.404947708085  806  557  557.305399343  22.5972486411  0.0275194607532
-0.404947708085  806  579  578.353090201  23.2572364051  -0.0051322264004
-0.404947708085  806  600  600.301013217  27.0121594484  0.0277440443663
-0.404947708085  806  623  622.299423387  30.5763266059  0.000599297504281
-0.404947708085  806  646  645.350548879  0.392776210371  0.0170638327824
-0.404947708085  806  668  669.228853062  34.3205445616  0.075502420869
-0.404947708085  805  692  692.388204546  25.204778642  0.0345279484878
-0.404947708085  805  715  715.701444892  0.284539848641  0.0409224308317
-0.404947708085  805  739  738.899404452  18.4453481293  0.0143073955915
-0.404947708085  804  762  762.505823  17.4264013166  0.0259638106558
-0.404947708085  804  786  786.103502101  15.6994478898  0.0146759980995
-0.404947708085  803  810  810.298376745  14.3362643543  0.0183750048096
-0.404947708085  802  834  834.668305622  13.5968343795  0.0234077922683
-0.404947708085  802  859  859.384414824  13.053914539  0.0195211476083
-0.404947708085  801  884  884.507207833  12.9433666618  0.0203916946766
-0.404947708085  800  910  909.732121213  12.6827471113  0.0210289303012
-0.404947708085  799  936  935.628263929  12.6311527445  0.00354076645563
-0.404947708085  798  962  961.887812207  13.1064008771  0.0184072865308
-0.404947708085  797  989  988.528711272  13.0004222221  0.0123859843949
-0.404947708085  796  1016  1017.78483547  0.205387882287  12.561328565
-0.210907708085  792  14  13.6298221099  5.63376379775  -0.0120832049728
-0.210907708085  793  30  29.5681609839  6.01839582056  -0.0264582336109
-0.210907708085  793  46  45.6479040632  6.16831647675  -0.0347435312979
-0.210907708085  794  62  61.7980067519  6.27072220103  -0.0313557438993
-0.210907708085  795  78  78.1890171687  6.41897408513  -0.0162785112537
-0.210907708085  796  95  94.617082015  6.64939183278  -0.0332142638248
-0.210907708085  796  111  111.175152508  6.80148221384  -0.00285565011966
-0.210907708085  797  128  127.888467489  7.10209706763  -0.00314819634038
-0.210907708085  798  145  144.729871391  7.45218860465  0.000166198795382
-0.210907708085  798  162  161.615316907  8.11607933986  0.00628842413337
-0.210907708085  799  179  178.708738945  8.96598640653  0.00828765112668
-0.210907708085  800  196  195.924066106  9.98277159554  0.0177653985006
-0.210907708085  800  213  213.383080726  12.2777995566  0.0271353373763
-0.210907708085  801  231  230.890806217  14.724180725  0.0163817119951
-0.210907708085  801  249  248.683901466  17.5247920023  -0.0004612180848
-0.210907708085  802  267  267.096026227  20.7135953561  0.0124070579347
-0.210907708085  802  285  286.023552068  27.1891843488  0.0392205257987
-0.210907708085  803  305  304.859632544  27.7972577206  -0.00238745417939
-0.210907708085  803  323  324.539531076  31.7488201093  0.0832946171328
-0.210907708085  803  343  343.020658297  23.8191822458  0.00231969338077
-0.210907708085  804  361  362.130044019  21.9197876344  0.0558677565756
-0.210907708085  804  380  380.922931271  20.4047181237  0.0506816638102
-0.210907708085  804  399  399.646746812  20.2223845438  0.0479561679643
-0.210907708085  805  419  419.305021828  0.104057598857  -7.44660861455
-0.210907708085  805  438  437.57032609  17.2856657272  0.00875901999701
-0.210907708085  805  457  456.907457718  18.2716380423  0.0262013197629
-0.210907708085  805  477  477.289851258  0.380642063584  -7.4005637862
-0.210907708085  805  496  496.308460023  18.3091509222  0.0418308347139
-0.210907708085  805  516  516.238773113  0.231418740002  0.0288773981456
-0.210907708085  805  537  536.467820296  19.7355201685  0.00120681138172
-0.210907708085  805  557  557.225616615  22.9900312088  0.0210196441979
-0.210907708085  805  579  578.252989021  24.8819940843  -0.00558955219486
-0.210907708085  805  601  599.861761012  27.3176650698  -0.0123812941542
-0.210907708085  805  623  622.373407919  30.7563198124  0.00241040785515
-0.210907708085  805  646  645.424352982  32.4157059511  0.0196314634574
-0.210907708085  805  668  668.191764308  33.048452126  0.0
-0.210907708085  804  693  692.091002885  24.599308447  0.0043199459546
-0.210907708085  804  715  715.751884265  22.5964818289  0.0437551951517
-0.210907708085  804  739  738.729005778  18.2243451049  0.0106933552036
-0.210907708085  803  762  762.417041751  17.2139270971  0.0246155644704
-0.210907708085  803  786  786.163218524  15.7087292127  0.0148681256087
-0.210907708085  802  810  810.23794728  14.360017568  0.015850953667
-0.210907708085  801  834  834.709199814  13.4840297355  0.0250966298604
-0.210907708085  801  859  859.426011993  13.0513341194  0.0174974342059
-0.210907708085  800  884  884.493284321  13.0023294731  0.0208158069775
-0.210907708085  799  910  909.749535679  12.6062830665  0.0224480274366
-0.210907708085  798  936  935.604737273  12.5383277465  0.000961092978237
-0.210907708085  797  962  961.950249414  13.1295527832  0.0198312229933
-0.210907708085  796  989  988.566086631  13.0159899403  0.0155893084271
-0.210907708085  795  1016  1017.78641749  0.204912759206  12.5881492063
-0.0168677080852  791  14  13.5639751394  5.49057698762  -0.0166780659562
-0.0168677080852  792  29  29.5370344258  5.86950746097  0.00493452723394
-0.0168677080852  792  45  45.5897753408  6.11270643984  0.00390896558786
-0.0168677080852  793  62  61.7366873117  6.29881596146  -0.0341851132692
-0.0168677080852  794  78  78.1223586694  6.40680203119  -0.0185355272616
-0.0168677080852  795  95  94.5676047829  6.61097870401  -0.0273644246412
-0.0168677080852  795  111  111.123801782  6.91123606922  -0.0106732260308
-0.0168677080852  796  128  127.81595161  7.07370525802  -0.00626511718657
-0.0168677080852  797  145  144.654894889  7.50214494515  0.00621908060785
-0.0168677080852  797  162  161.524356252  8.1952558805  -0.00362336721056
-0.0168677080852  798  179  178.629273296  8.9343810107  0.00389308732776
-0.0168677080852  799  196  195.030814819  21.7814864542  -99.6011429128
-0.0168677080852  799  213  213.292663876  12.171269857  0.025540996922
-0.0168677080852  800  231  230.880674081  14.3564329349  0.00895808219287
-0.0168677080852  800  249  248.642196226  17.5059126914  -0.00158875069795
-0.0168677080852  801  267  267.000313053  21.3609745559  0.0171090149257
-0.0168677080852  801  285  285.50051523  27.7771155839  0.0
-0.0168677080852  802  305  304.91265709  26.9969246535  -0.000287908937503
-0.0168677080852  802  323  324.480484602  1.00768414399  0.0861647049822
-0.0168677080852  802  343  342.918245631  23.2543418791  0.00520323980894
-0.0168677080852  803  361  361.956926939  22.1044006501  0.049207279202
-0.0168677080852  803  380  380.744608476  20.3396687205  0.0441284206487
-0.0168677080852  803  399  399.498877484  20.4570591957  0.0437090204627
-0.0168677080852  804  419  418.321874337  17.857415774  -0.000176432151975
-0.0168677080852  804  437  437.763150745  18.3459154709  0.0522839637511
-0.0168677080852  804  457  456.881756392  18.2175832514  0.0227978077001
-0.0168677080852  804  477  477.296224161  0.38378229733  -7.26740238465
-0.0168677080852  804  496  496.226711049  18.0993460442  0.0338450387802
-0.0168677080852  804  516  516.186559572  19.1525464328  0.0241579837645
-0.0168677080852  804  537  536.4840745  19.7983984766  0.00451687158232
-0.0168677080852  804  557  557.26308591  21.7351820384  0.0240214481711
-0.0168677080852  804  578  578.572414952  24.9485306631  0.0315481195178
-0.0168677080852  804  600  600.074260923  27.1040441046  0.0156070049035
-0.0168677080852  804  623  622.231564534  30.6124934551  -0.00120613279046
-0.0168677080852  804  646  645.544719776  0.403812626331  0.0175887418739
-0.0168677080852  804  668  669.288753468  34.9048724784  0.0757015184157
-0.0168677080852  803  692  692.228365183  25.5341266973  0.035149317959
-0.0168677080852  803  715  715.671306325  0.282754440442  0.0408457288314
-0.0168677080852  803  739  738.683610276  18.367747508  0.00954361227714
-0.0168677080852  802  762  762.32901945  17.2406334254  0.0216022782838
-0.0168677080852  802  786  786.143212973  15.7638589411  0.0179145093882
-0.0168677080852  801  810  810.217978655  14.3458823623  0.015471264624
-0.0168677080852  800  835  834.589235691  13.2779974479  0.000548352902994
-0.0168677080852  800  859  859.426178749  12.8905054362  0.0218200424443
-0.0168677080852  799  884  884.441389752  12.9847369266  0.0189805411028
-0.0168677080852  798  910  909.775222  12.6817189995  0.021175741608
-0.0168677080852  797  936  935.641858752  12.6073446667  0.00132737274308
-0.0168677080852  796  962  961.923850119  13.0838187679  0.0190464567303
-0.0168677080852  795  989  988.533326072  13.257581784  0.0147321928831
-0.0168677080852  794  1016  1017.7862579  0.206135927567  12.5658647595
0.177172291915  790  13  13.5162144183  5.64168452204  0.0223184895047
0.177172291915  791  29  29.4774854889  5.902159767  0.0103239977456
0.177172291915  791  45  45.5403966064  6.13007184978  -0.00133821812524
0.177172291915  792  62  61.6706860978  6.26087917738  -0.0334587474092
0.177172291915  793  78  78.0239870279  6.35764046665  -0.0239698121025
0.177172291915  794  94  94.5449318341  6.56526158376  0.00266216778532
0.177172291915  794  111  111.029197365  6.87316150384  -0.0144095501705
0.177172291915  795  128  127.759876755  7.05958509238  -0.00407145959971
0.177172291915  796  145  144.579635573  7.51521118183  -0.00282281683036
0.177172291915  796  162  161.477415959  8.07776470974  0.000363400313855
0.177172291915  797  179  178.542918382  8.98001187958  0.00343833256346
0.177172291915  798  196  195.03125822  21.5447334115  -99.5975434682
0.177172291915  798  213  213.236094384  12.124117155  0.0236498406302
0.177172291915  799  231  230.767034935  14.5505283866  0.00858169636749
0.177172291915  799  249  248.63195424  17.6700701527  0.000265470637621
0.177172291915  800  267  266.923868175  21.0935696634  0.00761210171241
0.177172291915  800  285  285.82571624  25.2701932728  0.0483350730592
0.177172291915  801  304  305.273831839  28.4497858197  0.0660737212745
0.177172291915  801  323  324.587966449  0.461659044272  0.0702522284593
0.177172291915  801  343  342.915836595  23.6552809357  0.00466806590334
0.177172291915  802  361  361.430401274  23.9990456855  0.0
0.177172291915  802  381  380.492475315  20.0265290424  -0.00555999923914
0.177172291915  802  399  399.548570171  20.2871805254  0.0468650318704
0.177172291915  803  419  419.290295725  0.412791575962  -7.13270775068
0.177172291915  803  437  437.725757286  18.2538022181  0.0529075380462
0.177172291915  803  457  456.836222206  17.9793219591  0.0204148226299
0.177172291915  803  477  477.304903099  0.382589272681  -7.12448764211
0.177172291915  803  496  496.119263497  18.6397684532  0.025862424479
0.177172291915  803  516  516.234647727  18.6188090693  0.0327679945911
0.177172291915  803  536  536.545865813  19.6605255946  0.0348644165708
0.177172291915  803  557  557.169576895  21.7379379195  0.0226658978197
0.177172291915  803  578  578.459120515  24.9668327301  0.0304885845244
0.177172291915  803  600  600.070228197  27.1227588542  0.0153044934068
0.177172291915  803  623  622.136935392  29.9735234245  -0.000919538170066
0.177172291915  803  646  645.474659959  33.0297451462  0.0138470707027
0.177172291915  803  669  668.71519621  29.6433155471  0.0259301543376
0.177172291915  802  692  692.259232664  0.320699137453  0.0358315022583
0.177172291915  802  715  715.582838959  0.282642287886  0.041039521402
0.177172291915  802  739  738.649309157  18.2292754291  0.00793228807797
0.177172291915  801  762  762.351036308  17.1386722507  0.019712862154
0.177172291915  801  786  786.164304721  15.7149580661  0.0170549922428
0.177172291915  800  810  810.237663627  14.4726764344  0.0153835250828
0.177172291915  799  834  834.60984982  13.5597992986  0.0232613197965
0.177172291915  799  859  859.399943538  13.1257137537  0.0163493410664
0.177172291915  798  884  884.495814585  13.1236699582  0.0212930333614
0.177172291915  797  910  909.77669951  12.7226946196  0.0216522702397
0.177172291915  796  936  935.705561512  12.6600446889  0.00426611437072
0.177172291915  795  962  961.906817713  12.9780781796  0.0186679098479
0.177172291915  794  989  988.47883058  13.3188284274  0.0110889228038
0.177172291915  793  1016  1017.78351627  0.204659426296  12.5429272002
0.371212291915  789  13  13.4341325711  5.61236563099  0.0189652892817
0.371212291915  790  29  29.4175495559  5.85815334755  0.00216847969437
0.371212291915  790  45  45.4460136406  6.13279260807  -0.00287245086428
0.371212291915  791  61  61.6432270098  6.29580732852  -0.000859537289933
0.371212291915  792  78  77.9692161796  6.38429259021  -0.0244872008326
0.371212291915  793  94  94.4481630844  6.59162840892  -0.000621130277157
0.371212291915  793  111  111.013256198  6.95446862253  -0.014596028574
0.371212291915  794  128  127.6929654  7.0880626861  -0.0062760393634
0.371212291915  795  145  144.537180945  7.52261616789  -0.00670594634631
0.371212291915  795  161  161.492242632  8.46940044203  0.0235554980816
0.371212291915  796  179  178.512101221  9.00915735976  0.00285609885794
0.371212291915  797  196  195.748414464  10.1172018564  0.0181585345141
0.371212291915  797  213  213.190813485  12.1968849333  0.0225883210776
0.371212291915  798  231  230.710455853  14.7000381054  -0.00307514178409
0.371212291915  798  249  248.612515581  17.6990595812  -0.00192175299286
0.371212291915  799  267  266.856851171  21.2202018634  0.00809016126305
0.371212291915  799  285  285.663895366  27.3936535047  0.0306188553823
0.371212291915  800  305  304.879905572  27.1366743263  -0.000761596305655
0.371212291915  800  323  324.461533014  29.2544440548  0.0612447795364
0.371212291915  800  343  342.80396712  23.826498232  7.72004327924e-05
0.371212291915  801  361  361.895217478  22.0589767329  0.0512108173755
0.371212291915  801  380  380.679312802  20.1978999387  0.0438572496706
0.371212291915  801  399  399.517345589  20.5503622444  0.0428357257017
0.371212291915  802  419  419.28917342  0.410013755165  -7.18321388621
0.371212291915  802  437  437.62477413  0.231793783594  0.0501731596193
0.371212291915  802  457  456.840612568  17.2966643539  0.0193415461464
0.371212291915  802  476  476.488937354  18.1873515814  0.042674382214
0.371212291915  802  496  496.124686659  0.224246377205  0.0289247260277
0.371212291915  802  516  516.238725682  18.812711662  0.0358097682514
0.371212291915  802  536  536.529904081  19.8201662391  0.0380283088979
0.371212291915  802  557  557.192006999  21.7684949285  0.0205248229317
0.371212291915  802  578  578.363387356  24.893410776  0.0269436998213
0.371212291915  802  600  600.023384234  27.0801428408  0.0134819302598
0.371212291915  802  623  622.202900787  30.2263061989  0.00310106605339
0.371212291915  802  645  645.55426274  0.465164704525  0.0398475874279
0.371212291915  802  669  668.808353952  0.359388537264  0.0197917663563
0.371212291915  801  692  692.164977621  25.5276557592  0.0312919294938
0.371212291915  801  715  715.483217871  21.0593029024  0.0363134034373
0.371212291915  801  738  739.040905103  19.8509903073  0.0427162087583
0.371212291915  800  762  762.324112076  17.0326719213  0.020871339434
0.371212291915  800  786  786.159786967  15.3559996968  0.0215869785384
0.371212291915  799  810  810.260382383  14.5773541118  0.0192764424536
0.371212291915  798  835  834.564579118  13.5153628845  0.00129473420814
0.371212291915  798  859  859.436504056  13.4775226511  0.022244806438
0.371212291915  797  885  884.474275319  12.7368514833  0.00552346753667
0.371212291915  796  910  909.773165483  12.6997420326  0.0237706911541
0.371212291915  795  936  935.770656774  12.6744330836  0.00522323871175
0.371212291915  794  962  961.953401742  12.9403112119  0.0183489896276
0.371212291915  793  989  988.517903756  13.2988340666  0.0107898684632
0.371212291915  792  1016  1017.77909805  0.201555467012  12.531147787
0.565252291915  788  13  13.3702153667  5.62266587878  0.0151689299882
0.565252291915  789  29  29.3443944867  5.90499906987  0.00589525640188
0.565252291915  789  45  45.4206051177  6.14902205001  -0.00199548499063
0.565252291915  790  61  61.5623935476  6.29015099604  -0.00326747241717
0.565252291915  791  78  77.9021193573  6.4154871163  -0.0247048657837
0.565252291915  792  94  94.4024580977  6.55863397201  -0.00618963780289
0.565252291915  792  111  110.903818403  6.87541264984  -0.0162536499633
0.565252291915  793  128  127.607516124  7.13631935244  -0.00973211390476
0.565252291915  794  144  144.511300103  7.47967680501  0.0216222954946
0.565252291915  794  161  161.473449276  8.21977509093  0.0325212393213
0.565252291915  795  178  178.525113251  9.29315197756  0.0326951402267
0.565252291915  796  196  195.714279814  9.89755257695  0.00800747634894
0.565252291915  796  213  213.062826857  12.1245601929  0.0153525847817
0.565252291915  797  231  230.720622399  14.7059373431  5.1356454073e-05
0.565252291915  797  249  248.580536102  17.5536852777  -0.00264401840602
0.565252291915  798  267  266.830879609  21.0492145678  0.00770202718773
0.565252291915  798  285  285.638376828  27.5632973722  0.0274781661905
0.565252291915  799  305  304.822327907  27.6697831715  0.00392332426075
0.565252291915  799  323  324.255630585  0.369452812092  0.0603866197849
0.565252291915  799  342  343.240940454  24.6969738716  0.0524018341183
0.565252291915  800  361  361.871441837  22.2200937645  0.047895467201
0.565252291915  800  380  380.557548476  20.4725754936  0.0368802061492
0.565252291915  800  399  399.429432919  20.6660669257  0.0393440662066
0.565252291915  801  419  418.151854445  17.6504333906  -0.00465602317087
0.565252291915  801  437  437.6291514  18.3826541505  0.0508416615982
0.565252291915  801  457  456.771942149  17.2345534933  0.0170442922884
0.565252291915  801  476  476.404522696  18.0754731209  0.039743431317
0.565252291915  801  496  496.055899303  18.4678794344  0.0273632570139
0.565252291915  801  516  516.144274583  0.231580098576  0.0301721948071
0.565252291915  801  537  536.366037293  19.8023261093  0.00589907348531
0.565252291915  801  557  557.211990274  22.5683184616  0.0197755022913
0.565252291915  801  579  578.189714389  23.1339279778  -0.00830351072955
0.565252291915  801  599  600.455123852  0.407917620804  0.0539672057938
0.565252291915  801  623  622.309216681  30.8692334749  0.00256144995301
0.565252291915  801  645  645.61152995  0.451507344915  0.0498479889604
0.565252291915  801  668  669.179656613  0.496032526681  0.057745580482
0.565252291915  800  692  692.261327878  25.5598540395  0.031598143303
0.565252291915  800  715  715.569199666  22.1646289178  0.0422351499874
0.565252291915  800  739  738.777290446  18.0982259112  0.0159675600098
0.565252291915  799  762  762.332658414  17.0736961277  0.0224494410565
0.565252291915  799  786  786.151063398  15.3569055075  0.0170078223213
0.565252291915  798  810  810.267810587  14.5330154725  0.0204490697654
0.565252291915  797  835  834.62037024  13.6198840826  0.00511626716908
0.565252291915  797  859  859.414632693  13.0783671129  0.0188776789678
0.565252291915  796  884  884.531120019  13.0404038478  0.0224829473158
0.565252291915  795  910  909.751836971  12.6658605227  0.0229215559756
0.565252291915  794  936  935.74220731  12.5228615235  0.000971023565012
0.565252291915  793  962  962.018303131  13.1334313008  0.020165444482
0.565252291915  792  988  988.609536798  13.7784621594  0.0276567059641
0.565252291915  791  1016  1017.78956204  0.202513693207  12.9070894558
0.759292291915  787  13  13.3097995138  5.62058858457  0.0169848332836
0.759292291915  788  29  29.2517692768  5.86564133311  -0.00299383073457
0.759292291915  789  45  45.3076398032  6.17633039974  -0.00622052782092
0.759292291915  789  61  61.4808113042  6.25765665359  -0.0111660151918
0.759292291915  790  78  77.8550104599  6.47395099073  -0.0273100116262
0.759292291915  791  94  94.3445157541  6.56425859432  -0.00123532230742
0.759292291915  791  111  110.83584155  6.89275033825  -0.0230849007484
0.759292291915  792  128  127.558298865  7.11807266073  -0.00914913335457
0.759292291915  793  144  144.462497801  7.45945837888  0.0249417149359
0.759292291915  793  161  161.448030694  8.23458062381  0.0265632834029
0.759292291915  794  178  178.457728013  9.26741719387  0.0322293904563
0.759292291915  795  196  195.650521399  10.0037915262  0.0159360111882
0.759292291915  795  213  213.002398313  12.1299498276  0.0156389885218
0.759292291915  796  231  230.63843067  14.5893414267  -0.00422633046089
0.759292291915  796  249  248.511048189  17.606473035  -0.0108568266593
0.759292291915  797  267  266.808487667  21.1815874079  0.00690369903789
0.759292291915  797  285  285.675973358  27.3051858551  0.0283035346721
0.759292291915  798  305  304.551198287  27.1282756788  -0.0160574239517
0.759292291915  798  323  324.247310305  26.5822926943  0.0634764734884
0.759292291915  798  342  343.086040466  24.4094772696  0.0536529423027
0.759292291915  799  361  361.858034842  21.6626785472  0.0449894397587
0.759292291915  799  380  380.50428852  20.4539849656  0.0393082787668
0.759292291915  799  399  399.383715306  18.8654724014  0.0328812999306
0.759292291915  800  418  418.402110875  17.8679557562  0.0395965103744
0.759292291915  800  437  437.632364773  18.4603630692  0.0472760045714
0.759292291915  800  457  456.732058384  17.0576997379  0.0161281901361
0.759292291915  800  476  476.34231186  18.2126438244  0.041255960784
0.759292291915  800  496  496.05259807  0.224837435818  0.0311436113943
0.759292291915  800  516  516.083678764  19.2174677792  0.0254141437911
0.759292291915  800  537  536.313640518  19.8467557923  -0.000460058298396
0.759292291915  800  557  557.33563058  22.2423210801  0.0264114872343
0.759292291915  800  579  578.16123832  23.205731822  -0.00914853268698
0.759292291915  800  600  600.047959978  27.5079858366  0.015485736405
0.759292291915  800  623  622.212242665  30.4757358402  0.00631096380142
0.759292291915  800  646  645.244553645  31.3960615112  0.00487542456328
0.759292291915  800  668  669.11844983  34.4049740972  0.0648864107291
0.759292291915  799  692  692.397018279  25.6437102155  0.0388975149618
0.759292291915  799  715  715.550655381  22.6267263878  0.0380441218745
0.759292291915  799  739  738.768269058  18.1326374941  0.0129201588005
0.759292291915  798  762  762.401433461  17.2060762944  0.0238782804783
0.759292291915  798  786  786.045965876  15.4042756037  0.0153379356235
0.759292291915  797  810  810.284280106  14.4604017892  0.0208530907616
0.759292291915  796  835  834.606547821  13.4381049014  0.00242715458709
0.759292291915  796  859  859.377195448  13.0734100373  0.0193520487787
0.759292291915  795  884  884.50993703  12.8905155047  0.0207835383907
0.759292291915  794  910  909.778338655  12.8446350785  0.0239328545024
0.759292291915  793  936  935.752825589  12.6256788496  0.000950469226708
0.759292291915  792  962  962.001679442  13.1964662148  0.019320501435
0.759292291915  791  988  988.660420382  13.9085121863  0.0279700565919
0.759292291915  790  1016  1017.78933776  0.202244542267  12.868741214
0.953332291915  786  13  13.2144857973  5.62540387493  0.0079507155512
0.953332291915  787  29  29.1849650887  5.86727606543  -0.00390405519311
0.953332291915  788  45  45.273028675  6.10046996148  -0.0126605030296
0.953332291915  788  61  61.4472725975  6.18833829086  -0.00756316108968
0.953332291915  789  78  77.7458091819  6.37680664315  -0.0331970552634
0.953332291915  790  94  94.2740868802  6.52293432402  -0.0079208468916
0.953332291915  790  111  110.787607647  6.83231298182  -0.0152289915518
0.953332291915  791  128  127.499645289  7.11743039368  -0.0141530748916
0.953332291915  792  144  144.414785087  7.41554526788  0.0219818535201
0.953332291915  792  161  161.345523341  8.12257206478  0.0304843036135
0.953332291915  793  178  178.415643342  9.23925101414  0.0311823898218
0.953332291915  794  196  195.588155799  9.91195064551  0.00749098302332
0.953332291915  794  213  212.959211715  12.1678723106  0.0156104565047
0.953332291915  795  231  230.536954244  14.5346388579  -0.00609981662804
0.953332291915  795  249  248.415739071  17.5455964531  -0.00977962948518
0.953332291915  796  267  266.689262258  21.2551946188  0.00265929127715
0.953332291915  796  285  285.521932339  27.1539123044  0.02549751871
0.953332291915  797  305  304.517345019  27.6991244369  -0.010250618232
0.953332291915  797  323  324.19287366  0.425764225131  0.0590447793127
0.953332291915  797  343  342.828687621  24.4146284505  -0.00606798384086
0.953332291915  798  361  361.832125885  21.882063874  0.047616957962
0.953332291915  798  380  380.513497528  20.4636660259  0.040450531961
0.953332291915  798  399  399.466992424  19.1103575211  0.0346081645907
0.953332291915  799  418  418.318808954  17.9649993405  0.0389151124028
0.953332291915  799  437  437.526309848  18.1176706396  0.0433296099492
0.953332291915  799  457  456.764852058  17.1159720739  0.0190199843402
0.953332291915  799  476  476.387238523  18.1710222951  0.044472679084
0.953332291915  799  496  496.004101078  18.520647789  0.0249189203846
0.953332291915  799  516  516.05047952  18.8881196278  0.0218497133364
0.953332291915  799  536  536.616423222  19.7495716882  0.040177808746
0.953332291915  799  557  557.323099975  22.0424536045  0.0281609604586
0.953332291915  799  579  578.244130317  23.1239243431  -0.00673514466078
0.953332291915  799  600  599.995629942  27.684971876  0.0177763854084
0.953332291915  799  623  622.193731836  29.9973226732  0.00183467286327
0.953332291915  799  645  645.376540069  34.3669776116  0.034350290396
0.953332291915  799  669  668.691106044  29.6685786164  0.0214164328941
0.953332291915  798  692  692.365427917  0.32012434946  0.0362853558464
0.953332291915  798  715  715.561576197  22.7049530457  0.0376146465705
0.953332291915  798  739  738.73369922  18.1375673829  0.0132648561012
0.953332291915  797  762  762.436972763  17.3280947598  0.0242851367604
0.953332291915  797  786  786.134524988  15.6048962229  0.0146594845099
0.953332291915  796  810  810.283156666  14.4314824398  0.021928394378
0.953332291915  795  835  834.620779483  13.5592312785  0.00612203113212
0.953332291915  795  859  859.424941312  13.0019101045  0.0156114106453
0.953332291915  794  884  884.541631223  13.0143449294  0.0201079744787
0.953332291915  793  910  909.784928038  12.745257835  0.024794899847
0.953332291915  792  936  935.77889808  12.6973671838  0.000417712399944
0.953332291915  791  962  962.066238132  13.1428243808  0.022934765284
0.953332291915  790  989  988.574013628  13.2986893007  0.0117286283823
0.953332291915  789  1016  1017.78010988  0.198191674063  12.632364976
1.14737229191  785  13  13.1600650679  5.6368322869  0.00675340305964
1.14737229191  786  29  29.1273827932  5.89013031015  -0.00949980342001
1.14737229191  787  45  45.1525357701  6.1639708869  -0.0156546428299
1.14737229191  787  61  61.37250472  6.30814006654  -0.0173460528782
1.14737229191  788  78  77.6776186736  6.39511451274  -0.0351639579398
1.14737229191  789  94  94.2041127938  6.5651331643  -0.00598076055571
1.14737229191  789  111  110.776522549  6.89065667562  -0.0145879952307
1.14737229191  790  127  127.495787441  7.10637722346  0.0135086898282
1.14737229191  791  144  144.358111563  7.44717202589  0.0242870146836
1.14737229191  791  161  161.320110953  8.19629841884  0.0235037462989
1.14737229191  792  178  178.380876906  9.21248732854  0.0321681931636
1.14737229191  793  196  195.50669883  9.99736265511  0.0119460086573
1.14737229191  793  213  212.943858686  12.2380776664  0.0140759989322
1.14737229191  794  231  230.446785655  14.6894434329  -0.0136884680646
1.14737229191  794  249  248.323766553  17.4720444294  -0.0122570455257
1.14737229191  795  267  266.554231561  21.0060912471  -0.00687038029259
1.14737229191  795  285  285.532442677  27.3536167821  0.024966704848
1.14737229191  796  305  304.340822026  28.0083563486  -0.025137653889
1.14737229191  796  323  324.13767672  0.363406920955  0.0529396500891
1.14737229191  796  342  342.863344704  24.6368615987  0.0441779557801
1.14737229191  797  361  361.730682012  0.276260671295  0.0423862759942
1.14737229191  797  380  380.534353267  20.3877621388  0.0356856726928
1.14737229191  797  399  399.460343064  19.0883977592  0.0305342217793
1.14737229191  798  418  418.364154298  18.1486006591  0.0396415388076
1.14737229191  798  437  437.365696335  18.3601759599  0.0382336049441
1.14737229191  798  457  456.709591216  17.0460100755  0.0173594314267
1.14737229191  798  476  476.354740956  18.0014528035  0.0426569928464
1.14737229191  798  496  495.97269105  18.5675825451  0.0233613003013
1.14737229191  798  516  516.129744633  0.227435329418  0.0281755600611
1.14737229191  798  536  536.624838456  19.5975765646  0.0401553313077
1.14737229191  798  557  557.258651786  0.268555088544  0.024347067305
1.14737229191  798  579  578.199134062  24.3313696833  -0.0102421548332
1.14737229191  798  601  600.329469301  0.333351950253  -8.58486946072
1.14737229191  798  623  622.218383066  30.158087594  0.00515132066454
1.14737229191  798  645  645.476268235  34.9896136344  0.0391258004882
1.14737229191  798  669  668.756957429  30.383833938  0.0240130478802
1.14737229191  797  691  692.921363396  0.93454117365  0.0875026767374
1.14737229191  797  715  715.561437136  21.3765184079  0.0365446633693
1.14737229191  797  738  738.991384368  19.3733648628  0.0402444348873
1.14737229191  796  762  762.423568971  17.239372758  0.0234526413984
1.14737229191  796  786  786.20124531  15.6639143116  0.0177347487853
1.14737229191  795  810  810.299741815  14.3684297809  0.0205016146839
1.14737229191  794  835  834.577952842  13.6052384163  0.00441706904986
1.14737229191  794  859  859.478489361  13.3406238943  0.0227597321158
1.14737229191  793  885  884.437617791  12.7696186654  0.00253191082985
1.14737229191  792  910  909.811607842  12.7477907891  0.0251632499152
1.14737229191  791  936  935.772946969  12.6398702327  0.00469210634084
1.14737229191  790  962  962.097893448  13.0661499416  0.0204050442942
1.14737229191  789  989  988.680718794  13.2148489686  0.0150878858325
1.14737229191  788  1016  1015.11623195  0.0630571703789  -7.77698357522
1.34141229191  784  13  13.0914470035  5.61480807605  0.00127553697513
1.34141229191  785  29  29.0550687054  5.90492942009  -0.00673151376281
1.34141229191  786  45  45.1310256807  6.11574487003  -0.0192073881437
1.34141229191  786  61  61.3138773118  6.3255146909  -0.0184767018299
1.34141229191  787  78  77.6323589547  6.44026036586  -0.0347780873215
1.34141229191  788  94  94.1260098723  6.5754379857  -0.0131178538331
1.34141229191  788  111  110.685015935  6.83039444133  -0.0153051655209
1.34141229191  789  127  127.453912363  7.0944382394  0.0113809460176
1.34141229191  790  144  144.293227407  7.49737554163  0.0220959616236
1.34141229191  790  161  161.208119831  8.13354906589  0.0231053575768
1.34141229191  791  178  178.30275137  9.23669557602  0.0264670062261
1.34141229191  792  196  195.460134105  9.90264618737  0.00161860122272
1.34141229191  792  213  212.904786821  12.260100217  0.0142482875621
1.34141229191  793  231  230.452997031  14.6023918784  -0.010949076378
1.34141229191  793  249  248.25043053  17.7667506163  -0.019650093485
1.34141229191  794  267  266.552083331  21.0640358368  -0.00280826188997
1.34141229191  794  285  285.521304542  26.864681678  0.0216087830221
1.34141229191  795  305  304.527386995  28.42246687  -0.0153307291057
1.34141229191  795  323  324.197766648  30.427239415  0.0604033877349
1.34141229191  795  343  342.659377433  24.2113491866  -0.00848802910391
1.34141229191  796  361  361.629694545  22.0367464013  0.0341382837377
1.34141229191  796  380  380.494341548  20.3584704662  0.0302239330641
1.34141229191  796  399  399.33776558  19.1254695682  0.0325284783339
1.34141229191  797  418  418.311743056  18.0383724788  0.0369812434902
1.34141229191  797  437  437.473216524  18.7604529864  0.0453476173692
1.34141229191  797  457  456.646152141  17.0605080767  0.0137855200475
1.34141229191  797  476  476.394202446  17.8326942867  0.039946279967
1.34141229191  797  496  496.037746119  18.7130980682  0.0257792911216
1.34141229191  797  517  515.971862431  18.1704784417  0.0047270951539
1.34141229191  797  536  536.44599348  19.5537250685  0.0360003405746
1.34141229191  797  557  557.196873927  22.64301642  0.0218310406106
1.34141229191  797  579  578.167086819  23.1160593101  -0.00403063206854
1.34141229191  797  599  600.358625234  30.0608195299  0.0512898134813
1.34141229191  797  623  622.023438253  30.4745437105  0.00334334589925
1.34141229191  797  645  645.492667568  34.2611048215  0.0382714552988
1.34141229191  797  669  668.811123474  29.833992916  0.0261351261327
1.34141229191  796  692  692.327736238  25.3526016356  0.0306394738158
1.34141229191  796  715  715.6533006  22.6729393842  0.0430479706613
1.34141229191  796  739  738.760558468  18.1748626341  0.0108568827996
1.34141229191  795  762  762.407912747  17.1858704486  0.0240007743406
1.34141229191  795  786  786.253602184  15.6510510845  0.0175106205664
1.34141229191  794  810  810.319743826  14.4808603269  0.0180677308974
1.34141229191  793  835  834.634946632  13.6212112156  0.00769969799582
1.34141229191  793  859  859.475563556  13.1294768384  0.0162907224907
1.34141229191  792  884  884.574410891  13.1597840124  0.0208012555429
1.34141229191  791  910  909.868122675  12.7810635778  0.0254113887998
1.34141229191  790  936  935.800915475  12.6683524622  0.00355665937879
1.34141229191  789  962  962.098614995  13.1092430683  0.0200603004719
1.34141229191  788  989  988.702445485  13.184956645  0.0161566530723
1.34141229191  787  1016  1015.10964718  0.0634219115876  -7.91149420007
1.53545229191  783  13  13.0329735293  5.67090376695  0.000768286287334
1.53545229191  784  29  28.9725262463  5.88437893245  -0.017589740534
1.53545229191  785  45  45.0544688962  6.14111891675  -0.0116634829101
1.53545229191  785  61  61.2484988717  6.35200521764  -0.021693208076
1.53545229191  786  78  77.5933006191  6.51608936088  -0.0381468203045
1.53545229191  787  94  94.0737577006  6.59872663339  -0.0129079155836
1.53545229191  787  111  110.673816307  6.88126482377  -0.0177078516987
1.53545229191  788  127  127.366598967  7.10189290817  0.0073231511839
1.53545229191  789  144  144.25148863  7.45687956677  0.020240970345
1.53545229191  789  161  161.193082036  8.18514143926  0.0208777154506
1.53545229191  790  178  178.27077033  9.22708848872  0.024410022501
1.53545229191  791  196  195.449821347  10.0146754682  0.00806442448367
1.53545229191  791  213  212.849540229  12.0861804813  0.010394168191
1.53545229191  792  231  230.378168685  14.5541879094  -0.0153970899931
1.53545229191  792  249  248.2431603  17.8664577161  -0.0248308923413
1.53545229191  793  267  266.374653976  21.1625560885  -0.0127581427709
1.53545229191  793  285  285.294748257  27.7353564581  0.0176586772106
1.53545229191  794  305  304.198776814  0.34806507988  -0.0203606916425
1.53545229191  794  323  324.131654881  30.1110096535  0.0503759376814
1.53545229191  794  343  342.520649794  24.1150625249  -0.01100326423
1.53545229191  795  361  361.77374059  22.0718139868  0.0411366596189
1.53545229191  795  379  380.954905973  23.2739230797  0.11123722027
1.53545229191  795  399  399.394762075  20.4909567133  0.0320957846221
1.53545229191  796  419  418.088928526  17.9946227019  -0.00957939396465
1.53545229191  796  437  437.455207146  18.6869301006  0.0467354811426
1.53545229191  796  457  456.613065053  17.2717809466  0.0139494575833
1.53545229191  796  476  476.387893255  17.9616047483  0.0401591822324
1.53545229191  796  496  496.075466046  0.224947577729  0.0285259449556
1.53545229191  796  516  515.981547117  19.1147770124  0.0269106986973
1.53545229191  796  537  536.234582714  19.5866177128  -0.00354914802725
1.53545229191  796  557  557.171885852  22.6311152798  0.0207070726734
1.53545229191  796  579  578.150006023  23.3074569589  -0.00436679254461
1.53545229191  796  600  600.080371181  27.5599100551  0.015291929002
1.53545229191  796  623  621.954933985  30.7873944603  -0.00104779791612
1.53545229191  796  646  645.290683076  31.9881598735  0.0159158991191
1.53545229191  796  669  668.777210246  29.456588897  0.0261639037701
1.53545229191  795  692  692.405379987  25.2563911736  0.038122949919
1.53545229191  795  715  715.648517422  21.2929130316  0.0411043889945
1.53545229191  795  738  738.98639111  19.8150513743  0.0423969991096
1.53545229191  794  762  762.395757974  17.224209292  0.0239517938371
1.53545229191  794  786  786.237951186  15.5647999053  0.0236733584573
1.53545229191  793  810  810.376298411  14.5049085341  0.0179980544531
1.53545229191  792  835  834.703086058  13.5092816358  0.00354134195627
1.53545229191  792  859  859.508727885  13.4217027884  0.0233589618419
1.53545229191  791  885  884.548722742  12.6588649813  0.00527157332347
1.53545229191  790  910  909.915101284  12.6962828985  0.0266980871341
1.53545229191  789  936  935.799666868  12.722743916  0.00319496375104
1.53545229191  788  962  962.118573619  13.0529059359  0.0174413492229
1.53545229191  787  989  988.736019756  13.1866549465  0.0187606151949
1.53545229191  786  1016  1017.78569527  0.19820699056  12.7969647827
1.72949229191  782  13  12.9732640701  5.64095529503  0.000407925003536
1.72949229191  783  29  28.9296769948  5.95350127729  -0.0144285869171
1.72949229191  784  45  45.0166305032  6.1229611312  -0.020603804696
1.72949229191  784  61  61.2075355403  6.27157723163  -0.0191374824483
1.72949229191  785  77  77.5825287177  6.47690032688  -0.00131665465986
1.72949229191  786  94  94.0309701848  6.66972272611  -0.0162474519078
1.72949229191  787  111  110.567574942  6.83292210759  -0.0203996569714
1.72949229191  787  127  127.315042841  7.03646149569  0.00782836192548
1.72949229191  788  144  144.172162389  7.46357714464  0.014971762439
1.72949229191  788  161  161.104782953  8.05365729388  0.0201430994441
1.72949229191  789  178  178.219734496  9.18457806721  0.0210258218804
1.72949229191  790  196  196.246271345  0.0682643536166  -3.97710964031
1.72949229191  790  213  212.764066047  12.0034179195  0.00442307369239
1.72949229191  791  231  230.366685507  14.60931621  -0.011652114437
1.72949229191  791  249  249.315572499  0.361595224813  -6.7497276413
1.72949229191  792  267  266.447059848  20.9150887146  -0.0119420883457
1.72949229191  792  285  285.336557732  24.880390642  0.0265407427217
1.72949229191  793  304  304.538291393  0.36009384889  0.0319806496781
1.72949229191  793  323  324.147352174  0.41542771754  0.0524457410329
1.72949229191  794  343  342.636687318  24.2854038918  -0.00887931796967
1.72949229191  794  361  361.645957828  22.4670290549  0.0343860979933
1.72949229191  794  380  380.520049818  20.2733921914  0.0331667289247
1.72949229191  794  399  399.351123274  18.9806238553  0.0357702829564
1.72949229191  795  418  418.216326856  18.2023025445  0.0266447874607
1.72949229191  795  437  437.424905385  18.4118780563  0.0384316224482
1.72949229191  795  457  456.705438537  17.2503938843  0.0218964733777
1.72949229191  795  476  476.272458043  17.862243452  0.0344450378433
1.72949229191  795  496  496.023394635  18.3700408688  0.0266669797532
1.72949229191  795  516  516.051311197  19.1403618761  0.0271597733487
1.72949229191  795  537  536.395297848  19.4570679996  0.00112529805454
1.72949229191  795  557  557.253564563  0.271294356395  0.023670585286
1.72949229191  795  579  578.119296887  24.7551164747  -0.00688315027033
1.72949229191  795  601  599.758384302  0.331857656837  -0.0206343670334
1.72949229191  795  623  621.98690879  30.4682572567  -0.0077574878911
1.72949229191  795  646  645.181701039  32.3238329161  0.0112494151644
1.72949229191  795  669  668.794748967  29.5823944391  0.0269529206137
1.72949229191  794  692  692.485319069  25.4765043776  0.0382008918566
1.72949229191  794  715  715.640459679  21.5344165121  0.0410716626642
1.72949229191  794  738  739.0221733  19.2954966199  0.0463230589819
1.72949229191  793  762  762.385101533  17.2232399165  0.0242732635811
1.72949229191  793  786  786.320275751  15.7732705164  0.0205489440491
1.72949229191  792  810  810.391042591  14.4069365853  0.0185092416124
1.72949229191  791  835  834.694457588  13.5879847615  0.00632562382831
1.72949229191  791  860  859.479478793  12.9710944785  0.000298940047641
1.72949229191  790  885  884.591677264  12.6678627501  0.00763143436427
1.72949229191  789  910  909.92037686  12.661835385  0.0290614085113
1.72949229191  788  936  935.857714646  12.5830729117  0.00216862110528
1.72949229191  787  962  962.195515124  13.0847035008  0.0240256130614
1.72949229191  786  989  988.762569589  13.2634435285  0.0193036584376
1.72949229191  785  1016  1017.789449  0.198275193162  12.9378033367
1.92353229191  781  13  12.8996173553  5.66640803337  -0.000909009552181
1.92353229191  782  29  28.8778006155  5.99225049185  -0.0202673081182
1.92353229191  783  45  44.9249189185  6.2093827727  -0.017766613273
1.92353229191  783  61  61.1480582093  6.31782842419  -0.0270825250163
1.92353229191  784  77  77.5143019488  6.41036709545  -0.00384591365972
1.92353229191  785  94  93.9836282924  6.69209473641  -0.0157693460002
1.92353229191  786  111  110.552923879  6.8469506589  -0.0245045845138
1.92353229191  786  127  127.282855227  7.08908596758  0.00538735326557
1.92353229191  787  144  144.144494711  7.54716635171  0.0147931276649
1.92353229191  787  161  161.064845155  8.07644340238  0.0120674643189
1.92353229191  788  178  178.156193571  9.13508883978  0.0205553766011
1.92353229191  789  196  197.908469171  0.182217870396  11.34892432
1.92353229191  789  213  212.752073157  12.0755523571  0.00362060310579
1.92353229191  790  231  231.31011857  0.37739648448  -6.08149240461
1.92353229191  790  249  248.069184659  16.3217563282  -0.0241808280389
1.92353229191  791  266  266.645216399  20.6079721561  0.0359341819286
1.92353229191  791  285  285.358800332  0.30707031818  0.021489239063
1.92353229191  792  304  304.426130418  28.1452079857  0.0258324714235
1.92353229191  792  323  323.786649826  26.5060593762  0.0356255802977
1.92353229191  792  342  342.524178577  0.303020245482  0.0234929362204
1.92353229191  793  361  361.45723273  0.27427077795  0.0248332653867
1.92353229191  793  380  380.451668778  20.274768922  0.032218171314
1.92353229191  793  399  399.353957788  20.2794730566  0.0353013537114
1.92353229191  794  419  418.038762262  17.8721990089  -0.0131523610381
1.92353229191  794  437  437.454732673  18.388018084  0.0393832343505
1.92353229191  794  457  456.6910917  18.1875438663  0.0172042351906
1.92353229191  794  477  476.113152092  17.0722109841  0.000358904523665
1.92353229191  794  496  496.007839024  18.4303388395  0.025163919037
1.92353229191  794  516  516.058123044  19.212175694  0.0272097699322
1.92353229191  794  537  536.328962434  19.5588279805  -0.000980219206484
1.92353229191  794  557  557.217382058  20.9566628597  0.0249705423552
1.92353229191  794  578  578.329969342  24.9740415013  0.0268806983075
1.92353229191  794  600  599.980291233  27.4085188079  0.0168687450677
1.92353229191  794  623  621.976099838  30.5875231543  -0.00826128481094
1.92353229191  794  645  645.553430497  0.472334910248  0.0402625489512
1.92353229191  794  669  668.788398746  29.7175688196  0.0261685891328
1.92353229191  793  692  692.419042861  25.5256997101  0.0341164761226
1.92353229191  793  715  715.667598421  0.270683845936  0.0429390917762
1.92353229191  793  738  739.015240483  19.7185418041  0.0415169669099
1.92353229191  792  762  762.378912604  17.4136728061  0.022852263769
1.92353229191  792  786  786.294758637  15.761730733  0.0217606753157
1.92353229191  791  810  810.378465713  14.356254316  0.0187958769241
1.92353229191  790  835  834.810931091  13.3090231538  0.00631264366588
1.92353229191  790  859  859.60377643  13.1016943891  0.0229547412783
1.92353229191  789  884  884.707333003  12.9772639957  0.0259089982713
1.92353229191  788  910  909.914512235  12.7274128107  0.0291315271255
1.92353229191  787  936  935.84288583  12.5723448837  0.00388973397027
1.92353229191  786  962  962.209774111  13.0400215678  0.0200364215167
1.92353229191  785  989  988.817506587  13.288030605  0.022628216683
1.92353229191  784  1016  1017.78890672  0.19672027722  12.9384150522
2.11757229191  780  13  12.828953221  5.60198620011  -0.00580631974227
2.11757229191  781  29  28.7753866999  5.9248808631  -0.0235491042914
2.11757229191  782  45  44.889788122  6.06631687602  -0.0288100916206
2.11757229191  782  61  61.0754921749  6.35121263652  -0.0245881359744
2.11757229191  783  77  77.4618505657  6.44991896233  -0.0087648920896
2.11757229191  784  94  93.8917771188  6.61860823722  -0.0240040497667
2.11757229191  785  111  110.472874657  6.87829585868  -0.0269098003973
2.11757229191  785  127  127.223216779  7.13981080183  0.00550894245702
2.11757229191  786  144  144.073102653  7.51408703012  0.0120296284919
2.11757229191  786  161  161.023263259  8.17319528859  0.0168334058318
2.11757229191  787  178  178.150827836  8.88079861645  0.0221418796152
2.11757229191  788  195  195.397545925  10.4612031851  0.0322611569207
2.11757229191  788  213  212.699287628  12.1749068239  0.00200822860527
2.11757229191  789  231  230.254470305  13.5831927411  -0.0110615434823
2.11757229191  789  248  248.302723646  17.4811276314  0.0214980306718
2.11757229191  790  267  266.265759776  21.7187914022  -0.0211498084042
2.11757229191  790  286  285.133997671  0.285217236702  -0.0245814429679
2.11757229191  791  303  304.887256277  0.803476054341  0.0776033935753
2.11757229191  791  323  323.798423649  26.7739003477  0.0374950781277
2.11757229191  791  342  342.779007012  24.4712375139  0.0297429570909
2.11757229191  792  361  361.485144238  21.9222529955  0.0271582932273
2.11757229191  792  380  380.303781134  20.2265430902  0.030334212298
2.11757229191  792  399  399.259153286  20.3462169341  0.0382369567223
2.11757229191  793  419  418.047770132  17.5865473776  -0.0124680039159
2.11757229191  793  437  437.41650423  18.4706579692  0.0416638304014
2.11757229191  793  457  456.69069526  18.0333485841  0.0145805929624
2.11757229191  793  477  475.986372628  17.034684125  -0.000296243872071
2.11757229191  793  496  495.895535308  18.3410988025  0.0185621554068
2.11757229191  793  516  516.122932207  19.0487246286  0.0315346318236
2.11757229191  793  537  536.404998218  19.9853499997  0.00135096716825
2.11757229191  793  557  557.184414709  0.256765366275  0.0262795564849
2.11757229191  793  578  578.322990894  24.7698324469  0.0239807716148
2.11757229191  793  600  599.899336796  27.5260709884  0.015526121825
2.11757229191  793  623  621.989317507  30.6218749195  -0.00794715574857
2.11757229191  793  646  645.334745738  32.2110920311  0.0140214078641
2.11757229191  793  669  668.716806914  30.0098227459  0.0268563925524
2.11757229191  792  692  692.303608543  26.5039259844  0.0294282758419
2.11757229191  792  716  715.409857559  21.0867630855  0.0105263559085
2.11757229191  792  738  738.99616744  19.4751377342  0.041919233796
2.11757229191  791  762  762.379122902  17.4286789174  0.0257877624211
2.11757229191  791  786  786.257909895  15.6981005362  0.0173842677806
2.11757229191  790  810  810.355854845  14.5566395504  0.0215998273086
2.11757229191  789  835  834.767204484  13.3564529647  0.00770530483098
2.11757229191  789  859  859.63021224  13.1595065918  0.0202824557496
2.11757229191  788  884  884.696559833  13.193683261  0.0260846468403
2.11757229191  787  910  910.002801292  12.738878279  0.0316403235753
2.11757229191  786  936  935.929743653  12.5841880105  0.00293431640534
2.11757229191  785  962  962.265789449  13.0271530617  0.0249508244647
2.11757229191  784  989  988.874213914  13.2895393332  0.0210965530985
2.11757229191  783  1016  1016.66622475  0.160756869274  0.0956340041487
