# Band 2C   Etalon 1A   Slice 4
# Distortion map version 06.04.00 - date 2018-10-09
# Trace (isoalpha): Take pixel trace along specified slice, specified alpha position trace is built by taking the pixel in every detector row with alpha value closest to the one specified 
# xpos[i] = np.argmin(alpha_img[i,:])+funcs.find_nearest(alpha_img[i,:][(slice_img[i,:]!=0)],alpha_pos)
#    alpha       x  y      center         FWHM          skewness
0.0  706  6  6.15691446402  5.55897117858  -0.108839220023
0.0  707  22  22.4514048108  6.16501160474  0.0100374302107
0.0  708  39  38.6768352434  6.42864937697  -0.02994565009
0.0  708  55  55.1116186706  6.65677977119  -0.0152612265821
0.0  709  72  71.6267614284  6.87416968443  -0.0292108091446
0.0  710  88  88.3640657754  7.06996379271  0.000290257292075
0.0  710  105  105.079631511  7.37537215763  -0.0047835084591
0.0  711  122  122.042565389  7.84729488281  0.00080700036387
0.0  712  139  139.061778414  8.35663183381  0.00722297335909
0.0  712  156  156.300903295  9.28025629027  0.028751038175
0.0  713  174  173.590652693  9.94270089491  0.00235802923788
0.0  714  191  191.158476881  11.4577355595  0.0195523357762
0.0  714  209  208.663204417  13.2818681722  0.00315860307607
0.0  715  227  226.48589909  15.3082775815  -0.00643622844566
0.0  715  245  244.61043218  17.9112166993  -0.00500359330299
0.0  716  263  263.088978878  20.6928078939  0.0209341175128
0.0  716  282  281.651566684  24.2575615552  -0.00342818657753
0.0  717  301  300.887779587  28.0408954261  0.00995954242649
0.0  717  320  320.438845855  27.8601375332  0.0290229523389
0.0  717  339  339.883007742  28.1569778036  0.047912211998
0.0  718  359  358.725504289  23.6327170485  0.00444961313632
0.0  718  377  378.430074626  0.363572334954  0.077978096232
0.0  718  397  397.322122086  21.6423542357  0.0345525832037
0.0  719  417  416.617607463  18.9216150083  0.0111466112058
0.0  719  436  436.270916542  17.696167072  0.0368633533807
0.0  719  455  456.199164919  18.4669668405  0.0668643959905
0.0  719  476  475.759596081  16.991500981  0.0149326042394
0.0  719  495  496.214091432  18.2632494875  0.0590213030022
0.0  719  516  516.569974113  18.2921797204  0.0371498669752
0.0  719  537  537.218709033  0.233634139709  0.0293473723976
0.0  719  558  558.345012249  20.4623959416  0.0340840177975
0.0  719  579  579.895352502  23.8240967104  0.0449212443162
0.0  719  601  602.207819405  27.5411034519  0.0468695965043
0.0  719  625  624.20929903  27.7886750559  0.00277094220992
0.0  719  648  647.640766847  31.1309388917  0.0207399970628
0.0  719  672  671.273161408  27.3584474434  0.00885024411289
0.0  718  695  695.004675971  24.7129975009  0.0270121100263
0.0  718  719  718.601394404  19.8010192549  0.00674222923604
0.0  718  742  742.374475545  18.5599205138  0.0237186138665
0.0  717  766  766.312828478  16.8862848655  0.0180357258579
0.0  717  791  790.46104805  15.1503367777  -0.00186856607446
0.0  716  815  815.042071515  13.9730508219  0.0101055530778
0.0  715  840  839.834164324  13.3246884359  0.00960382321512
0.0  715  865  864.988768676  13.1423915882  0.00872474128668
0.0  714  891  892.800127065  0.206369771284  12.4016531056
0.0  713  916  916.314659842  12.3658881441  0.0118027491792
0.0  712  942  942.594001067  12.6664699906  0.0293686179912
0.0  711  969  969.231893503  13.2441897218  0.024836266628
0.0  710  997  996.308626284  13.1310672221  0.0160800536162
-1.89910133594  716  7  6.48771287743  0.0669763565583  -0.10650709282
-1.89910133594  717  23  22.6418750693  6.28773333701  -0.0149983467772
-1.89910133594  717  39  38.9169527609  6.08100788872  0.00220735275208
-1.89910133594  718  55  55.3105510227  6.51139312684  -0.0125928898029
-1.89910133594  719  72  71.8527171142  6.81084793374  -0.032330735202
-1.89910133594  720  89  88.4258138344  7.6385295611  -0.018900267665
-1.89910133594  720  105  105.320278728  7.32343070819  0.0192250034004
-1.89910133594  721  122  122.215703994  7.91276154558  0.00694353207725
-1.89910133594  722  139  139.43801813  9.0359124645  0.03953207329
-1.89910133594  722  156  156.523414729  9.25994673911  0.0479151796771
-1.89910133594  723  174  173.855779832  10.1150445133  -0.00237489312897
-1.89910133594  723  191  190.720650987  11.6678369482  -0.000315989722367
-1.89910133594  724  209  209.079253226  12.943344045  0.00586049723287
-1.89910133594  725  227  226.813472431  18.5888409532  0.0347253598111
-1.89910133594  725  245  245.137572567  17.5021291095  0.00441522196095
-1.89910133594  726  264  263.007310327  26.5744649369  0.0151412246931
-1.89910133594  726  283  283.178729091  0.133550476544  -6.08641221537
-1.89910133594  726  299  298.838548425  33.1259256743  0.04702751031
-1.89910133594  727  320  320.552778735  23.8448449612  0.00231810124129
-1.89910133594  727  339  339.784255092  26.9572843758  0.0348391765401
-1.89910133594  728  359  358.886132895  23.7860001517  -0.033793134005
-1.89910133594  728  378  377.933682513  22.1038584932  0.00042724468367
-1.89910133594  728  397  397.004867255  20.7676522601  0.0180555254965
-1.89910133594  728  415  415.641667951  0.310475708651  7.90825322308
-1.89910133594  729  436  436.299736733  18.9795532332  0.0175772104856
-1.89910133594  729  455  456.075636879  19.538205423  0.0552817882753
-1.89910133594  729  475  475.847847831  19.4294562771  0.0453491968848
-1.89910133594  729  496  495.954576914  19.3304020037  0.0231184702766
-1.89910133594  729  516  516.489868008  19.3660277816  0.0333155658431
-1.89910133594  729  537  537.008730463  21.433692191  0.0186748041805
-1.89910133594  729  559  558.055547729  21.254303555  -0.00837944903335
-1.89910133594  729  580  579.613279008  24.5578877856  0.0122910905835
-1.89910133594  729  602  601.568762167  25.6700484656  0.0196083946766
-1.89910133594  729  624  624.155085991  28.1573445061  0.0366341182374
-1.89910133594  729  648  646.687337648  28.4367144411  0.0254428591516
-1.89910133594  728  673  674.683781544  27.0856400244  0.0406131840906
-1.89910133594  728  695  695.298060001  0.388362363621  -7.46440546832
-1.89910133594  728  718  717.564596877  19.8976677769  0.0328930282764
-1.89910133594  727  741  739.248048364  0.259481825271  -13.533658151
-1.89910133594  727  765  765.47157754  16.9202964915  0.0429171220908
-1.89910133594  726  790  791.131018137  13.4971744237  0.0202065833857
-1.89910133594  726  814  814.093422363  14.6187787943  0.0424556000165
-1.89910133594  725  839  838.993706327  13.0855407097  0.00397877890363
-1.89910133594  724  865  865.779911168  0.158424048496  0.0399867574696
-1.89910133594  724  889  889.242373566  15.2901521593  0.0211225582459
-1.89910133594  723  915  915.388942151  13.255753305  0.0330041829449
-1.89910133594  722  942  941.619733755  13.2097147598  0.035673542502
-1.89910133594  721  969  970.767400666  0.219919608967  13.063204474
-1.89910133594  720  996  995.121875802  14.2478624423  0.00584210963486
-1.72123133594  715  7  6.42746961435  5.50988069106  -0.108242855693
-1.72123133594  716  23  22.6782997531  6.13180111051  -0.0285887833624
-1.72123133594  716  39  38.9127028465  6.33713629831  -0.0139297623252
-1.72123133594  717  55  55.3293718999  6.62732770516  -0.00291142986608
-1.72123133594  718  72  71.8396610685  6.79349675122  -0.0249394237748
-1.72123133594  719  88  88.542431984  7.07350802665  0.00931998339842
-1.72123133594  719  105  105.303056313  7.38777168383  0.00379844444938
-1.72123133594  720  122  122.235625467  7.79699947036  0.0125425539236
-1.72123133594  721  139  139.282047954  8.6923229024  0.0201394399329
-1.72123133594  721  157  156.387045909  9.00487842536  -0.00631621845682
-1.72123133594  722  174  173.718914593  9.89098612375  0.0112749386907
-1.72123133594  723  191  191.172266276  11.7341901881  0.0225787079094
-1.72123133594  723  209  208.857670974  13.022886234  0.00570336924322
-1.72123133594  724  227  226.700950607  15.5178639948  0.00174727451621
-1.72123133594  724  245  244.833371462  17.9555004379  0.00560500309487
-1.72123133594  725  263  263.282077515  0.283215785021  0.0240028188449
-1.72123133594  725  283  283.344919667  0.357613950713  -7.97235934429
-1.72123133594  726  301  301.090503994  26.1311315071  0.0231280972449
-1.72123133594  726  320  320.562321872  26.560367566  0.0300355542434
-1.72123133594  726  339  339.929902792  27.4571272398  0.0601375901138
-1.72123133594  727  359  358.547613453  23.4785714623  -0.00622412900815
-1.72123133594  727  378  377.978647794  22.0320300095  0.0188819189669
-1.72123133594  727  397  397.124417335  0.248423882288  0.0282627997528
-1.72123133594  728  416  416.624440114  20.9508889659  0.0474645654561
-1.72123133594  728  436  436.059686627  0.223641776641  0.028760595169
-1.72123133594  728  455  456.01333295  18.8944015321  0.0620308502442
-1.72123133594  728  475  475.817737069  0.233784889506  0.0492896709335
-1.72123133594  728  496  495.821238423  18.478749381  0.0207290960513
-1.72123133594  728  516  516.414111311  0.230123277823  0.0306829411312
-1.72123133594  728  537  536.943610037  19.7285998318  0.0205268049316
-1.72123133594  728  558  558.158723974  22.2833435197  0.0208820144657
-1.72123133594  728  580  579.539708231  23.9650320207  0.00644450941005
-1.72123133594  728  602  601.379166608  25.9170773927  0.00632539594817
-1.72123133594  728  625  624.067081416  27.6914016419  0.00283487058839
-1.72123133594  728  648  647.444427193  28.1573411952  0.0207278221719
-1.72123133594  728  671  670.929143015  26.84279431  0.0253220214559
-1.72123133594  727  694  694.678715999  25.4665071001  0.0454033603266
-1.72123133594  727  718  718.198625425  20.0572303701  0.0250116834881
-1.72123133594  727  741  742.241795548  19.0717335487  0.0396327281441
-1.72123133594  726  766  765.764238434  16.4134970714  0.00954291523878
-1.72123133594  726  790  790.073129518  15.5807648994  0.0138047311557
-1.72123133594  725  814  814.468937074  14.3242095471  0.0214500032197
-1.72123133594  724  839  839.305420894  13.2517054091  0.0115616666159
-1.72123133594  724  864  864.40856105  13.6189889729  0.0177527990916
-1.72123133594  723  890  889.630563658  12.9015992479  0.0172963641246
-1.72123133594  722  916  915.673636594  12.7412106902  0.00529288864622
-1.72123133594  721  942  941.952192748  12.8939115458  0.0240294023359
-1.72123133594  720  969  968.584046101  13.16530119  0.0215407070413
-1.72123133594  719  996  995.606951538  12.9994083786  0.0205544981943
-1.54336133594  714  7  6.40480178477  5.4825690368  -0.106761616902
-1.54336133594  715  23  22.660436303  6.26525953706  -0.0294158598006
-1.54336133594  716  39  38.9333834041  6.42403950124  -0.0173350803056
-1.54336133594  716  55  55.3190957171  6.63476902315  -0.00461967309949
-1.54336133594  717  72  71.8219075358  6.81209618484  -0.0268316492742
-1.54336133594  718  88  88.525100152  7.0481294379  0.00493825228982
-1.54336133594  718  105  105.283234585  7.31339967862  0.00381054815359
-1.54336133594  719  122  122.223416474  7.75274780581  0.0119884471042
-1.54336133594  720  139  139.236927273  8.25903190273  0.0149471906985
-1.54336133594  720  156  156.410496082  9.24212192405  0.0301734624064
-1.54336133594  721  174  173.683233181  9.743968845  0.0122644490704
-1.54336133594  722  191  191.181141945  11.3751532236  0.0222508246924
-1.54336133594  722  209  208.734735902  12.9495565324  0.00287497112311
-1.54336133594  723  227  226.571961402  15.3655481789  -0.00517170265659
-1.54336133594  723  245  244.688872958  18.209181149  0.00275628011338
-1.54336133594  724  263  263.164665981  20.9351089107  0.020460264244
-1.54336133594  724  282  281.646989969  24.4509354166  -0.000289836450833
-1.54336133594  725  301  300.861790043  27.3842941143  0.0
-1.54336133594  725  320  320.392523268  27.5291106731  0.0275303266377
-1.54336133594  725  339  340.076148267  28.4124521884  0.0540762669704
-1.54336133594  726  359  358.66393084  23.3734180612  -0.000779235382502
-1.54336133594  726  378  377.978805591  22.0139951518  0.0204936173996
-1.54336133594  726  397  397.288467917  20.1039098386  0.0365072161761
-1.54336133594  727  416  416.774276073  20.6758594821  0.050679882621
-1.54336133594  727  436  436.136154623  0.218297014485  0.0294250098269
-1.54336133594  727  455  455.953256065  18.5827114756  0.0573915714637
-1.54336133594  727  476  475.642855055  18.1488293767  0.014470357301
-1.54336133594  727  496  495.830307777  18.0185715368  0.017872082919
-1.54336133594  727  516  516.332571453  0.237798104  0.0283102817523
-1.54336133594  727  538  537.308670594  0.354551187152  -7.67464531462
-1.54336133594  727  558  558.081951061  21.840011173  0.0226427212605
-1.54336133594  727  580  579.510683309  23.384872066  0.00456284369882
-1.54336133594  727  602  601.383770288  25.9888825023  0.00464374769554
-1.54336133594  727  625  623.878487464  28.40692044  -0.00046465154284
-1.54336133594  727  648  647.252847916  29.4389866956  0.0128626630405
-1.54336133594  727  671  671.032424641  27.1756828822  0.0321169868801
-1.54336133594  726  694  694.834801172  25.536441303  0.0440180681382
-1.54336133594  726  718  718.354927706  20.2478337609  0.0228629748447
-1.54336133594  726  741  742.163166685  18.6125466079  0.0419723329623
-1.54336133594  725  766  765.881116185  16.3272949487  0.0111115048931
-1.54336133594  725  790  790.055267733  15.1780332943  0.00804931700524
-1.54336133594  724  814  814.61759923  14.1651285375  0.0194577860398
-1.54336133594  723  839  839.449340729  13.5480246507  0.0207915417365
-1.54336133594  723  864  864.539284982  13.1493872989  0.0201655734431
-1.54336133594  722  890  889.713555757  12.6946048613  0.019331431469
-1.54336133594  721  916  915.704416294  12.5520132467  0.00476998035408
-1.54336133594  720  942  942.093485918  12.8186725322  0.0221556328836
-1.54336133594  719  969  968.653528931  13.0034436963  0.0212652496621
-1.54336133594  718  996  995.686454467  12.9519725921  0.0243880043821
-1.36549133594  713  6  6.38321491535  5.54467228786  -0.0911128188096
-1.36549133594  714  23  22.6064458968  6.22419357709  -0.0327350355856
-1.36549133594  715  39  38.8982952206  6.47815710031  -0.0173866694377
-1.36549133594  715  55  55.2829390659  6.6404207755  -0.0105938739502
-1.36549133594  716  72  71.8105409247  6.8895740784  -0.023594349827
-1.36549133594  717  88  88.4991154794  6.97904711394  0.00314101456118
-1.36549133594  718  105  105.294789794  7.32094474564  0.00493326107006
-1.36549133594  718  122  122.193661354  7.75799324443  0.00930583555686
-1.36549133594  719  139  139.245283353  8.49790932926  0.0169290356507
-1.36549133594  720  157  158.909835693  0.0842712000012  10.8090860129
-1.36549133594  720  174  173.677206079  9.70747004364  0.00805244188113
-1.36549133594  721  191  191.210975171  11.5162310055  0.0259751596633
-1.36549133594  721  209  208.728072497  13.0496131796  0.00102605353645
-1.36549133594  722  227  226.644870599  15.217511101  -0.0033116946656
-1.36549133594  722  245  244.682300065  17.8462727335  0.00477463919174
-1.36549133594  723  263  263.263915893  0.254128974948  0.0252889340053
-1.36549133594  723  282  281.726138393  24.4042152815  0.0022308084661
-1.36549133594  724  301  301.142428969  0.335187202146  0.0199921025218
-1.36549133594  724  320  320.455337423  28.0465128149  0.0260064144658
-1.36549133594  725  339  339.777270055  28.806583265  0.0502665349992
-1.36549133594  725  359  358.779041417  23.6442323994  0.00516427864581
-1.36549133594  725  377  378.528263966  24.5133012035  0.0803733945219
-1.36549133594  725  397  397.42366511  0.269776682605  0.0423267131611
-1.36549133594  726  417  416.532798082  18.8804179993  0.0101535067536
-1.36549133594  726  435  436.470305717  19.495359327  0.0784144167688
-1.36549133594  726  456  455.702048276  18.244225123  0.0163471724028
-1.36549133594  726  476  475.624040533  17.9735966734  0.0123175031839
-1.36549133594  726  496  495.826647928  18.1168561387  0.0194752126364
-1.36549133594  726  516  516.37162912  0.221780239312  0.0293823771681
-1.36549133594  726  537  536.978949176  19.3910514739  0.0208860217581
-1.36549133594  726  558  558.117473947  21.789863414  0.0237243414366
-1.36549133594  726  580  579.460512368  23.1535258648  0.00255975867399
-1.36549133594  726  602  601.478695488  25.6137887302  0.00388319752325
-1.36549133594  726  625  624.056413398  28.6584710913  0.000428584451442
-1.36549133594  726  648  647.410543878  29.7510306778  0.015676425445
-1.36549133594  726  671  671.376077462  29.1172472705  0.0378591032098
-1.36549133594  725  695  694.702748533  23.7721595489  0.0139093542705
-1.36549133594  725  718  718.321599852  0.247769928831  0.0273248659797
-1.36549133594  725  741  742.190721244  18.6213018542  0.0403493396066
-1.36549133594  724  766  765.972498604  16.5788548447  0.0119093477401
-1.36549133594  724  790  790.169152852  14.9494753943  0.0129028820443
-1.36549133594  723  814  814.705578378  14.4856146916  0.0232636199331
-1.36549133594  722  840  839.425622262  13.2816310551  0.00342091212252
-1.36549133594  722  864  864.591739665  12.9321101248  0.0233924970654
-1.36549133594  721  890  889.831142594  12.6405416661  0.0208811112252
-1.36549133594  720  916  915.831652379  12.3928634883  0.00779302705453
-1.36549133594  719  942  942.187533418  12.794108563  0.0256463763946
-1.36549133594  718  969  968.721117601  13.1268425827  0.0209064420594
-1.36549133594  717  996  995.795077425  12.999234345  0.0261392668504
-1.18762133594  712  6  6.36375300702  5.558436261  -0.0894807380707
-1.18762133594  713  23  22.6191049217  6.21020785507  -0.0307783032122
-1.18762133594  714  39  38.8742497213  6.48181908322  -0.0286490163688
-1.18762133594  714  55  55.2737774612  6.62161714493  -0.00849467819894
-1.18762133594  715  72  71.7742424336  6.89613313472  -0.0265674551484
-1.18762133594  716  88  88.4833128469  6.99118869222  0.00608665417643
-1.18762133594  717  105  105.262476635  7.40581027321  0.00607439015453
-1.18762133594  717  122  122.156377293  7.74466876769  0.00696533414301
-1.18762133594  718  139  139.215224095  8.32921118145  0.0192801078479
-1.18762133594  719  156  156.372194062  9.46617599385  0.0269694054402
-1.18762133594  719  174  173.637357793  9.71375648718  0.00140145709376
-1.18762133594  720  191  191.185017738  11.3853857957  0.0224670749209
-1.18762133594  720  209  208.735029951  12.8906514093  0.00519959965758
-1.18762133594  721  227  226.611280104  15.2407861156  -0.00351123516
-1.18762133594  721  245  244.638674452  18.4289908272  -0.0010545988227
-1.18762133594  722  263  263.135835103  20.7767711922  0.0164041761178
-1.18762133594  722  282  281.74583528  24.1846520231  0.00633366235025
-1.18762133594  723  301  300.977866493  27.2784756802  0.0115248228785
-1.18762133594  723  320  320.582410335  27.6798813098  0.0372808850322
-1.18762133594  724  339  339.970475038  27.9927722551  0.0447455127102
-1.18762133594  724  359  358.827238345  23.5655701245  0.0106820579054
-1.18762133594  724  378  378.080830055  21.7523508258  0.0201252081722
-1.18762133594  725  397  397.287861056  22.2016520792  0.0459489574388
-1.18762133594  725  417  416.614047893  19.1503370026  0.0143335142058
-1.18762133594  725  436  436.138597663  0.22027055851  0.0305750481114
-1.18762133594  725  455  456.073828589  18.4269320249  0.0597174875838
-1.18762133594  725  475  475.810855809  17.8874664946  0.0528507945943
-1.18762133594  725  496  495.876851534  17.970319059  0.0189534737258
-1.18762133594  726  516  516.38914456  18.3560253846  0.0282905827255
-1.18762133594  726  537  536.978949176  19.3910514739  0.0208860217581
-1.18762133594  726  558  558.117473947  21.789863414  0.0237243414366
-1.18762133594  726  580  579.408161106  23.0704890659  0.00241142307136
-1.18762133594  725  602  601.636138546  25.1806556793  0.00793892772632
-1.18762133594  725  625  624.156838243  28.1163127522  0.00457732781397
-1.18762133594  725  647  647.762553536  31.6803046599  0.0465738140767
-1.18762133594  725  671  671.192762103  0.359811352251  0.032481020714
-1.18762133594  725  695  694.942874328  23.8688477301  0.0171689473189
-1.18762133594  724  718  718.519553446  21.5146675114  0.0360089013841
-1.18762133594  724  742  742.081690026  18.3468630548  0.0145726683229
-1.18762133594  723  766  766.089948811  16.7952707448  0.0153430130698
-1.18762133594  723  790  790.120510423  15.0451507102  0.0121004693278
-1.18762133594  722  814  814.726169799  14.6568298248  0.0209455883601
-1.18762133594  722  840  839.465532172  13.3607925523  0.00715643464177
-1.18762133594  721  865  864.503021406  12.6861489827  0.00474018137271
-1.18762133594  720  890  889.873750753  12.5664686036  0.0215379389046
-1.18762133594  719  916  915.917672431  12.3783399593  0.00791047862894
-1.18762133594  718  942  942.2432711  12.7020520333  0.0256540914315
-1.18762133594  717  969  968.785817828  13.178903804  0.0227568682572
-1.18762133594  716  996  995.876454653  13.0929887852  0.0277676490446
-1.00975133594  711  6  6.30968867921  0.0674943897586  -0.0989251734966
-1.00975133594  712  22  22.6222625632  6.13677041969  0.0118434452295
-1.00975133594  713  39  38.8537028914  6.49751437616  -0.024892711851
-1.00975133594  714  55  55.2977567703  6.62401915558  -0.00955379889038
-1.00975133594  714  72  71.7600045365  6.87420848744  -0.0229724936333
-1.00975133594  715  88  88.4475202812  7.02424623236  0.00205513025394
-1.00975133594  716  105  105.218796022  7.29470985413  -0.00207514017679
-1.00975133594  716  122  122.162742947  7.69706760352  0.00976182960811
-1.00975133594  717  139  139.204935419  8.36179217106  0.0208375085959
-1.00975133594  718  156  156.401978895  9.30161259569  0.0227457907935
-1.00975133594  718  174  173.626488509  9.74826422981  0.000122302522672
-1.00975133594  719  191  191.152663367  11.3603250779  0.0212576039938
-1.00975133594  719  209  208.744049398  13.0236296475  0.00178084781529
-1.00975133594  720  227  226.562054628  15.3322546213  -0.0022019873674
-1.00975133594  720  245  244.533221314  18.217274981  -0.00497466244195
-1.00975133594  721  263  263.128507363  22.7970059631  0.00592825674417
-1.00975133594  721  283  281.522939881  25.2571783308  -0.0486215883204
-1.00975133594  722  301  300.850795052  27.313984503  0.00202245212588
-1.00975133594  722  320  320.36044838  27.1947837546  0.0317418667357
-1.00975133594  723  339  339.9477546  0.376833856735  0.0494393611175
-1.00975133594  723  359  358.690561373  23.3660610632  0.00217192146635
-1.00975133594  723  377  378.501281032  24.2376114219  0.0767939241404
-1.00975133594  724  397  397.356706146  21.6814379304  0.0415072969182
-1.00975133594  724  417  416.530931466  19.1931587153  0.0128377357628
-1.00975133594  724  436  436.160857272  18.8808349791  0.0325246278212
-1.00975133594  724  456  455.883407296  17.8680658243  0.0230698490607
-1.00975133594  724  475  475.879967115  17.964776282  0.0534134298316
-1.00975133594  725  496  495.837163842  18.0808587838  0.0210855330636
-1.00975133594  725  517  516.255247715  18.0975962517  -0.00301654099803
-1.00975133594  725  537  537.074527079  0.232493213229  0.0274295015463
-1.00975133594  725  558  558.189754559  21.597049782  0.0234343704485
-1.00975133594  725  581  580.322254592  0.40841059995  -7.67768108043
-1.00975133594  724  602  601.663417154  25.345460972  0.00585812581538
-1.00975133594  724  625  623.87856812  27.5737797907  -0.00469065722735
-1.00975133594  724  648  647.538563294  29.6967397167  0.0162069120097
-1.00975133594  724  671  671.203368288  29.1001431873  0.0337680475396
-1.00975133594  724  695  694.858746386  24.3826969359  0.0256341901301
-1.00975133594  723  719  718.400399057  19.574570487  0.000375424917211
-1.00975133594  723  742  742.14713383  18.3143970183  0.0147749302102
-1.00975133594  722  766  766.127630131  16.6889503121  0.0159775704167
-1.00975133594  722  790  790.15279505  15.2085784034  0.0124424608688
-1.00975133594  721  814  814.769428107  14.1163273851  0.0201302276952
-1.00975133594  721  839  839.579925225  13.4139130441  0.0181193583559
-1.00975133594  720  864  864.701602439  13.2212137298  0.0239989943045
-1.00975133594  719  890  889.939660429  12.5097679747  0.0244133518634
-1.00975133594  718  916  915.973406714  12.4368788572  0.00672233807447
-1.00975133594  717  942  942.258453707  12.8117955225  0.02785871014
-1.00975133594  716  969  968.827265457  13.006314131  0.0207795474412
-1.00975133594  715  996  995.961790949  13.2328699577  0.0309612593364
-0.831881335941  710  6  6.25201182017  5.47603888957  -0.106272997543
-0.831881335941  711  23  22.5196671381  6.18463358231  -0.0335462970219
-0.831881335941  712  39  38.819938914  6.4378837211  -0.0238996673457
-0.831881335941  713  55  55.2201932889  6.71310270631  -0.013424322466
-0.831881335941  713  72  71.7339352915  6.85414294994  -0.0299346986753
-0.831881335941  714  88  88.3972230787  7.04734508616  -0.000728511468307
-0.831881335941  715  105  105.221745432  7.32305330111  0.00447392959774
-0.831881335941  715  122  122.176111624  7.83651556048  0.00612711047359
-0.831881335941  716  139  139.182036341  8.29273501869  0.0197223938509
-0.831881335941  717  156  156.383300564  9.33322805999  0.0273481743856
-0.831881335941  717  174  173.604266823  9.80073647265  -0.000895243310223
-0.831881335941  718  191  191.115883307  11.3680473445  0.020212017777
-0.831881335941  719  209  208.764370532  12.9627139027  0.00646400046374
-0.831881335941  719  227  226.554014303  15.2371299  -0.00174731486354
-0.831881335941  720  245  244.707176888  17.9918401497  -0.00230695641741
-0.831881335941  720  263  263.104395003  22.6940950173  0.00989215272939
-0.831881335941  721  283  281.368015643  25.5072790688  -0.048784728706
-0.831881335941  721  301  300.934976875  26.9185395968  0.00804084917307
-0.831881335941  721  320  320.385502961  27.9246512937  0.0291492086069
-0.831881335941  722  339  339.67790862  25.8753436264  0.0420185836762
-0.831881335941  722  358  359.299913855  27.1181432325  0.0685644225053
-0.831881335941  722  379  377.840031538  21.4612122233  -0.0188192694444
-0.831881335941  723  397  397.261481228  21.7540224814  0.039548349998
-0.831881335941  723  417  416.596197258  19.042038078  0.0113230987949
-0.831881335941  723  436  436.207375937  18.0165508002  0.0346769702533
-0.831881335941  723  455  456.134436268  20.0887694222  0.0651888015782
-0.831881335941  724  477  476.295844971  0.410486659665  -7.14515698857
-0.831881335941  724  496  495.905101613  17.8873262028  0.0210753417747
-0.831881335941  724  517  516.304963044  18.332526429  0.000789533108852
-0.831881335941  724  537  537.144791274  19.0598462976  0.0318917038497
-0.831881335941  724  558  558.242173057  0.247092907667  0.0256284496752
-0.831881335941  724  579  579.910342999  23.6728351818  0.0442921020583
-0.831881335941  724  602  601.596237826  25.4999131216  0.0144783990396
-0.831881335941  723  624  624.246526807  29.5667999948  0.0251154502895
-0.831881335941  723  648  647.400514036  30.9701192849  0.00969311222368
-0.831881335941  723  672  671.054983011  26.4828874676  3.75327238274e-05
-0.831881335941  723  694  695.137206516  25.29624424  0.0528717520769
-0.831881335941  722  719  718.436567127  19.5522364451  1.09763403846e-05
-0.831881335941  722  742  742.071802491  18.5862308137  0.0136563777113
-0.831881335941  721  766  766.109819763  16.8703775414  0.0195226800712
-0.831881335941  721  790  790.293352049  15.0880051592  0.0136189550253
-0.831881335941  720  814  814.838515133  13.9838857796  0.0189667680129
-0.831881335941  720  839  839.586776279  13.2648834644  0.0211547592352
-0.831881335941  719  864  864.844407639  13.1503774302  0.0264106496819
-0.831881335941  718  890  890.085247002  12.5758129524  0.0270711728832
-0.831881335941  717  916  916.078052627  12.512702264  0.0102643245585
-0.831881335941  716  942  942.321385587  12.7245069261  0.0263859936259
-0.831881335941  715  969  968.88486698  13.1819601189  0.0260935746079
-0.831881335941  714  996  996.072744372  13.1350787133  0.0313832832201
-0.654011335941  709  6  6.21309761696  5.55585739713  -0.114760544847
-0.654011335941  710  22  22.5571740665  6.13661573088  0.00874350296868
-0.654011335941  711  39  38.7780830665  6.43670617026  -0.0280452563142
-0.654011335941  712  55  55.2326148542  6.6511959491  -0.0145701817082
-0.654011335941  712  72  71.6837476335  6.77555779035  -0.028958138415
-0.654011335941  713  88  88.3975789541  7.07923235533  -0.00246142136355
-0.654011335941  714  105  105.199608469  7.39114520291  0.00636837042418
-0.654011335941  715  122  122.085425326  7.77553871232  0.00649404893227
-0.654011335941  715  139  139.17506053  8.33822201937  0.0196634725846
-0.654011335941  716  156  156.371571533  9.29311575276  0.0259419921618
-0.654011335941  716  174  173.621523096  9.76015416998  0.00448295461026
-0.654011335941  717  191  191.107480327  11.4460948033  0.0220899718939
-0.654011335941  718  209  208.750186125  13.0567357987  0.00336196354341
-0.654011335941  718  227  226.476382078  15.2761492799  -0.00971879039366
-0.654011335941  719  245  244.710321876  17.9759571987  0.00417420257482
-0.654011335941  719  263  263.226481812  20.8722073856  0.022974237954
-0.654011335941  720  281  282.245316617  26.2086446279  0.0470613474727
-0.654011335941  720  301  300.780129669  26.7969448286  0.00203891196687
-0.654011335941  720  320  320.293477195  27.7237660709  0.0313326785858
-0.654011335941  721  339  339.810306758  26.4001800376  0.0506077532996
-0.654011335941  721  358  359.272072787  26.9112124794  0.0686293732239
-0.654011335941  722  379  377.912358012  21.1735229282  -0.0159394537689
-0.654011335941  722  397  397.283227403  21.3216208303  0.0372571317382
-0.654011335941  722  417  416.600028244  18.8422017339  0.0117705738653
-0.654011335941  722  436  436.213579118  17.935618709  0.0338712650354
-0.654011335941  722  455  456.097620026  18.5795479062  0.0648969198967
-0.654011335941  723  475  475.89349692  18.4129542123  0.0578585780695
-0.654011335941  723  496  495.96904033  17.8978222508  0.0224056095123
-0.654011335941  723  517  516.311751647  18.0879863825  0.00263455403656
-0.654011335941  723  537  537.153535227  0.230959125489  0.0286708705193
-0.654011335941  723  558  558.175765533  20.3819862718  0.0218382303836
-0.654011335941  723  579  579.844352994  23.1670021978  0.0417982497734
-0.654011335941  723  602  601.597596409  25.7238151806  0.0105861353454
-0.654011335941  722  624  624.340747499  29.8215777057  0.0267122781053
-0.654011335941  722  648  647.506048319  31.4663930068  0.0123320477112
-0.654011335941  722  672  671.17938011  26.573709362  0.00430577008355
-0.654011335941  722  694  695.131471044  0.342581075858  0.0548901752972
-0.654011335941  721  718  718.65214261  21.3144338848  0.037112187536
-0.654011335941  721  742  742.14580675  18.938086194  0.0166222498042
-0.654011335941  720  766  766.192733499  16.6887457247  0.0183547121609
-0.654011335941  720  790  790.436396848  15.1578626249  0.0170896896728
-0.654011335941  719  815  814.810659209  14.1463766626  0.00629410250325
-0.654011335941  719  840  839.548203157  13.2369101448  0.00122705455939
-0.654011335941  718  865  864.810355528  12.686874059  0.0113158651702
-0.654011335941  717  890  890.123042277  12.5679648643  0.0289608389632
-0.654011335941  716  916  916.119391653  12.3448344356  0.0100081195171
-0.654011335941  715  942  942.357355604  12.8599202892  0.0306323350103
-0.654011335941  714  969  969.013179109  12.9505812846  0.0253883379325
-0.654011335941  713  996  996.124246822  13.2942336466  0.0359564376195
-0.476141335941  708  6  6.22353083766  0.0678534144758  -0.101305010332
-0.476141335941  709  22  22.5305796899  6.17039022655  0.00726950187572
-0.476141335941  710  39  38.7294606388  6.49085522429  -0.0310025898392
-0.476141335941  711  55  55.177909417  6.63788339276  -0.0110542017357
-0.476141335941  712  72  71.7418738344  6.85034407925  -0.0263876721447
-0.476141335941  712  88  88.4060501901  7.10205894303  0.00327670072489
-0.476141335941  713  105  105.180133289  7.37743870757  0.00157280974899
-0.476141335941  714  122  122.102680298  7.79810273812  0.00480969510294
-0.476141335941  714  139  139.123871852  8.34672852894  0.0138385507953
-0.476141335941  715  156  156.32991697  9.36242396899  0.0224078749369
-0.476141335941  716  174  173.652247076  9.78526503914  0.0022251492028
-0.476141335941  716  191  191.115254211  11.4372372499  0.021620959847
-0.476141335941  717  209  208.751637488  13.175389668  0.00712508162865
-0.476141335941  717  227  226.532162826  15.1191329728  -0.00694850292316
-0.476141335941  718  245  244.601705421  17.6754563588  -0.000510630358099
-0.476141335941  718  263  263.218289465  20.6327100911  0.0225724089766
-0.476141335941  719  282  281.744324273  24.3931065166  0.00524986684373
-0.476141335941  719  301  300.846426901  26.9653949909  0.00627345739868
-0.476141335941  720  320  320.542390037  27.1155747329  0.0328562064603
-0.476141335941  720  339  339.881735128  28.7942003194  0.0581152857236
-0.476141335941  720  359  358.89014693  25.3405929262  0.0135311523454
-0.476141335941  721  379  377.813793939  21.3005803132  -0.015226599967
-0.476141335941  721  397  397.301037133  21.2827485529  0.0385070187885
-0.476141335941  721  417  416.582924337  18.7847578148  0.0108567192677
-0.476141335941  721  436  436.204714351  19.1598667679  0.0350063182231
-0.476141335941  721  456  455.980648249  17.7395879932  0.0285453880353
-0.476141335941  722  475  475.972784229  18.3461806721  0.0567063550801
-0.476141335941  722  495  496.208033992  19.6290395204  0.060189111809
-0.476141335941  722  517  516.384427367  17.9301840879  0.00357725105714
-0.476141335941  722  537  537.212696898  18.9255969781  0.0328346110235
-0.476141335941  722  558  558.297148911  20.1954127634  0.0302487129666
-0.476141335941  722  579  579.835779506  23.1312891457  0.0401588883543
-0.476141335941  722  602  601.575024894  26.0321360653  0.010618124071
-0.476141335941  722  624  624.38250884  29.9529853032  0.0353337032852
-0.476141335941  721  648  647.604716661  31.3345688693  0.019765258079
-0.476141335941  721  672  671.291295643  27.1044656767  0.0053994585467
-0.476141335941  721  695  694.88414684  23.7728540964  0.0180202439583
-0.476141335941  720  718  718.66290349  20.8062892991  0.0334558981403
-0.476141335941  720  742  742.181757626  18.8527839618  0.0164552068999
-0.476141335941  720  766  766.175973496  16.7338107404  0.0180206915645
-0.476141335941  719  790  790.460812441  15.0734895538  0.0207600675083
-0.476141335941  718  815  814.82671609  14.0106082755  0.00100298958724
-0.476141335941  718  840  839.572007896  13.3060730942  0.0031782771797
-0.476141335941  717  865  864.790864806  12.6561001079  0.00860710102425
-0.476141335941  716  890  890.203860047  12.5749077074  0.0276541577107
-0.476141335941  715  916  916.154647467  12.4484500169  0.0137223188541
-0.476141335941  714  942  942.444044049  12.7486666631  0.0270037120819
-0.476141335941  713  969  969.031351441  13.0116511517  0.0282825136325
-0.476141335941  712  996  996.174044919  13.125092221  0.0334333244369
-0.298271335941  707  6  6.22777283309  0.0689108960422  -0.0992499844534
-0.298271335941  708  22  22.48356357  6.16483393887  0.00797130810361
-0.298271335941  709  39  38.703081139  6.46388706844  -0.030857046541
-0.298271335941  710  55  55.1489757884  6.63056302102  -0.0169900723203
-0.298271335941  711  72  71.6680046263  6.91113469461  -0.0251750250174
-0.298271335941  711  88  88.3573564508  7.10852047963  -0.00292494846614
-0.298271335941  712  105  105.14331846  7.3794102104  -0.00432022137802
-0.298271335941  713  122  122.058760825  7.87663720197  0.00772104824417
-0.298271335941  713  139  139.125057675  8.39088127515  0.00797475417864
-0.298271335941  714  156  156.314057723  9.35688046236  0.0230102114762
-0.298271335941  715  174  173.625995586  9.86551722007  0.00792831089309
-0.298271335941  715  191  191.189104464  11.4164703777  0.0235011804447
-0.298271335941  716  209  208.689335437  13.0713312126  0.00147862105493
-0.298271335941  716  227  226.516651517  15.0055217335  -0.00764886034949
-0.298271335941  717  245  244.575470862  17.7838960215  -0.000302168964162
-0.298271335941  717  263  263.134820733  20.8370750149  0.0199246551681
-0.298271335941  718  282  281.748722543  24.2610394763  -0.000686933722296
-0.298271335941  718  301  300.906953593  27.3626068466  0.0133175235483
-0.298271335941  719  320  320.426425529  27.244947553  0.0318930809301
-0.298271335941  719  339  339.869008023  28.5825236821  0.0528029283239
-0.298271335941  719  359  358.694459705  23.4858213211  -0.00153216064719
-0.298271335941  720  378  378.075962612  0.260651258955  0.0263403449003
-0.298271335941  720  397  397.272863874  21.1818369063  0.0362269178584
-0.298271335941  720  417  416.611322854  18.892651671  0.0116909081962
-0.298271335941  720  436  436.261550431  19.074637227  0.0383508930492
-0.298271335941  721  456  456.029239347  17.4416095179  0.034921634921
-0.298271335941  721  475  476.039681997  18.2418152555  0.057209048119
-0.298271335941  721  496  495.901875322  18.285750812  0.0204627593453
-0.298271335941  721  516  516.511374951  18.0023738686  0.0379973258644
-0.298271335941  721  537  537.236148036  0.231377951744  0.0308383463997
-0.298271335941  721  558  558.311523503  21.1679482896  0.0288397163307
-0.298271335941  721  580  579.580133635  23.5855145893  -0.00253664314561
-0.298271335941  721  602  601.723872063  25.6932746112  0.0129696808144
-0.298271335941  721  625  624.291866399  28.3295016167  0.0128668490158
-0.298271335941  720  648  647.635906642  0.373805777661  0.0176020698773
-0.298271335941  720  672  671.338608937  27.1756680276  0.00753154423934
-0.298271335941  720  694  695.353898639  26.1656222597  0.0587306594023
-0.298271335941  720  718  718.679183947  21.1875481813  0.0374419277273
-0.298271335941  719  742  742.282642612  18.5298159131  0.0208624856496
-0.298271335941  719  766  766.30139127  16.8029627578  0.0180671326258
-0.298271335941  718  790  790.535477795  15.1814115177  0.0228085398206
-0.298271335941  718  815  814.874463984  14.0279196003  0.00492067156288
-0.298271335941  717  840  839.646443931  13.2027961357  0.00381109952701
-0.298271335941  716  865  864.799315074  12.8611667168  0.00434221545195
-0.298271335941  715  890  890.243959255  12.8253763103  0.034295525543
-0.298271335941  715  916  916.274980511  12.4890925923  0.0105470446054
-0.298271335941  714  942  942.449785353  12.8089055214  0.0266318411373
-0.298271335941  713  969  969.183285432  13.0133873635  0.0269880023069
-0.298271335941  711  996  996.273847546  13.1680088973  0.0349908846127
-0.120401335941  707  6  6.15317273085  5.55059295155  -0.104286482475
-0.120401335941  707  22  22.4669595984  6.18895915978  0.00200643096404
-0.120401335941  708  39  38.6769325353  6.40021136445  -0.0301199844008
-0.120401335941  709  55  55.1457248882  6.71466058219  -0.0164251854101
-0.120401335941  710  72  71.6821520649  6.88143108449  -0.0278110309518
-0.120401335941  710  88  88.3591645331  7.06358850635  0.00165677080503
-0.120401335941  711  105  105.120950021  7.36854559608  -0.00749766155071
-0.120401335941  712  122  122.058659486  7.77482458209  0.000829391000344
-0.120401335941  712  139  139.073022808  8.30901798403  0.0110809601589
-0.120401335941  713  156  156.303236887  9.315266969  0.0265596751655
-0.120401335941  714  174  173.599303259  9.78168593758  0.00343033567167
-0.120401335941  714  191  191.142468831  11.5002612819  0.0202211811309
-0.120401335941  715  209  208.664692164  13.2364584493  0.00112279596084
-0.120401335941  715  227  226.46834065  15.297807499  -0.0101634400429
-0.120401335941  716  245  244.572569726  17.8101602505  -0.000312213747611
-0.120401335941  716  263  263.127776269  0.249243278445  0.0263842891551
-0.120401335941  717  282  281.832585252  24.0464885218  0.00283703838544
-0.120401335941  717  301  300.940695451  27.4349043239  0.00522297879487
-0.120401335941  718  320  320.418230275  27.7334738899  0.0302803274279
-0.120401335941  718  339  339.942404558  28.9280116678  0.0530225223491
-0.120401335941  718  359  358.734497105  23.6416645723  0.00415568242336
-0.120401335941  719  377  378.564740506  24.2704871607  0.0833320438865
-0.120401335941  719  397  397.309345344  21.1293077434  0.0364093790631
-0.120401335941  719  417  416.617607463  18.9216150083  0.0111466112058
-0.120401335941  719  436  436.257007708  18.8054919185  0.0355806458221
-0.120401335941  720  456  455.918814664  17.4864721733  0.0258521984462
-0.120401335941  720  475  476.017519065  18.0371650391  0.0570279951392
-0.120401335941  720  496  495.944005245  18.4112797446  0.0200594916714
-0.120401335941  720  516  516.534846028  18.1944929524  0.0383170608157
-0.120401335941  720  537  537.173033583  0.230522169059  0.0304092123244
-0.120401335941  720  558  558.354163919  21.5237665721  0.0310107385149
-0.120401335941  720  580  579.600441516  23.7083519339  0.00356867671146
-0.120401335941  720  602  601.762257256  25.8997231605  0.0144374354917
-0.120401335941  720  625  624.278718897  28.064813837  0.00880512773745
-0.120401335941  719  648  647.492453323  0.379209875267  0.0178286384909
-0.120401335941  719  672  671.276604646  27.2511080149  0.0113927671696
-0.120401335941  719  694  695.342251673  25.6763207943  0.0601085486398
-0.120401335941  719  719  718.533999872  19.7685087294  0.00551502395529
-0.120401335941  718  742  742.395064548  18.5906876501  0.0242786070499
-0.120401335941  718  766  766.287434424  16.7812837469  0.0188606700256
-0.120401335941  717  791  790.39618365  15.0170457122  -0.00100095978821
-0.120401335941  717  815  814.974051024  14.2082413387  0.00495304287591
-0.120401335941  716  840  839.749402363  13.3202629624  0.00446396066832
-0.120401335941  715  865  864.967094291  13.0725961341  0.00985357451468
-0.120401335941  714  891  892.801089435  0.206091877306  12.4049244667
-0.120401335941  714  916  916.26893126  12.4623093182  0.0127715150188
-0.120401335941  713  942  942.564313755  12.9041715949  0.0267453963728
-0.120401335941  712  969  969.132661303  13.2138919652  0.0248141921962
-0.120401335941  710  997  996.361316965  13.2068838902  0.0148299683609
0.0574686640593  706  6  6.16201778044  5.54822627179  -0.113136697423
0.0574686640593  706  22  22.4149787567  6.12616282318  0.00661323235279
0.0574686640593  707  39  38.6364460237  6.39775328311  -0.0309680482926
0.0574686640593  708  55  55.1131522697  6.66394247369  -0.0162067770357
0.0574686640593  709  72  71.6251367416  6.87969949627  -0.0280522313322
0.0574686640593  709  88  88.3191016222  7.10002896412  -0.00284068970871
0.0574686640593  710  105  105.097154181  7.40971966184  -0.00572924091378
0.0574686640593  711  122  122.040934841  7.8527972869  0.00174788101845
0.0574686640593  711  139  139.103462245  8.43109414636  0.00887768615313
0.0574686640593  712  156  156.29312252  9.36520033568  0.0238381347165
0.0574686640593  713  174  173.579742404  9.9742511511  0.0050773938771
0.0574686640593  713  191  191.12094907  11.5620444471  0.0182597028033
0.0574686640593  714  209  208.663204417  13.2818681722  0.00315860307607
0.0574686640593  714  227  226.453271529  15.2553440288  -0.00687165836249
0.0574686640593  715  245  244.61043218  17.9112166993  -0.00500359330299
0.0574686640593  715  263  263.13599318  20.7835826573  0.0193835777957
0.0574686640593  716  282  281.651566684  24.2575615552  -0.00342818657753
0.0574686640593  716  301  300.821109527  27.117960014  0.00691083680344
0.0574686640593  717  320  320.438845855  27.8601375332  0.0290229523389
0.0574686640593  717  339  339.945501659  28.0123989443  0.0463217736364
0.0574686640593  717  359  358.868537692  24.0479880645  0.0081940873311
0.0574686640593  718  377  378.430074626  0.363572334954  0.077978096232
0.0574686640593  718  397  397.322122086  21.6423542357  0.0345525832037
0.0574686640593  718  417  416.699149701  19.0155823951  0.0157074024027
0.0574686640593  719  436  436.249160869  17.7721191612  0.0390843952834
0.0574686640593  719  455  456.199164919  18.4669668405  0.0668643959905
0.0574686640593  719  476  475.759596081  16.991500981  0.0149326042394
0.0574686640593  719  495  496.214091432  18.2632494875  0.0590213030022
0.0574686640593  719  516  516.569974113  18.2921797204  0.0371498669752
0.0574686640593  719  537  537.218709033  0.233634139709  0.0293473723976
0.0574686640593  719  558  558.345012249  20.4623959416  0.0340840177975
0.0574686640593  719  579  579.895352502  23.8240967104  0.0449212443162
0.0574686640593  719  601  602.207819405  27.5411034519  0.0468695965043
0.0574686640593  719  625  624.20929903  27.7886750559  0.00277094220992
0.0574686640593  719  648  647.685513066  29.6454107464  0.0255444093276
0.0574686640593  718  671  671.652346858  30.0572278844  0.0493612850619
0.0574686640593  718  695  695.004675971  24.7129975009  0.0270121100263
0.0574686640593  718  719  718.603771521  19.6837323712  0.0108156038635
0.0574686640593  717  742  742.426545986  18.5342013871  0.0226341769589
0.0574686640593  717  766  766.312828478  16.8862848655  0.0180357258579
0.0574686640593  716  791  790.43993802  15.0088794134  -0.000440887826031
0.0574686640593  716  815  815.029024439  13.937418306  0.0117160137335
0.0574686640593  715  840  839.857527324  13.2438144841  0.00686367758545
0.0574686640593  714  865  864.991513055  12.7284041524  0.00837894768988
0.0574686640593  714  890  890.340141013  12.7007896514  0.0355534155365
0.0574686640593  713  916  916.299224327  12.4655321059  0.00907038268866
0.0574686640593  712  942  942.590987009  12.6604149728  0.0298525487769
0.0574686640593  711  969  969.224229588  13.3706570699  0.0223591932087
0.0574686640593  710  997  996.283401787  13.118910233  0.0153541462121
0.235338664059  705  6  6.11391262053  5.50936828889  -0.114496910605
0.235338664059  705  22  22.4418139454  6.17193185423  0.00535321017035
0.235338664059  706  39  38.5973765824  6.39619721627  -0.0314660056276
0.235338664059  707  55  55.08200102  6.67622535671  -0.0169314649874
0.235338664059  708  71  71.6376746662  6.85676095105  -1.81375145397e-05
0.235338664059  708  88  88.2554762113  7.04453195539  -0.00162062264055
0.235338664059  709  105  105.066882124  7.37827476293  -0.00347269963523
0.235338664059  710  122  122.023989258  7.81763811089  0.000625968095946
0.235338664059  711  139  139.036401067  8.43840834078  0.0106648379736
0.235338664059  711  156  156.271229733  9.37746945955  0.0226396143547
0.235338664059  712  174  173.584055656  9.88119114847  0.00169060932847
0.235338664059  712  191  191.11992731  11.4572073575  0.0225983711739
0.235338664059  713  209  208.682951266  13.138486624  0.00110452541629
0.235338664059  713  227  226.544911424  15.4247411201  -0.0057964444508
0.235338664059  714  245  244.623391302  17.7403952834  -0.00540969971805
0.235338664059  714  263  263.037408318  20.6850551113  0.0167741212007
0.235338664059  715  282  281.730169057  24.5361767295  0.00173389806822
0.235338664059  715  301  300.82725215  27.5278303481  -0.0040837308201
0.235338664059  716  320  320.291415963  0.343864494719  0.0202829795144
0.235338664059  716  339  339.906085214  28.76142675  0.0467040490357
0.235338664059  717  359  358.795028116  24.3635842085  0.00816783326006
0.235338664059  717  377  378.428225775  24.7391880049  0.075629947668
0.235338664059  717  397  397.432314026  22.0287667471  0.0390865867251
0.235338664059  717  417  416.749759527  19.1773593709  0.0172775223267
0.235338664059  718  436  436.252796449  18.72190177  0.0327132489989
0.235338664059  718  456  455.930767644  18.526223096  0.0248923317232
0.235338664059  718  476  475.872282402  17.8484107628  0.0181815421837
0.235338664059  718  496  496.030506476  18.3721627154  0.022387007341
0.235338664059  718  517  516.327882386  18.4727075689  -0.000740281430163
0.235338664059  718  537  537.319686001  19.1599222633  0.0312041998374
0.235338664059  718  558  558.374551178  20.2882673292  0.0346593097479
0.235338664059  718  579  580.030336818  25.5847539223  0.040597454507
0.235338664059  718  603  601.560422774  26.1291461407  -0.0175857717925
0.235338664059  718  625  624.178726815  28.0429239247  0.00409458323146
0.235338664059  718  648  647.773431427  29.4961855105  0.0276686784194
0.235338664059  717  671  671.630965958  0.402160359525  0.0463895573501
0.235338664059  717  695  695.020981102  24.8543359572  0.0281708917975
0.235338664059  717  719  718.565769089  19.7003268628  0.00772918916632
0.235338664059  716  742  742.443579504  18.7668235183  0.0225483383656
0.235338664059  716  766  766.390456619  17.0679456251  0.0221515248936
0.235338664059  715  791  790.530515202  14.9823809241  0.00218975958762
0.235338664059  715  815  815.10845623  14.05065581  0.011970188786
0.235338664059  714  840  839.892569378  13.3144004769  0.00727597552552
0.235338664059  713  865  865.107226906  13.2424740668  0.015130298483
0.235338664059  713  891  890.407587868  12.2739215406  0.0189165077224
0.235338664059  712  916  916.399458808  12.3573426671  0.0142932792485
0.235338664059  711  942  942.694597269  12.6392691915  0.0297831279398
0.235338664059  710  969  969.283709769  13.0815257496  0.0291206917484
0.235338664059  709  996  996.47870205  12.9627474484  0.0352778859599
0.413208664059  704  6  6.07515560523  5.47618215074  -0.120715213068
0.413208664059  705  22  22.3598083146  6.24513964831  0.00684585202857
0.413208664059  705  39  38.608578193  6.52509217847  -0.0365293859036
0.413208664059  706  55  55.0139038716  6.63938147969  -0.0216397343004
0.413208664059  707  71  71.6349560643  6.87557642252  0.00429827941248
0.413208664059  708  88  88.2662110508  7.04840175149  -0.00596464169007
0.413208664059  708  105  105.021698177  7.36065778618  -0.00426977698161
0.413208664059  709  122  121.969021186  7.7717729252  -0.000466832823792
0.413208664059  710  139  139.020413357  8.38987042315  0.00295731344594
0.413208664059  710  156  156.24309428  9.07802414752  0.027151631377
0.413208664059  711  173  173.613936546  10.3200619859  0.0368004665035
0.413208664059  711  191  191.145906834  11.5150012461  0.0167760630846
0.413208664059  712  209  208.689678221  13.1664125494  0.000871929830867
0.413208664059  713  227  226.440297523  15.4468561757  -0.00619908661124
0.413208664059  713  245  244.636299737  17.9092837135  -0.00694017042803
0.413208664059  714  263  263.095199362  20.8212989457  0.0169767146247
0.413208664059  714  282  281.816551776  24.8077904383  0.00403297427048
0.413208664059  714  301  300.754909154  26.8456256169  0.00388896233197
0.413208664059  715  320  320.474484831  28.1549463485  0.0239802035158
0.413208664059  715  339  339.690577131  26.2613701011  0.038531230142
0.413208664059  716  358  358.644951395  24.4229890852  0.0
0.413208664059  716  377  378.526406692  25.0108326573  0.0803160754257
0.413208664059  716  397  397.473667714  21.7547790825  0.0438838002606
0.413208664059  716  417  416.664010881  19.0668730202  0.0201070894373
0.413208664059  717  436  436.327545239  18.9909059434  0.0365112979857
0.413208664059  717  456  455.882851637  18.6079207799  0.0215092412913
0.413208664059  717  476  475.844583684  17.8764653047  0.0205115085585
0.413208664059  717  496  496.160992258  18.3931831193  0.0268580427941
0.413208664059  717  517  516.359941531  18.4352868847  0.00637409878313
0.413208664059  717  537  537.270167803  20.7108774468  0.0229166546709
0.413208664059  717  559  558.228373335  20.4046843278  -0.00259906932529
0.413208664059  717  579  579.998706967  23.8348610652  0.04202513011
0.413208664059  717  601  602.079337857  27.4598010486  0.0461411708798
0.413208664059  717  625  624.241939171  28.0681393699  0.00119968855515
0.413208664059  717  648  647.886643355  29.2676198721  0.0281343624967
0.413208664059  716  671  671.784188284  30.349768609  0.0449157880328
0.413208664059  716  695  695.100956307  24.9499297189  0.0304625300766
0.413208664059  716  719  718.645689234  19.9128844525  0.0113081049072
0.413208664059  715  742  742.480745057  19.0728544785  0.0260467615025
0.413208664059  715  766  766.554032064  16.8905020926  0.0235637747577
0.413208664059  714  790  790.710988227  15.1770552928  0.0235894556884
0.413208664059  714  815  815.103591315  14.1536658406  0.0097791151568
0.413208664059  713  840  839.938137949  13.2589946407  0.00755698558904
0.413208664059  712  865  865.138080053  12.8148953975  0.0108152547829
0.413208664059  712  890  890.508904478  12.5516848128  0.0392913097049
0.413208664059  711  916  916.497449258  12.4461602622  0.0104712152529
0.413208664059  710  943  942.689825624  12.6430369754  0.0164808210032
0.413208664059  709  969  969.371455807  13.5660339392  0.0255015442988
0.413208664059  708  997  996.450357581  13.6831911505  0.0213274215649
0.591078664059  703  6  6.05028446176  5.47736012978  -0.120143593223
0.591078664059  704  22  22.368638281  6.18586348389  0.00156728879849
0.591078664059  704  38  38.6189748259  6.40028316709  0.00975684659041
0.591078664059  705  55  55.0063806193  6.62647964578  -0.0236383034533
0.591078664059  706  71  71.629098632  6.85548555849  0.00959722765928
0.591078664059  707  88  88.2179647348  7.03474735484  -0.00382786274364
0.591078664059  707  105  104.99038902  7.40097322271  -0.0100601654618
0.591078664059  708  122  121.936354759  7.76078442215  -0.00520060258091
0.591078664059  709  139  139.032096606  8.41011110508  0.0108603563649
0.591078664059  709  156  156.196672448  9.06254958879  0.0210651173902
0.591078664059  710  173  173.615609591  10.4097309615  0.0371224973039
0.591078664059  711  191  191.027170961  11.5085206998  0.0218249362244
0.591078664059  711  209  208.607435191  13.029807012  -0.000858104799313
0.591078664059  712  227  226.459390864  15.2584283887  -0.00951740604471
0.591078664059  712  245  244.651861615  17.8777601202  -0.00209918883622
0.591078664059  713  263  262.99345501  21.1132011816  0.0154407066704
0.591078664059  713  282  281.836097822  24.6507708393  0.0101649402203
0.591078664059  714  301  300.927249769  26.6093960337  0.00525445443737
0.591078664059  714  320  320.466122838  27.7310594976  0.0259354737902
0.591078664059  714  339  339.84243862  28.9994269568  0.0535039174899
0.591078664059  715  359  358.834580258  23.9062579339  0.00917851018645
0.591078664059  715  377  378.565202178  0.366970589321  0.0781464578568
0.591078664059  715  397  397.529348697  21.7194169758  0.044883200078
0.591078664059  716  417  416.746228933  20.1403079733  0.0176929354184
0.591078664059  716  437  437.277302094  0.101276807341  -7.4252077989
0.591078664059  716  456  455.908102509  18.4694790541  0.0221171656491
0.591078664059  716  476  475.935051147  18.0111752846  0.0219119805048
0.591078664059  716  496  496.183406879  18.1714332337  0.0260397731275
0.591078664059  716  516  516.578771979  18.4714088307  0.0402053650286
0.591078664059  716  537  537.320887122  0.252235235357  0.0256937147071
0.591078664059  716  559  558.303658502  20.5731108221  5.95560313176e-05
0.591078664059  716  579  580.100668691  24.1191687522  0.0497212845107
0.591078664059  716  601  602.06882427  27.4879978175  0.0442861488442
0.591078664059  716  625  624.311388775  28.2015684523  0.00610067798147
0.591078664059  716  648  647.860552579  28.9824028935  0.0266062954756
0.591078664059  716  671  671.754369906  30.1319154071  0.0507815702173
0.591078664059  715  695  695.283426535  23.13230073  0.0318870187591
0.591078664059  715  718  718.89220144  21.3190836172  0.0446064052077
0.591078664059  714  742  742.575020616  18.9303104365  0.0252224019804
0.591078664059  714  766  766.510045293  16.8780300192  0.0219451978808
0.591078664059  713  791  790.573280907  15.1112994576  0.00408764899275
0.591078664059  713  815  815.072926708  13.9914900356  0.00827513903663
0.591078664059  712  840  840.007064796  13.2043490201  0.00953802557882
0.591078664059  711  865  865.092792186  13.0989425908  0.0144828932824
0.591078664059  711  891  890.454282079  12.2305909845  0.0181011761768
0.591078664059  710  916  916.53899879  12.4231661042  0.0151645280067
0.591078664059  709  943  942.76242748  12.6897533537  0.0181388830964
0.591078664059  708  970  969.334109777  13.0644570351  0.0145586996343
0.591078664059  707  997  996.587859859  13.5586541229  0.0252456968933
0.768948664059  702  6  6.01346545653  5.47701369282  -0.121650004082
0.768948664059  703  22  22.3314296701  6.25770342771  0.00421974684786
0.768948664059  704  39  38.5734309613  6.44367187436  -0.0348605864074
0.768948664059  704  55  54.9787576077  6.60054010027  -0.0216982850625
0.768948664059  705  71  71.5721692861  6.8099985535  0.0059309939825
0.768948664059  706  88  88.1973717291  6.967414745  -0.00658195579976
0.768948664059  706  105  104.995953577  7.34530181867  -0.00633128599977
0.768948664059  707  122  121.928481643  7.77694983594  -0.000783834272899
0.768948664059  708  139  138.986894555  8.30791817642  0.00708108350954
0.768948664059  708  156  156.183158508  9.2931749684  0.0191716334091
0.768948664059  709  174  173.488876825  9.96577327205  0.00561186926115
0.768948664059  710  191  191.068801826  11.4290111756  0.0192022649494
0.768948664059  710  209  208.554129109  13.1205135859  -0.00548856076497
0.768948664059  711  227  226.45343229  15.2857067837  -0.00482434825767
0.768948664059  711  245  244.631034165  18.0656940044  -0.00310540689457
0.768948664059  712  263  263.022082207  20.6545070338  0.0115069843568
0.768948664059  712  282  281.735213218  24.5465758242  0.0047600358562
0.768948664059  713  301  300.760241152  26.5502618624  0.00854044045282
0.768948664059  713  320  320.221786482  27.9721412238  0.0171021037612
0.768948664059  713  339  339.85635889  26.6819930872  0.0489176665995
0.768948664059  714  358  359.102050945  0.32929054222  0.0567717084148
0.768948664059  714  377  378.603976032  24.8155436575  0.0855931705867
0.768948664059  714  397  397.457732431  21.5650746646  0.0454049958185
0.768948664059  715  417  416.614151566  20.3685352029  0.0107546773084
0.768948664059  715  437  437.293829457  0.0996642103435  -7.76643280426
0.768948664059  715  456  455.895748275  18.381232826  0.0243444340047
0.768948664059  715  476  475.940932052  17.2009333953  0.0249927300251
0.768948664059  715  495  496.380562374  17.9023557632  0.0712163208673
0.768948664059  715  516  516.689015698  18.6528893322  0.0440813362317
0.768948664059  715  537  537.371331932  20.4411401475  0.0303698457123
0.768948664059  715  559  558.292428542  20.5231415621  0.000393044750597
0.768948664059  715  580  579.850781906  22.2204377744  0.0164536714234
0.768948664059  715  601  602.128564232  27.444824801  0.045768550767
0.768948664059  715  625  624.415364788  28.1150361688  0.0125345964055
0.768948664059  715  648  647.946706282  29.1105737016  0.0258002719215
0.768948664059  715  671  671.969531924  30.0204274418  0.051874036891
0.768948664059  714  695  695.433397677  24.8651003939  0.0347840040288
0.768948664059  714  719  718.626664907  20.0980935129  0.00859432181364
0.768948664059  714  742  742.630829555  0.227858287614  0.0284064808516
0.768948664059  713  766  766.576696718  16.724966229  0.0221580226716
0.768948664059  712  791  790.800309893  15.0547251367  0.00487868446194
0.768948664059  712  815  815.174912636  13.9423877549  0.0123449483978
0.768948664059  711  840  840.086672474  13.2538907965  0.0122681086673
0.768948664059  711  865  865.200926694  13.1134508844  0.0139470036485
0.768948664059  710  891  891.2791236  0.347103938855  -6.21579632508
0.768948664059  709  916  916.58776026  12.4079590161  0.0151301907813
0.768948664059  708  943  942.880166849  12.7381281224  0.021565807183
0.768948664059  707  970  970.311664311  0.381927296218  -5.84915331228
0.768948664059  706  997  996.642473767  13.5693745282  0.0278593878499
0.946818664059  701  6  5.97451867149  5.47675240508  -0.124376483928
0.946818664059  702  22  22.2816995564  6.24315703004  -0.00146097181752
0.946818664059  703  38  38.5455095248  6.44630119654  0.00681305543168
0.946818664059  703  55  54.9424489772  6.63650166247  -0.0281426620859
0.946818664059  704  71  71.5234194639  6.82353973772  -0.00122372828126
0.946818664059  705  88  88.171699806  7.04951089576  -0.00280626800733
0.946818664059  705  105  105.006748861  7.31606640272  -0.00615961731848
0.946818664059  706  122  121.891879494  7.76610708044  -0.00206234253428
0.946818664059  707  139  139.004563077  8.28573078637  0.0101725438055
0.946818664059  707  156  156.214810181  9.01485937063  0.0207831806061
0.946818664059  708  173  173.549736731  10.3400039433  0.037052283496
0.946818664059  709  191  191.012841718  11.5667576719  0.019658368845
0.946818664059  709  209  208.598184498  13.0913875162  -0.00232591015885
0.946818664059  710  227  226.413065762  15.2463699756  -0.00964927109692
0.946818664059  710  245  244.571597894  17.943878929  -0.00196003612456
0.946818664059  711  263  263.020659547  20.7836193899  0.01281722579
0.946818664059  711  282  281.642851967  24.4087755466  -0.00480215131374
0.946818664059  712  301  300.806026882  26.0483031022  0.00223862615189
0.946818664059  712  320  320.278171212  27.834309675  0.02353839596
0.946818664059  712  339  339.882189974  0.400533629384  0.0537005000031
0.946818664059  713  359  358.869829116  24.1818415305  0.00860017917128
0.946818664059  713  377  378.477358728  25.1128623926  0.0848727967686
0.946818664059  713  397  397.475421414  0.271599195399  0.0431070636279
0.946818664059  714  417  416.643673784  19.2839692786  0.0128915124563
0.946818664059  714  436  436.481565409  19.5632325639  0.044459247301
0.946818664059  714  456  455.974446349  18.3492752678  0.0285125476008
0.946818664059  714  476  475.967155653  18.1261183116  0.0216266455569
0.946818664059  714  496  496.22853916  17.9890410325  0.0290189409697
0.946818664059  714  517  516.582355352  18.5693621457  0.00775233156762
0.946818664059  714  538  537.186920456  19.264158413  -0.000306067137003
0.946818664059  714  559  558.267077191  20.5451162896  0.00174641302058
0.946818664059  714  580  579.916777469  21.6618467678  0.0133506862364
0.946818664059  714  601  602.229764541  27.3958050653  0.0476618263557
0.946818664059  714  625  624.510722275  27.6214158212  0.00948161138165
0.946818664059  714  648  647.984598161  31.618168634  0.0244648528733
0.946818664059  714  672  671.565539812  0.327416476933  0.0202355209417
0.946818664059  713  695  695.30153138  23.3037164596  0.0287918889542
0.946818664059  713  718  718.942523609  21.4157740304  0.0440254131963
0.946818664059  713  742  742.73139812  0.228638244907  0.0299319273992
0.946818664059  712  766  766.603060605  16.7477386044  0.0200998955736
0.946818664059  712  791  790.699937865  14.9843394588  0.00587108802109
0.946818664059  711  815  815.24511147  13.858308426  0.0135995906444
0.946818664059  710  840  840.098482932  13.3109395844  0.00762093232027
0.946818664059  710  865  865.197708606  12.9231493312  0.0170327112867
0.946818664059  709  891  890.528355917  12.4688962432  0.0157923438552
0.946818664059  708  917  916.601980987  12.421068417  0.0023757875696
0.946818664059  707  943  942.89496478  12.7412003013  0.0209415797836
0.946818664059  706  970  970.311529892  0.379797126057  -5.87447111487
0.946818664059  705  997  996.58541778  13.0387512268  0.0193802151648
1.12468866406  700  6  5.93184026894  5.50777382397  -0.124065416647
1.12468866406  701  22  22.2533715666  6.24867934677  -0.00234836279837
1.12468866406  702  38  38.5641506336  6.40324442954  0.00538838440189
1.12468866406  702  55  54.9056159749  6.61030691944  -0.0268482832369
1.12468866406  703  71  71.5045029575  6.80635309678  -0.00322277632064
1.12468866406  704  88  88.1563414974  7.01706539153  -0.00568725194975
1.12468866406  705  105  104.966360578  7.3649124145  -0.00667699902933
1.12468866406  705  122  121.917798775  7.7950280061  0.000804202049464
1.12468866406  706  139  138.971414449  8.31348913409  0.00786234694695
1.12468866406  707  156  156.174584358  9.38393900426  0.0184958259169
1.12468866406  707  174  173.442948605  9.95668515814  -0.00304129500885
1.12468866406  708  191  191.011251817  11.451092177  0.0151157812705
1.12468866406  708  209  208.543242713  13.0613559549  -0.00518095460625
1.12468866406  709  227  226.394326848  15.2484898561  -0.00974614566237
1.12468866406  709  245  244.501707467  17.7973122068  -0.0128564516456
1.12468866406  710  263  262.92862329  20.5993849489  0.0101634391346
1.12468866406  710  282  281.663566343  24.2299317465  -0.00256320212033
1.12468866406  711  301  300.871998779  26.638906073  0.00544351503858
1.12468866406  711  319  320.838107891  0.785423769008  0.0793068395258
1.12468866406  712  339  339.924787142  0.348688924237  0.0533920359923
1.12468866406  712  358  359.126551796  24.2915439759  0.0591953456437
1.12468866406  712  377  378.411300692  24.7613364152  0.0789648125335
1.12468866406  712  397  397.475701833  21.598733926  0.0488479156732
1.12468866406  713  417  416.713042043  19.0136624782  0.019575989644
1.12468866406  713  436  436.480189082  19.1579376508  0.045235229004
1.12468866406  713  456  455.993225403  0.220668079152  0.0301742032233
1.12468866406  713  476  475.993574757  18.0850491355  0.0238933275244
1.12468866406  713  496  496.212949538  0.215482774596  0.0300433893913
1.12468866406  713  517  516.553906307  18.2238793995  0.00673501732458
1.12468866406  713  538  537.241793537  18.8898237351  -0.000730653715325
1.12468866406  713  559  558.328133963  20.3282357877  0.00377949319795
1.12468866406  713  580  579.907653942  22.7459365017  0.00863345762498
1.12468866406  713  602  602.033939179  25.7584930397  0.0188630342798
1.12468866406  713  624  624.647053005  29.712310776  0.0364773897884
1.12468866406  713  648  647.932171768  31.0779403413  0.0211225417655
1.12468866406  713  672  671.528020978  27.2979159499  0.018337333969
1.12468866406  712  695  695.285079071  23.2296756052  0.0256693115945
1.12468866406  712  718  719.006498425  21.4742172067  0.0423674834847
1.12468866406  712  742  742.721770833  18.2342494946  0.0324985020419
1.12468866406  711  766  766.751599391  16.9329032191  0.0269291695843
1.12468866406  711  791  790.74778969  15.0520395236  0.00270021620644
1.12468866406  710  815  815.357229108  13.9975740438  0.0145344643449
1.12468866406  709  840  840.134140465  13.5569775405  0.0125382777962
1.12468866406  709  865  865.268921303  12.9822260305  0.0170604001655
1.12468866406  708  891  890.601019144  12.4721775153  0.0180857742723
1.12468866406  707  917  916.64485943  12.3726422031  0.0011621737523
1.12468866406  706  943  942.947309953  12.8721668242  0.0209198002519
1.12468866406  705  970  969.566067281  12.9052488021  0.0165334151678
1.12468866406  704  997  996.663246667  13.0327409095  0.0233895502871
1.30255866406  699  6  5.90199053223  5.58297837415  -0.122379855231
1.30255866406  700  22  22.205802914  6.21302590157  -0.00676354550971
1.30255866406  701  38  38.5189953733  6.44807981858  0.00643296028076
1.30255866406  701  55  54.8718126133  6.69920867851  -0.0308831057968
1.30255866406  702  71  71.4677265542  6.84417118246  -0.00228581634629
1.30255866406  703  88  88.1364763432  7.03203037189  -0.00850343300527
1.30255866406  704  105  104.950449894  7.34558745483  -0.0157335253131
1.30255866406  704  122  121.892481651  7.73832221597  0.000426158303438
1.30255866406  705  139  138.951412658  8.24436028379  0.00934626372899
1.30255866406  706  156  156.217289021  8.97434892808  0.0220330219368
1.30255866406  706  173  173.5465581  10.2949607841  0.0341618346131
1.30255866406  707  191  190.994276976  11.574538064  0.0145658147989
1.30255866406  707  209  208.562324113  13.141138267  -0.00755814615476
1.30255866406  708  227  226.384440007  15.3268267807  -0.00925384661716
1.30255866406  708  245  244.461977317  17.5347277099  -0.00413509026397
1.30255866406  709  263  262.948679928  20.6726514466  0.00709517469555
1.30255866406  709  282  281.73390893  24.8763055503  -0.00167201563144
1.30255866406  710  301  300.7708162  26.5179197071  0.00686638348288
1.30255866406  710  320  320.334042889  0.328201892977  0.0211727371252
1.30255866406  711  339  339.718087869  27.1407609159  0.0486070634035
1.30255866406  711  358  359.207782174  23.8328209564  0.0653427857673
1.30255866406  711  377  378.444137909  25.6380426607  0.100595804473
1.30255866406  712  397  397.613006016  21.4003692855  0.0457789844566
1.30255866406  712  417  416.723528336  19.1565329018  0.0231245658812
1.30255866406  712  436  436.506135614  19.0335865545  0.0491649764604
1.30255866406  712  456  456.082004364  0.220904992557  0.0321673353136
1.30255866406  712  476  476.07510802  0.218743459141  0.030477517731
1.30255866406  712  497  496.03535934  17.604752961  -0.00867314374173
1.30255866406  712  517  516.603810182  18.1456913117  0.0127249873824
1.30255866406  713  538  537.241793537  18.8898237351  -0.000730653715325
1.30255866406  712  559  558.402214131  21.5403719444  0.000584107272374
1.30255866406  712  581  579.784689531  22.2571112847  -0.013359066406
1.30255866406  712  602  602.016249563  25.8887264082  0.0164968069217
1.30255866406  712  625  624.350475907  29.588704321  0.00397010313595
1.30255866406  712  649  648.328673023  0.342585764975  -8.50406803038
1.30255866406  712  672  671.624761415  27.0577715051  0.017115081285
1.30255866406  711  695  695.33734733  25.6912237834  0.035398440862
1.30255866406  711  719  718.762693616  20.0119981177  0.00931701780568
1.30255866406  711  742  742.710920336  0.226199696318  0.0305179403049
1.30255866406  710  766  766.766375452  16.9385042988  0.0300727442423
1.30255866406  710  791  790.813924861  15.0041533665  0.00564318653739
1.30255866406  709  815  815.416565105  14.2013023433  0.0160515757627
1.30255866406  708  840  840.275415532  13.3251101149  0.0135384894466
1.30255866406  708  865  865.3657858  13.0393614116  0.0215948622523
1.30255866406  707  891  890.6455211  12.4042743995  0.0203099289791
1.30255866406  706  917  916.719593391  12.483095251  0.00417626788334
1.30255866406  705  943  943.023646816  12.8047478277  0.0222581421095
1.30255866406  704  970  969.685419245  13.0041327099  0.0210403565475
1.30255866406  703  997  996.777497413  12.940311385  0.0249905262832
1.48042866406  698  6  5.88496656292  5.54945212389  -0.117592784759
1.48042866406  699  22  22.1915585133  6.21332452527  -0.00329175101979
1.48042866406  700  38  38.4752003631  6.44825860146  -0.00112136686136
1.48042866406  701  55  54.8126542226  6.6823924551  -0.0299353525158
1.48042866406  701  71  71.437102838  6.90347379112  -0.0033184315027
1.48042866406  702  88  88.1099198475  7.07575287351  -0.0113843883694
1.48042866406  703  105  104.938441797  7.45479666817  -0.00509829958406
1.48042866406  703  122  121.818657753  7.83512842783  -0.0084687235529
1.48042866406  704  139  138.916234687  8.20430554227  0.00337194054443
1.48042866406  705  156  156.151840854  8.97074070499  0.0264277915686
1.48042866406  705  173  173.527390844  10.2668129955  0.0335142845989
1.48042866406  706  191  190.998366374  11.5984432863  0.0154055117585
1.48042866406  706  209  208.528796587  13.0922575627  -0.00384111454284
1.48042866406  707  227  226.385641122  15.1133338914  -0.0120457441829
1.48042866406  707  245  244.571829184  17.8035969263  -0.00681087281528
1.48042866406  708  263  262.867347837  20.9682810296  0.0060644423107
1.48042866406  708  282  281.606073562  24.1031657216  -0.00444110572424
1.48042866406  709  301  300.78880893  26.3758199344  0.00531214927441
1.48042866406  709  320  320.368699604  26.8375670408  0.0224649211521
1.48042866406  710  339  339.742694572  26.3284310479  0.0429766742931
1.48042866406  710  358  359.147484131  27.4437265406  0.054641822765
1.48042866406  710  378  378.373544445  24.6045000456  0.0684206364893
1.48042866406  711  397  397.512543205  22.1356320122  0.0541670896129
1.48042866406  711  417  416.789029995  20.1260497053  0.0223974172746
1.48042866406  711  437  437.275793397  0.10045715124  -7.47446506011
1.48042866406  711  456  456.074797568  0.219552562419  0.0297027141592
1.48042866406  711  476  476.213067906  17.7939489736  0.0364638086037
1.48042866406  711  497  497.300118641  0.436403785537  -6.76951351101
1.48042866406  712  517  516.603810182  18.1456913117  0.0127249873824
1.48042866406  712  537  537.463887229  19.81622216  0.0319432075341
1.48042866406  712  559  558.355340902  21.5978608059  0.000523863674341
1.48042866406  712  581  579.736580983  21.9497489555  -0.00991060185128
1.48042866406  711  601  602.465508985  27.8047863131  0.0548198321402
1.48042866406  711  625  624.436902277  29.5832128724  0.00809333173448
1.48042866406  711  649  647.746979658  28.5512590968  -0.00554423225127
1.48042866406  711  671  671.782095285  29.8100581258  0.0496754024309
1.48042866406  711  695  695.474425061  23.7476482488  0.0304620951937
1.48042866406  710  718  719.22793656  21.9396837419  0.0512095360784
1.48042866406  710  742  742.827205703  18.7204244075  0.0342949697182
1.48042866406  709  766  766.807811738  16.7707203284  0.0286851645992
1.48042866406  709  791  790.807739197  15.0623772847  0.00387081681293
1.48042866406  708  815  815.464561223  14.2514776287  0.016276286071
1.48042866406  708  840  840.30086078  13.3087772682  0.0161246165331
1.48042866406  707  865  865.404476217  12.9768319153  0.0187262722022
1.48042866406  706  891  890.769810655  12.5144870728  0.0248046899258
1.48042866406  705  917  916.757232406  12.4321541268  0.00314173543731
1.48042866406  704  943  943.110831459  12.7639790322  0.0223705355968
1.48042866406  703  970  969.782945136  13.0688471708  0.0252758361641
1.48042866406  702  997  996.798126436  12.8963265833  0.0243751885896
1.65829866406  697  6  5.82173899998  5.57033387133  -0.13301378042
1.65829866406  698  22  22.1420554105  6.16881342943  -0.00511982358236
1.65829866406  699  38  38.4513055714  6.49509939913  -0.00207186733642
1.65829866406  700  55  54.8458347527  6.65486697974  -0.0289248641926
1.65829866406  700  71  71.3996273272  6.8185976391  -0.00268605752531
1.65829866406  701  88  88.0759746273  7.03371918152  -0.0108959591319
1.65829866406  702  105  104.884606439  7.41861254155  -0.0110626720223
1.65829866406  702  122  121.808919208  7.84006091793  -0.00116258737669
1.65829866406  703  139  138.912557509  8.25560644603  0.0054456307977
1.65829866406  704  156  156.134156477  8.90579608643  0.0162726981681
1.65829866406  704  173  173.475744336  10.2510218792  0.0375801750479
1.65829866406  705  191  190.983019731  11.5747856122  0.0116414995644
1.65829866406  705  209  208.535318303  13.1741103349  -0.00555528080673
1.65829866406  706  227  227.316254205  0.0957800241869  -6.41443238893
1.65829866406  707  245  244.404485711  17.8782418708  -0.0119897544821
1.65829866406  707  263  262.884578035  21.0783673523  0.00887108019003
1.65829866406  707  282  281.659321181  24.4024231317  -0.00835093061187
1.65829866406  708  301  300.786689154  27.4509430197  0.00226497159796
1.65829866406  708  320  320.309184829  27.5563220935  0.0261007587064
1.65829866406  709  339  339.712616182  26.1360188707  0.0480024371165
1.65829866406  709  358  359.101255624  25.0486157049  0.0577975149241
1.65829866406  709  377  378.059221514  20.2257662929  -0.0135639124625
1.65829866406  710  397  397.559937569  21.6697561791  0.0504278083064
1.65829866406  710  417  416.799583003  19.0562719505  0.0196891251383
1.65829866406  710  436  436.540020845  19.3267224116  0.0439216723982
1.65829866406  710  456  456.005307097  18.2771147022  0.0262182050569
1.65829866406  710  476  476.16096061  17.8052589311  0.0336227271206
1.65829866406  711  497  496.101875234  17.6416979422  -0.00251053293814
1.65829866406  711  517  516.713006263  17.9268315345  0.0181772449857
1.65829866406  711  537  537.506883029  19.6614339985  0.030389071296
1.65829866406  711  559  558.380885794  21.3319517832  -0.000371469118051
1.65829866406  711  581  579.774369814  23.2754498097  -0.015847551657
1.65829866406  710  603  601.873327141  25.3410651486  -0.0112200326581
1.65829866406  710  625  624.738921519  0.336585952676  0.0190236667771
1.65829866406  710  648  648.004564856  29.3477525741  0.0294763472174
1.65829866406  710  671  671.916172086  0.416050410578  0.0528767109177
1.65829866406  710  695  695.371166489  23.5927654777  0.0318775742081
1.65829866406  709  718  719.317958823  21.9898070485  0.0575019256359
1.65829866406  709  742  742.866418026  18.9019327248  0.0366989021793
1.65829866406  708  766  766.836200298  16.5827301341  0.0250746981834
1.65829866406  708  790  791.044818991  15.2320009559  0.0260288319863
1.65829866406  707  815  815.535087436  14.1324669382  0.0178937063033
1.65829866406  707  840  840.328667451  13.6773483957  0.0179520010106
1.65829866406  706  866  865.423540002  12.6247725436  0.00105913373122
1.65829866406  705  891  890.875167238  12.5893467335  0.0257437301614
1.65829866406  704  917  916.827027029  12.3709558156  0.00394948101939
1.65829866406  703  943  943.198871349  12.7544979678  0.0277310869111
1.65829866406  702  970  969.83385952  12.9458490782  0.0220272113949
1.65829866406  701  997  996.896798961  12.9071218229  0.0281914049066
1.83616866406  696  6  5.7893095432  5.51320468673  -0.128457695785
1.83616866406  697  22  22.1290155477  6.24764098712  -0.00769105805833
1.83616866406  698  38  38.4238729728  6.46510519588  -0.00398000480778
1.83616866406  699  55  54.8326704088  6.74006355914  -0.0214719056781
1.83616866406  699  71  71.3757073751  6.86934273515  -0.0102672067891
1.83616866406  700  88  88.054573113  7.03202632389  -0.0160288211565
1.83616866406  701  105  104.856981624  7.45014065986  -0.0125389177127
1.83616866406  701  122  121.822260198  7.87558643529  -0.0028106045713
1.83616866406  702  139  138.893661766  8.29144453227  0.00658371864811
1.83616866406  703  156  156.125501978  8.95801734463  0.0202196995938
1.83616866406  703  173  173.452910668  10.1802154017  0.0312503519358
1.83616866406  704  191  190.913710173  11.4977545855  0.0103627170754
1.83616866406  705  209  209.312089915  0.08379196755  -5.97916764961
1.83616866406  705  227  227.317392646  0.098694746563  -6.31312896019
1.83616866406  706  245  244.474679556  17.9353780643  -0.0103935289518
1.83616866406  706  263  262.949798149  20.9141269328  0.0152477282108
1.83616866406  707  282  281.596983521  24.5126532502  -0.0046111656237
1.83616866406  707  301  300.860628544  27.9633347441  0.00592576601481
1.83616866406  707  320  320.293959604  0.370890199568  0.0188243629125
1.83616866406  708  340  339.434905559  26.0365541606  -0.00595955402505
1.83616866406  708  358  359.138164044  24.8207639911  0.0621549122683
1.83616866406  708  377  378.672990829  23.2138231067  0.0847817945529
1.83616866406  709  397  397.649437831  22.0831328587  0.0555557570448
1.83616866406  709  417  416.782257819  19.4023151053  0.00991419043061
1.83616866406  709  436  436.616014013  19.2886586217  0.0470264270989
1.83616866406  709  456  456.064291221  18.3747589944  0.0254063061409
1.83616866406  709  476  476.132063204  0.216967986782  0.0293402821198
1.83616866406  710  496  496.247680739  0.214284858913  0.0322122429803
1.83616866406  710  517  516.649208654  17.8490328078  0.0143564275246
1.83616866406  710  538  537.351838406  18.8398724644  0.000699884462311
1.83616866406  710  559  558.332986996  20.2602809981  0.00277764140034
1.83616866406  710  580  579.946312354  23.0449575015  0.0167161100378
1.83616866406  710  603  601.864727523  23.9355441705  -0.00612318104695
1.83616866406  709  624  624.235111312  29.673865874  0.0
1.83616866406  709  649  648.326484877  0.345489771096  -8.50926735676
1.83616866406  709  672  671.661029138  0.332587609066  0.0198079596789
1.83616866406  709  695  695.412535103  23.7231006446  0.0284226822177
1.83616866406  708  718  719.315865795  21.8773665581  0.0552054234209
1.83616866406  708  742  742.892812274  18.868659557  0.0357883088778
1.83616866406  707  767  766.74261637  16.1484475604  0.0012490555168
1.83616866406  707  790  791.122387462  15.3345419389  0.0303512532988
1.83616866406  706  815  815.587042718  14.0141197466  0.0144368775868
1.83616866406  706  840  840.338745452  13.8659801045  0.0180736403655
1.83616866406  705  866  865.440867475  12.6322873479  0.00356093162979
1.83616866406  704  891  890.916720857  12.5642063171  0.0256669885467
1.83616866406  703  917  916.907284094  12.2589075119  0.00931577235853
1.83616866406  702  943  943.245489695  12.5835098031  0.0252987530124
1.83616866406  701  970  969.926268108  12.9486030658  0.0249943991801
1.83616866406  700  997  997.003577356  12.7597297907  0.0265440565842
2.01403866406  695  6  5.76008552786  5.5948835914  -0.140480204098
2.01403866406  696  22  22.1017725707  6.25291017298  -0.00776308597578
2.01403866406  697  38  38.4037500676  6.43885492447  -0.00403044414808
2.01403866406  698  55  54.7909735424  6.64153394987  -0.0314534863848
2.01403866406  698  71  71.3241398674  6.75981701319  -0.00854001705641
2.01403866406  699  88  88.0433835472  7.08227164735  -0.0138022163363
2.01403866406  700  105  104.846582673  7.429071239  -0.0151593588586
2.01403866406  701  122  121.726216186  7.99506775752  -0.00575283193159
2.01403866406  701  139  138.854956254  8.32380354851  0.00042655099179
2.01403866406  702  156  156.119504313  8.97817392527  0.0178245899526
2.01403866406  702  173  173.416591401  10.120074605  0.0342155029858
2.01403866406  703  191  190.896086235  11.6013098309  0.00638568794854
2.01403866406  704  209  208.472241187  13.2999107795  -0.00635340156589
2.01403866406  704  227  227.306469668  0.401054988199  -6.41124295391
2.01403866406  705  245  244.476585188  18.1650365158  -0.00272511938478
2.01403866406  705  263  263.059051796  20.933889288  0.0163389881066
2.01403866406  706  282  281.648874956  24.9617301331  0.00385849751992
2.01403866406  706  301  300.909286579  28.164941274  0.0084274833082
2.01403866406  706  320  318.235980794  0.38657328551  -11.2146526729
2.01403866406  707  340  339.584821256  26.183565304  -0.00830827724586
2.01403866406  707  359  358.841221317  24.3207363475  0.0156961352375
2.01403866406  707  377  378.57649801  0.649215967932  0.0970363902164
2.01403866406  708  397  397.631185563  21.9738699014  0.0476951313981
2.01403866406  708  417  416.721477183  19.4163553906  0.00915081855094
2.01403866406  708  436  436.567938699  0.242629216224  0.047807794142
2.01403866406  708  456  456.074265985  18.4167004241  0.0272469630972
2.01403866406  709  476  476.108669035  18.115927668  0.0381128538406
2.01403866406  709  496  496.320101093  17.4476092786  0.0339956353504
2.01403866406  709  517  516.690533741  17.8505980369  0.0086596712988
2.01403866406  709  538  537.335653838  18.7321119385  0.0033497467602
2.01403866406  709  559  558.297790147  20.3099442391  0.00278484500527
2.01403866406  709  580  579.871663164  23.1439036474  0.0122203847717
2.01403866406  709  602  602.060903607  0.307684292851  0.0205680666751
2.01403866406  708  625  624.641107681  28.7372838  0.00417896172522
2.01403866406  708  649  647.878139797  29.8361133985  0.000435377565587
2.01403866406  708  671  672.154497524  30.7718177236  0.0643216268004
2.01403866406  708  695  695.472091788  24.3461486105  0.0349413609024
2.01403866406  707  718  719.350751063  21.7864510967  0.0547905759485
2.01403866406  707  742  742.93066965  18.7819276295  0.0360233539383
2.01403866406  706  766  767.084554934  0.203118051385  0.0326326939992
2.01403866406  706  791  790.993773517  15.104889802  0.0107904317157
2.01403866406  705  815  815.636919689  13.8844610505  0.0150734705435
2.01403866406  705  840  840.390898128  13.8223110312  0.014337692929
2.01403866406  704  866  865.521836524  12.648538231  0.00630721652179
2.01403866406  703  891  890.94721532  12.5208892665  0.0267724632839
2.01403866406  702  917  916.975087308  12.216757615  0.00606228571029
2.01403866406  701  943  943.341342822  12.7507853825  0.0270213197268
2.01403866406  700  970  969.994885594  12.7646489633  0.0231287745004
2.01403866406  699  997  997.103084179  12.9115240909  0.030695749308
2.19190866406  694  6  5.69657578522  0.0740007952838  -0.158792655924
2.19190866406  695  22  22.0068306286  6.25275473112  -0.00364810993017
2.19190866406  696  38  38.3617520782  6.42184498849  0.000333541192515
2.19190866406  697  55  54.7282035877  6.59019897085  -0.0415130299438
2.19190866406  697  71  71.4610926814  7.00277502909  0.0028760081109
2.19190866406  698  88  87.9749545811  7.04308504388  -0.0072933555751
2.19190866406  699  105  104.809184347  7.38164606922  -0.0156637006676
2.19190866406  700  122  121.797757441  7.79620414389  -0.00881551090199
2.19190866406  700  139  138.236011397  0.258677956827  -8.13434205421
2.19190866406  701  156  156.077044309  9.38906323109  0.0131898289773
2.19190866406  702  174  174.240143553  0.477557020751  -4.0403075483
2.19190866406  702  191  190.879336745  11.6541199881  0.0068988599023
2.19190866406  703  209  208.528564899  13.2408542104  -0.00386825678021
2.19190866406  703  227  227.309324329  0.397365414411  -6.41735964909
2.19190866406  704  245  244.486830091  18.1256366649  -0.013593950516
2.19190866406  704  263  262.981239501  20.9120378966  0.0116510266766
2.19190866406  705  282  281.740609214  25.2503094575  0.0126848062523
2.19190866406  705  301  300.91150403  27.8769125424  0.0
2.19190866406  706  320  320.489950416  28.608110995  0.0373637960805
2.19190866406  706  339  340.060150318  0.402617649517  0.0552757319195
2.19190866406  706  359  358.824972444  24.0988190399  0.0159969324469
2.19190866406  707  377  378.522896087  0.736324278467  0.0999930941228
2.19190866406  707  397  397.646819394  21.9241106553  0.0483219619021
2.19190866406  707  417  416.829540453  20.3971093359  0.0202342168359
2.19190866406  707  437  437.27447202  0.100616340235  -7.47626318813
2.19190866406  707  456  455.933687675  18.7168148677  0.0237903646799
2.19190866406  708  476  476.126173007  0.221389537449  0.0293312013514
2.19190866406  708  496  496.36747672  17.6443096222  0.0347624810859
2.19190866406  708  517  516.716422473  18.0353187765  0.00814841827825
2.19190866406  708  538  537.263014085  18.9820575429  -0.000222158268188
2.19190866406  708  559  558.41637411  20.3890493463  0.000393543396434
2.19190866406  708  580  580.001004709  23.4141539421  0.0150203928631
2.19190866406  708  603  601.737274699  25.7517712515  -0.0160867139244
2.19190866406  708  625  624.641287828  30.3003404719  0.00654369426137
2.19190866406  707  649  648.234064509  29.7339591444  0.00460452919725
2.19190866406  707  672  671.79108732  26.5868572537  0.0233757163842
2.19190866406  707  695  695.479713144  24.2335572533  0.0371336455533
2.19190866406  706  718  719.627440059  21.600233917  0.058042984132
2.19190866406  706  742  742.946358365  18.6765529884  0.037608426559
2.19190866406  706  766  767.047875527  17.0350844273  0.0351902435486
2.19190866406  705  791  790.9873512  15.0993106776  0.0123083631555
2.19190866406  704  816  815.660169835  14.222211906  -0.00293635149702
2.19190866406  704  840  840.483236031  13.7349954195  0.0270611086076
2.19190866406  703  866  865.593474099  12.6235610681  0.000224932735595
2.19190866406  702  891  891.088125678  12.5730929733  0.0254926069849
2.19190866406  701  917  917.033865777  12.8353114  0.00950806395804
2.19190866406  700  944  944.293591145  0.38954100978  -6.04489592826
2.19190866406  699  970  970.033881593  13.9033692962  0.0285495951902
2.19190866406  698  997  997.355597916  13.4724469764  0.0343546810576
