# Band 2C   Etalon 1A   Slice 15
# Distortion map version 06.04.00 - date 2018-10-09
# Trace (isoalpha): Take pixel trace along specified slice, specified alpha position trace is built by taking the pixel in every detector row with alpha value closest to the one specified 
# xpos[i] = np.argmin(alpha_img[i,:])+funcs.find_nearest(alpha_img[i,:][(slice_img[i,:]!=0)],alpha_pos)
#    alpha       x  y      center         FWHM          skewness
0.0  845  3  2.80626735695  0.0640487071777  -0.247713121641
0.0  846  19  18.9887578753  5.59246729683  -0.00179393707571
0.0  847  35  34.7580473613  5.77354765719  -0.0317577022273
0.0  847  51  50.7128085746  6.00335144255  -0.0363998599469
0.0  848  67  66.8648334524  6.02449643917  -0.026243711742
0.0  849  83  83.1376282476  6.22498963978  -0.0157579588351
0.0  850  99  99.5416677096  6.6514807253  0.000788801726374
0.0  850  116  115.932971097  6.7575246556  -0.00475878513878
0.0  851  133  132.538598335  7.14643010746  -0.0109128123548
0.0  852  149  149.362657752  7.55883456703  0.0288498761072
0.0  852  166  166.166065912  8.21374875001  0.0243935769241
0.0  853  183  183.156093027  9.31132419041  0.027483238183
0.0  853  200  200.315957978  11.279761982  0.0231399644496
0.0  854  218  217.631825581  13.2032932907  -0.000485779863907
0.0  855  236  236.297604058  0.0947818121195  -6.25561377015
0.0  855  253  253.36861368  19.0957005567  0.0268610059663
0.0  856  272  271.829155232  21.7543687067  0.00162151272386
0.0  856  290  290.75710257  23.5728634432  0.0358710477916
0.0  856  309  309.381749934  23.5484409343  0.021430421132
0.0  857  327  328.551839076  25.0048116157  0.075735247383
0.0  857  347  346.447289045  20.2168816921  -0.00972683564097
0.0  858  365  365.349737406  19.3979446551  0.024900240273
0.0  858  384  383.768456351  18.3958612529  0.00646036172369
0.0  858  403  402.5605758  17.8973633937  0.00569620104247
0.0  858  421  421.419391476  18.5199863789  0.0422842014202
0.0  859  441  441.29599008  0.396156283374  -7.1762037298
0.0  859  459  459.728137217  18.3577134472  0.0510396364025
0.0  859  479  479.006807577  19.3884497748  0.0269170331434
0.0  859  499  498.579076034  19.1077683499  0.010620610154
0.0  859  519  518.367113057  19.932980515  -0.00101754076018
0.0  859  539  538.853655476  21.5133630237  0.0188731433085
0.0  859  559  559.633431906  25.0609546348  0.0359907943107
0.0  859  581  580.50968192  26.8024935503  -0.00221280722892
0.0  859  603  602.12974406  29.8863868676  -0.00495946469315
0.0  859  626  624.559776339  33.6496859948  -0.0101328059024
0.0  859  648  648.344553471  33.3387566679  0.0463930825208
0.0  858  670  671.809760085  0.792028026149  0.0789173563074
0.0  858  694  694.175563078  23.2028366692  0.0357377385453
0.0  858  717  717.207894753  19.487792628  0.0311497861174
0.0  857  740  740.159998842  17.4144952756  0.0150296059008
0.0  857  763  763.75274867  0.200575734076  0.0337479058986
0.0  856  787  787.262363605  14.8257488385  0.0214648421543
0.0  856  811  811.192909131  13.8754264313  0.0180944153956
0.0  855  836  835.473878602  13.1879612391  0.00397087639925
0.0  854  860  860.16588703  12.9384002466  0.0140813753646
0.0  853  885  885.192847702  12.6688066349  0.0180270446395
0.0  853  910  910.444824112  12.6969276218  0.0316341290112
0.0  852  936  936.212265775  12.4786213598  0.0149405868461
0.0  851  962  962.39655943  12.9767798151  0.0237886565644
0.0  849  989  988.769477788  13.17776246  0.0190828415565
0.0  848  1016  1015.09976557  0.0640183604935  -8.12718502357
-1.73468289373  853  4  4.09591308901  4.90925250491  -0.16430039805
-1.73468289373  854  20  19.9918436665  5.49516973485  0.000166484237356
-1.73468289373  855  36  35.816795882  5.72256512377  -0.0278196967022
-1.73468289373  856  52  51.805840325  5.92336811702  -0.0388038769972
-1.73468289373  857  68  67.9302455091  6.16564547321  -0.0125134755409
-1.73468289373  857  84  84.0739782379  6.21794860514  -0.0103224457344
-1.73468289373  858  100  100.473409153  6.45589005946  -0.0046319391685
-1.73468289373  859  117  116.961296573  6.79039718868  -0.00799446765669
-1.73468289373  859  133  133.451389658  7.2269200951  0.0165600770864
-1.73468289373  860  150  150.261157171  7.53880133596  0.0185161939413
-1.73468289373  861  167  167.130409143  8.27743296477  0.0222570884732
-1.73468289373  861  184  184.015587104  9.1578156805  0.0225942345211
-1.73468289373  862  201  201.309955438  11.3932235606  0.0234482157554
-1.73468289373  863  219  218.457459979  13.4548075573  -0.00138675577022
-1.73468289373  863  236  236.426799798  16.2730288919  0.0254141174806
-1.73468289373  864  255  254.377925215  20.2663953188  -0.00746022178792
-1.73468289373  864  273  272.789187151  21.9057254903  -0.00640420722718
-1.73468289373  865  291  291.411712081  24.4190106475  0.0469961267808
-1.73468289373  865  310  310.233423737  20.3891976986  -0.00524492945083
-1.73468289373  865  327  328.984096223  0.632680524963  0.109516567573
-1.73468289373  866  347  347.366688884  19.7832698869  0.0121767601251
-1.73468289373  866  365  366.228647735  20.4006645968  0.055810706131
-1.73468289373  866  385  384.113052428  17.5901479519  -0.00984289138527
-1.73468289373  867  403  403.288987111  18.3942009129  0.0242976752514
-1.73468289373  867  421  422.418143437  19.2625311165  0.0749693057214
-1.73468289373  867  441  441.12899423  18.8729904762  0.0241118295966
-1.73468289373  867  461  460.164282267  17.7323339143  0.00745093760087
-1.73468289373  867  480  479.284092114  17.6843869042  0.00386781866124
-1.73468289373  868  499  499.448751524  20.4683899838  0.0349118766779
-1.73468289373  868  519  519.307966656  21.9466652797  0.0366663389814
-1.73468289373  868  539  539.755333359  22.8475821922  0.0424066509603
-1.73468289373  868  560  560.421230621  26.5917528501  0.0292259527707
-1.73468289373  868  582  581.358094708  29.4496549296  0.000393607221186
-1.73468289373  868  604  603.71741092  0.393650652037  0.0176152256279
-1.73468289373  867  625  625.352019532  36.8098566397  0.0346399006902
-1.73468289373  867  649  648.529986564  32.1320576936  0.0186585615302
-1.73468289373  867  672  671.793606074  26.6468797262  0.027337313385
-1.73468289373  867  694  694.88509644  23.9613360308  0.0361395563859
-1.73468289373  866  717  717.680106498  0.261739133702  0.0440702425099
-1.73468289373  866  741  740.524034706  17.3297697512  0.0130671219053
-1.73468289373  865  764  763.955236623  15.4823169529  0.00717845326928
-1.73468289373  865  787  787.591805685  15.0084837711  0.0333530574538
-1.73468289373  864  811  811.662636064  14.0744479802  0.0297047123367
-1.73468289373  864  836  836.170997  14.0572078385  0.0196060194198
-1.73468289373  863  860  860.579022128  13.1161791555  0.0283293936837
-1.73468289373  862  885  885.501056078  13.1794330759  0.0284152866061
-1.73468289373  861  911  910.673471564  12.380941815  0.0182158587985
-1.73468289373  860  936  936.579828163  12.6357689639  0.0144519206414
-1.73468289373  859  963  962.606712983  12.7450864949  0.0144952722752
-1.73468289373  858  989  989.147310772  13.0874084038  0.0262674436693
-1.73468289373  857  1016  1016.75762821  0.161843584685  0.0994288920561
-1.54064289373  853  4  3.95718649081  5.15384342084  -0.156923807548
-1.54064289373  853  20  19.8495667358  5.63861663882  -0.0167848320566
-1.54064289373  854  36  35.7027106593  5.78692623347  -0.0270415929076
-1.54064289373  855  52  51.6882171603  5.92728887679  -0.0333788923751
-1.54064289373  856  68  67.8276383414  6.06331698496  -0.0284722949246
-1.54064289373  856  84  83.9685667953  6.35032159946  -0.0225576067915
-1.54064289373  857  100  100.36481851  6.49698579295  -0.00524913388233
-1.54064289373  858  117  116.877190424  6.75767020313  -0.00696100754103
-1.54064289373  859  134  133.39440415  7.18432517996  -0.0111047111701
-1.54064289373  859  150  150.146643447  7.49969598588  0.0179043573848
-1.54064289373  860  167  167.013984103  8.14456916959  0.0187595519967
-1.54064289373  860  184  183.913059121  9.26128079308  0.016495337373
-1.54064289373  861  201  201.140150028  11.2213497466  0.0205199967676
-1.54064289373  862  219  218.401376428  13.5284873387  -0.0102492013256
-1.54064289373  862  237  236.029593868  15.408939255  -0.0245278458772
-1.54064289373  863  254  254.34810112  0.233933602611  0.0274860426704
-1.54064289373  863  273  272.559335366  22.3192781785  -0.0122485607657
-1.54064289373  864  291  291.471582483  22.7401364285  0.0278881408747
-1.54064289373  864  309  310.559918743  0.318657853457  0.068301097544
-1.54064289373  864  327  329.361366826  25.4886568355  0.102835466605
-1.54064289373  865  347  347.389982966  20.1173580468  0.0180784893275
-1.54064289373  865  365  366.131937317  20.8193121479  0.0574876797417
-1.54064289373  866  385  384.495202885  18.3780184477  -0.00589026527198
-1.54064289373  866  403  403.355921186  17.7598615026  0.0331220641241
-1.54064289373  866  422  421.991727313  17.5145870713  0.024861248581
-1.54064289373  866  441  440.949580333  17.4427069343  0.0220956185418
-1.54064289373  866  460  460.146746286  18.6803077556  0.0362130022255
-1.54064289373  867  480  479.580205593  18.3896015479  0.0184040887952
-1.54064289373  867  499  499.358707535  19.5918671113  0.0372506929353
-1.54064289373  867  519  519.25403097  20.5330344649  0.0360690435631
-1.54064289373  867  539  539.545196516  23.2437341576  0.0358643725839
-1.54064289373  867  561  559.925237691  23.7806529107  -0.0104023661616
-1.54064289373  867  581  581.151584236  0.320817782589  0.0219402616209
-1.54064289373  867  602  603.207062751  0.482442730583  0.0587258935973
-1.54064289373  866  625  625.132924442  36.9328305187  0.0274890451551
-1.54064289373  866  649  648.613934138  33.3910633806  0.0239031691466
-1.54064289373  866  672  671.806684304  0.330076276888  0.0214673915466
-1.54064289373  866  694  694.885159571  24.4355842127  0.0540880355775
-1.54064289373  865  718  717.507417958  19.3381647899  0.00789991120771
-1.54064289373  865  741  740.605194919  17.1095345119  0.00940840827474
-1.54064289373  864  764  764.104918723  16.0774363616  0.0161535460107
-1.54064289373  864  788  787.475967665  14.344046867  0.000296483287125
-1.54064289373  863  811  811.670649752  14.0826458356  0.0284275027239
-1.54064289373  863  836  835.935448157  13.2809175755  0.0112199743268
-1.54064289373  862  860  860.632623515  12.9460330065  0.0245677636622
-1.54064289373  861  885  885.53767547  13.1906137648  0.0240636101199
-1.54064289373  860  911  910.700098092  12.734358325  0.0200290942393
-1.54064289373  859  937  936.540868362  12.7302014507  0.00244580329011
-1.54064289373  858  963  962.618594525  12.7646671964  0.0115171195278
-1.54064289373  857  989  989.129513637  13.0903519036  0.0224781055032
-1.54064289373  856  1016  1016.71558175  0.158554446988  0.0952530783961
-1.34660289373  852  4  3.89648588804  5.13394176288  -0.15280706474
-1.34660289373  852  20  19.7273406388  5.67575609023  -0.0212712255703
-1.34660289373  853  36  35.5860994588  5.79045732815  -0.0305204154328
-1.34660289373  854  52  51.5720853658  5.97878504685  -0.0387286044378
-1.34660289373  855  68  67.6823390188  6.13038775254  -0.0338365164688
-1.34660289373  855  84  83.9051723336  6.39548445711  -0.0246491584024
-1.34660289373  856  100  100.231416387  6.46565076508  -0.00743269143037
-1.34660289373  857  117  116.731093438  6.72876507881  -0.0162167008475
-1.34660289373  858  133  133.366664602  7.19096846813  0.0175544135213
-1.34660289373  858  150  149.999882126  7.5427639552  0.0169196169353
-1.34660289373  859  167  166.886079191  8.19087331921  0.0122875030252
-1.34660289373  859  184  183.885803215  9.34546458114  0.014516800622
-1.34660289373  860  201  201.002735299  11.0336986999  0.0142497772583
-1.34660289373  861  219  218.372459719  12.7949887002  -0.00432869735227
-1.34660289373  861  236  236.081897431  16.1891422582  0.0164443765846
-1.34660289373  862  254  254.114309532  19.1411054833  0.0146736004903
-1.34660289373  862  272  272.618216187  22.146986819  0.033205224978
-1.34660289373  863  291  291.405691697  23.5866686966  0.0207676400093
-1.34660289373  863  309  310.606973159  25.8098367922  0.0722896560834
-1.34660289373  864  329  328.573005988  21.2701628269  -0.01675941472
-1.34660289373  864  347  347.404348978  20.5003422358  0.0193222858918
-1.34660289373  864  365  365.993551809  20.961076346  0.0547508923807
-1.34660289373  865  385  384.287334898  18.6600266601  -0.00753612624716
-1.34660289373  865  403  403.125724504  17.7348883162  0.0191755416642
-1.34660289373  865  422  421.903601326  17.5011815018  0.02236785188
-1.34660289373  865  441  440.8529611  17.273751809  0.0209912724094
-1.34660289373  865  460  460.030886996  0.226957162566  0.0286582815777
-1.34660289373  866  480  479.539065545  17.9755454096  0.0145101459845
-1.34660289373  866  499  499.15350246  19.2354026405  0.0331006607756
-1.34660289373  866  519  519.05104013  20.8446516241  0.0245053081603
-1.34660289373  866  539  539.51758916  23.3944128034  0.0372024055595
-1.34660289373  866  561  559.860878294  23.7839768431  -0.0129967402471
-1.34660289373  866  581  581.101701  25.9161138635  0.0182872409618
-1.34660289373  866  602  602.834589061  0.422142420799  0.0440505805635
-1.34660289373  865  625  625.150795633  37.1932856993  0.0281632809665
-1.34660289373  865  650  650.278854206  0.397066970128  -9.84990590509
-1.34660289373  865  672  671.712906713  27.1242751479  0.0242326880213
-1.34660289373  865  694  694.866915784  24.6317266783  0.0497492766416
-1.34660289373  864  718  717.424773625  19.376831479  0.00449129238238
-1.34660289373  864  741  740.661283192  17.2217610545  0.0117177590616
-1.34660289373  863  764  763.986362741  16.0998844235  0.0183067948887
-1.34660289373  863  788  787.581043646  14.3896752174  0.000948500027335
-1.34660289373  862  811  811.620786604  14.0355168287  0.0251396145621
-1.34660289373  862  836  835.853779219  13.0317778117  0.00977243491226
-1.34660289373  861  861  860.564288485  12.8529949032  0.00561719041191
-1.34660289373  860  886  886.279721217  0.373351105434  -6.39998480105
-1.34660289373  859  911  910.668461736  12.7189976412  0.0239011622455
-1.34660289373  858  937  936.473605768  12.7004467878  -0.000247172177708
-1.34660289373  857  963  962.571846652  12.9002383676  0.0136538333468
-1.34660289373  856  989  989.083798391  13.0450588662  0.0226558201503
-1.34660289373  855  1016  1016.66449601  12.1282985112  0.0928963368953
-1.15256289373  851  4  3.75232752712  0.063520421778  -0.164054847595
-1.15256289373  851  20  19.5722689639  5.52904123236  -0.0374112226553
-1.15256289373  852  35  35.4855923572  5.79299821983  0.00651419751038
-1.15256289373  853  51  51.4759120962  5.94305328221  -0.00624234442634
-1.15256289373  854  67  67.6075355998  6.11557699327  -0.00455636328806
-1.15256289373  855  84  83.7654917844  6.35454266024  -0.029571277754
-1.15256289373  855  100  100.096300251  6.49106405785  -0.0147415937751
-1.15256289373  856  117  116.570682655  6.69282291425  -0.0218227019718
-1.15256289373  857  133  133.282249193  7.15575400732  0.0182505722998
-1.15256289373  857  150  149.906029533  7.55778303509  0.00925654072164
-1.15256289373  858  167  166.767486887  8.22141517869  0.00874235271553
-1.15256289373  859  184  183.725545035  9.39159025421  0.0121758908537
-1.15256289373  859  201  200.028729296  23.0101596836  -99.6004917166
-1.15256289373  860  218  218.394891254  13.3193377504  0.0263816366561
-1.15256289373  860  236  235.935161662  16.0910786553  0.0118379856062
-1.15256289373  861  254  253.956066205  19.0626644283  0.00765105960952
-1.15256289373  861  272  272.47543971  22.1284128182  0.0302332788092
-1.15256289373  862  291  291.23962497  23.6054537506  0.00927884678216
-1.15256289373  862  309  310.302784248  23.1578592469  0.0590468016534
-1.15256289373  863  328  328.809102999  21.7129860453  0.036639004128
-1.15256289373  863  347  347.22915084  20.3856225987  0.01326376112
-1.15256289373  863  365  366.007521242  20.7066961955  0.052807670294
-1.15256289373  864  385  384.345448792  18.2186156178  -0.0137920430163
-1.15256289373  864  403  402.958444699  17.7435534773  0.017059043732
-1.15256289373  864  422  421.265506714  0.311141703547  -8.99695782556
-1.15256289373  864  441  440.28351633  0.306954473142  -8.66104037558
-1.15256289373  864  460  460.024043035  0.212753210562  0.0334898790417
-1.15256289373  865  479  479.589786927  18.7817540733  0.0501505548125
-1.15256289373  865  499  499.106807609  19.1466345337  0.0316899482211
-1.15256289373  865  519  517.196351682  0.274757626626  -14.5983484526
-1.15256289373  865  539  539.456845462  22.0180051577  0.037386564369
-1.15256289373  865  560  559.941420222  24.1484884291  0.0153696811977
-1.15256289373  865  581  581.118786652  0.326643912815  0.0196829370646
-1.15256289373  865  603  602.660818755  30.6722450429  0.00631270456257
-1.15256289373  864  625  625.24216224  35.7754584996  0.0282712141753
-1.15256289373  864  649  648.17482899  32.1206350351  0.00849721110929
-1.15256289373  864  671  671.892425871  28.9090738056  0.0632847995222
-1.15256289373  864  694  694.6763902  24.7643732213  0.0455351418425
-1.15256289373  863  718  717.377582949  19.5279161896  0.00355919330573
-1.15256289373  863  741  740.514395162  17.2380899022  0.00467430254259
-1.15256289373  862  764  763.964289847  16.0669011732  0.0179450594791
-1.15256289373  862  788  787.570526536  14.5168652388  0.00421545353507
-1.15256289373  861  811  811.671331681  14.0530098519  0.0280485998292
-1.15256289373  861  836  835.787438739  13.0601474215  0.00631339950554
-1.15256289373  860  860  860.51571696  12.9626219281  0.0238539445486
-1.15256289373  859  885  885.470754556  13.0202840533  0.0214777491686
-1.15256289373  858  911  910.663849875  12.3802821145  0.0215795630255
-1.15256289373  857  936  936.523684012  12.6305599297  0.0163598918542
-1.15256289373  856  962  962.642446218  12.9851960425  0.0288683787993
-1.15256289373  855  989  989.092501091  13.1188899518  0.0252197290787
-1.15256289373  854  1016  1016.61047245  12.0318860555  0.0944005191015
-0.958522893725  850  4  3.59602471242  5.11027503475  -0.158311174082
-0.958522893725  850  19  19.5372405277  5.58539954892  0.018559354196
-0.958522893725  851  35  35.353332357  5.83092691042  -0.00670926457321
-0.958522893725  852  51  51.3614018388  5.95318364714  -0.00890520837057
-0.958522893725  853  67  67.4526908209  6.10181193543  -0.0110720781782
-0.958522893725  854  84  83.6781498421  6.3448081125  -0.0277186266867
-0.958522893725  854  100  99.9915747303  6.52713981424  -0.0171198466084
-0.958522893725  855  116  116.5071144  6.73209244864  0.00839815989511
-0.958522893725  856  133  133.15261225  7.04238799321  0.0098219716722
-0.958522893725  856  150  149.773306411  7.48763686623  0.00233669612444
-0.958522893725  857  167  166.617591096  8.19194571962  0.00552459773415
-0.958522893725  858  184  183.668202882  9.37000507435  0.00901762465833
-0.958522893725  858  201  200.772916581  10.6107090179  0.0133836199245
-0.958522893725  859  218  218.272047109  13.5303929841  0.0266848837212
-0.958522893725  859  236  235.80034021  16.1788352597  0.00319497389968
-0.958522893725  860  254  253.88624592  19.0607959829  0.00393450052178
-0.958522893725  860  272  272.277070014  22.5739621607  0.0227441129342
-0.958522893725  861  291  291.182858306  23.438136797  0.0085920287777
-0.958522893725  861  309  310.158025175  23.0312666004  0.0513413520727
-0.958522893725  862  328  328.670189127  21.4384917024  0.0307276509616
-0.958522893725  862  347  347.02555464  20.0250377563  0.0113347294893
-0.958522893725  862  365  365.840895199  20.5631339455  0.0420166295018
-0.958522893725  863  385  385.307130141  0.32929492328  -7.23018582991
-0.958522893725  863  403  402.812228217  17.6443922947  0.0137092948799
-0.958522893725  863  422  421.248543562  0.311091925022  -9.34995091511
-0.958522893725  863  441  440.652498035  17.1272513655  0.0151950304203
-0.958522893725  864  460  460.017707154  17.5686504135  0.0262784825173
-0.958522893725  864  479  479.464057181  19.2072101795  0.0452536592969
-0.958522893725  864  499  499.005465293  19.4163810468  0.0238508256885
-0.958522893725  864  519  518.90295695  20.7495421001  0.0210754750778
-0.958522893725  864  540  539.149526251  21.7281863157  -0.00539540752687
-0.958522893725  864  560  559.825307404  23.2551133627  0.0100739542196
-0.958522893725  864  581  581.01106047  27.1839574971  0.0161205471242
-0.958522893725  864  604  602.318305301  28.4052628091  -0.0205280204512
-0.958522893725  864  625  624.885156271  35.037810208  0.0254053273987
-0.958522893725  863  649  648.157619625  32.0005727103  0.0112347644511
-0.958522893725  863  671  671.84442323  0.39084291621  0.0551984579815
-0.958522893725  863  694  694.540247511  23.1962045561  0.0380946571801
-0.958522893725  862  717  717.396401435  0.240218867613  0.0271858598134
-0.958522893725  862  740  740.579904485  0.221146601149  0.0313161791833
-0.958522893725  861  764  763.964249793  16.13983796  0.022143615001
-0.958522893725  861  788  787.470715686  14.3980471593  0.00284242367899
-0.958522893725  860  811  811.511834121  13.9062612654  0.0228217995762
-0.958522893725  860  836  835.709926734  13.187912556  0.0088519215232
-0.958522893725  859  861  861.288749473  0.377928350461  -6.23012108621
-0.958522893725  858  885  885.400169344  12.9397760123  0.017013443308
-0.958522893725  857  911  910.553198528  12.4252083522  0.0183155464905
-0.958522893725  856  936  936.458657093  12.4531751638  0.0139298661036
-0.958522893725  855  962  962.607061835  13.0694156601  0.0305707277234
-0.958522893725  854  989  989.010012634  13.1323157454  0.0210488976981
-0.958522893725  853  1016  1016.59017529  12.0368846941  0.0960360071992
-0.764482893725  849  4  3.40245264562  0.0641173391249  -0.17819477715
-0.764482893725  849  19  19.4717554953  5.59335596037  0.0171833299508
-0.764482893725  850  35  35.2297764497  5.78184145546  -0.00920178044523
-0.764482893725  851  51  51.2163471085  5.97233393367  -0.0151067205203
-0.764482893725  852  67  67.3370255839  6.11229960739  -0.013258540474
-0.764482893725  853  84  83.5626322563  6.35617204728  -0.0274152587228
-0.764482893725  853  100  99.8726330115  6.53785153841  -0.0260761698206
-0.764482893725  854  116  116.408123442  6.7613570322  0.00765652442979
-0.764482893725  855  133  133.033768199  7.12993671808  0.0102375503692
-0.764482893725  855  150  149.650148876  7.55682763224  -0.00490909777447
-0.764482893725  856  167  166.499823887  8.2208665096  -0.000332974922397
-0.764482893725  857  184  183.511985768  9.49095191351  0.00566009396953
-0.764482893725  857  201  200.585357079  10.6004071698  0.00395318252677
-0.764482893725  858  218  218.175051893  13.4720267136  0.019131496199
-0.764482893725  858  236  235.679971682  14.8879978226  0.00850896551003
-0.764482893725  859  253  253.961174726  18.83394953  0.0576209047049
-0.764482893725  859  272  272.208357837  22.6508427297  0.0119034291134
-0.764482893725  860  291  291.050989663  23.4546923797  0.00338212689614
-0.764482893725  860  309  309.92465314  23.2908957846  0.0378998837258
-0.764482893725  861  328  328.424384223  22.3279731036  0.0198569556793
-0.764482893725  861  347  346.921014687  20.167278631  0.00863557055711
-0.764482893725  861  365  365.678409257  20.600195009  0.0369571846136
-0.764482893725  862  385  384.14074411  17.4837427093  -0.0175582195895
-0.764482893725  862  402  403.068459166  19.3001026056  0.0646764543358
-0.764482893725  862  422  421.581193732  17.2182043306  0.00965393920663
-0.764482893725  862  441  440.503268277  17.2333490716  0.00888781216932
-0.764482893725  863  460  459.957642231  17.7791413852  0.0265831776223
-0.764482893725  863  479  479.329123114  19.0051248457  0.0421585320494
-0.764482893725  863  499  498.90734813  19.267158662  0.0183243520825
-0.764482893725  863  519  518.857783427  20.34048277  0.0208150886835
-0.764482893725  863  539  539.232690829  21.0978642274  0.0291053458948
-0.764482893725  863  560  559.901195068  23.5895102108  0.011022053346
-0.764482893725  863  581  580.920274884  27.4262763227  0.0120544354494
-0.764482893725  863  604  602.397085451  29.0858450518  -0.0234028936598
-0.764482893725  863  625  625.086519817  35.2730303679  0.0279406413238
-0.764482893725  862  649  647.972908131  32.6416867498  0.00373050480984
-0.764482893725  862  671  671.710821137  28.3655434693  0.0544940733235
-0.764482893725  862  694  694.65198861  22.7886374464  0.0420540615605
-0.764482893725  861  717  717.388265987  19.4454122903  0.0297925088817
-0.764482893725  861  740  740.559395  0.223089402384  0.0310249119141
-0.764482893725  861  764  763.880007615  15.5432317709  0.0143855071499
-0.764482893725  860  787  787.541268822  15.0525183396  0.0246824225721
-0.764482893725  859  811  811.417861648  14.1032530609  0.0252007346783
-0.764482893725  859  836  835.707843149  13.3137352105  0.00532130062286
-0.764482893725  858  860  860.430536283  12.9301928502  0.0224217312294
-0.764482893725  857  885  885.36356156  12.9866077346  0.0244206815506
-0.764482893725  856  911  910.535987616  12.4040190923  0.0172021665541
-0.764482893725  855  936  936.446119028  12.7460085011  0.0162439791049
-0.764482893725  854  962  962.529946082  12.9472115673  0.0260476489103
-0.764482893725  853  989  988.948727742  13.2363043657  0.0207116796564
-0.764482893725  852  1016  1016.50557498  11.9462869328  0.0933647183823
-0.570442893725  848  4  3.25914095108  5.04807505231  -0.193673997878
-0.570442893725  849  19  19.2781355603  5.6563364172  0.00687821535118
-0.570442893725  849  35  35.0993964503  5.81395638819  -0.0209087908902
-0.570442893725  850  51  51.090306846  5.90727560381  -0.0175089359541
-0.570442893725  851  67  67.2264546065  6.08882979638  -0.0137033835451
-0.570442893725  852  83  83.4951358934  6.31007533347  -0.00155141241598
-0.570442893725  852  100  99.7297916779  6.54586898076  -0.0299997577317
-0.570442893725  853  116  116.312148588  6.73036947148  0.00680436665837
-0.570442893725  854  133  132.88929825  7.14339460578  0.00265110438454
-0.570442893725  854  150  149.535808407  7.62502840791  -0.00424415034872
-0.570442893725  855  166  166.48293899  8.49450913809  0.0368855943808
-0.570442893725  856  184  183.378669172  9.30318966831  -0.00691020480007
-0.570442893725  856  201  200.457444252  10.6559517474  -5.23791451574e-05
-0.570442893725  857  218  217.98776309  13.406234317  0.0123962401752
-0.570442893725  857  236  235.534923389  16.3689486698  -0.00844661123333
-0.570442893725  858  254  253.615567698  19.3951734991  -0.00598928109403
-0.570442893725  858  272  272.075806125  22.3573918163  0.00590357842415
-0.570442893725  859  290  291.253652669  23.8460139513  0.0576391944682
-0.570442893725  859  309  309.725130667  23.4758630266  0.0326395148042
-0.570442893725  860  328  328.421306161  22.1444523562  0.0150731020307
-0.570442893725  860  347  346.782184651  20.014975356  0.00265155543845
-0.570442893725  860  365  365.48422788  19.3195063165  0.0242791997218
-0.570442893725  861  383  384.671212456  19.9814448099  0.0818348298502
-0.570442893725  861  403  402.26344835  0.323038701586  -8.85913755765
-0.570442893725  861  421  -8811.59931654  38032.5834283  -0.120252070104
-0.570442893725  861  441  440.400162403  17.2820244483  0.00320135458973
-0.570442893725  862  460  459.868036324  17.6977028051  0.0269927416986
-0.570442893725  862  479  479.210501146  18.7113527754  0.0388445557543
-0.570442893725  862  499  498.813717485  19.4834151884  0.0191372338276
-0.570442893725  862  519  518.78465074  20.3183478838  0.0172974848728
-0.570442893725  862  539  539.168604932  0.260467955049  0.0256672987534
-0.570442893725  862  559  560.161204662  25.5320678887  0.0519446243536
-0.570442893725  862  581  580.739762461  26.1272539644  0.0138689757817
-0.570442893725  862  602  602.711613966  30.791308554  0.0374781382131
-0.570442893725  862  625  625.064283759  0.448634097656  0.025720586889
-0.570442893725  861  649  647.95588037  33.2305321644  0.000180642930437
-0.570442893725  861  671  671.698067118  28.7176800701  0.0542963353479
-0.570442893725  861  694  694.487379488  22.7254420209  0.0382954729707
-0.570442893725  860  717  717.320604971  0.239350557449  0.0279235567403
-0.570442893725  860  740  740.55890596  0.223098741271  0.0317293630883
-0.570442893725  860  764  763.773181995  15.3371697882  0.0163107006087
-0.570442893725  859  787  787.447040806  14.9322684219  0.0198631057119
-0.570442893725  858  811  811.354685856  14.0561725625  0.0206184027456
-0.570442893725  858  836  835.621027509  13.2381975028  0.0044799474538
-0.570442893725  857  860  860.393833207  12.881061795  0.0215871612529
-0.570442893725  856  885  885.304264576  12.8161561606  0.0184988030109
-0.570442893725  855  911  910.415908085  12.4623693674  0.0199992816589
-0.570442893725  854  936  936.440798292  12.6964730746  0.0159597088279
-0.570442893725  853  962  962.463876254  13.0681936918  0.0279607015551
-0.570442893725  852  989  988.863428901  13.1129701173  0.0167017790385
-0.570442893725  851  1016  1017.77625786  0.191134091072  12.6338136895
-0.376402893725  847  3  3.10866449477  0.0640750875183  -0.210761522676
-0.376402893725  848  19  19.2126049101  5.54935546362  0.00386154085415
-0.376402893725  848  35  34.9735471782  5.77228722495  -0.020883349363
-0.376402893725  849  51  50.9594277453  5.99176613992  -0.0216226800965
-0.376402893725  850  67  67.1140887305  6.10066559315  -0.0197833134491
-0.376402893725  851  83  83.3902144557  6.3107520262  -0.0043342118317
-0.376402893725  851  100  99.6436745043  6.67680099629  -0.0357988069413
-0.376402893725  852  116  116.192382458  6.68054984054  0.00360626193404
-0.376402893725  853  133  132.756885207  7.1004633064  -0.00262798395075
-0.376402893725  853  149  149.543938548  7.67703361964  0.0258763051279
-0.376402893725  854  166  166.387116359  8.23231547656  0.0358358914363
-0.376402893725  855  183  183.377252252  9.72292374669  0.0322716455286
-0.376402893725  855  201  200.340128721  10.6146677467  -0.00728727139934
-0.376402893725  856  218  217.900121872  13.4152667985  0.00688228019596
-0.376402893725  856  236  236.294839501  0.0932536314952  -6.35729601831
-0.376402893725  857  253  253.365199756  19.2260959877  0.0
-0.376402893725  857  272  272.015982989  22.3631289474  0.00742226925964
-0.376402893725  858  290  290.845556196  22.9372186913  0.0385597676624
-0.376402893725  858  309  309.671013127  23.0262027136  0.0314176653287
-0.376402893725  859  328  328.360616438  22.1872217179  0.015801431401
-0.376402893725  859  347  346.748113653  19.9419316609  -0.00271353136712
-0.376402893725  859  365  365.3827988  19.4962158976  0.0219334861802
-0.376402893725  860  383  384.502006958  0.263943168931  0.0720650900412
-0.376402893725  860  403  402.641219663  17.6876128924  0.00789291971753
-0.376402893725  860  421  421.522459014  18.6482871549  0.0436250785562
-0.376402893725  860  441  440.423332259  17.3447918074  0.00419985787073
-0.376402893725  861  460  459.669748693  17.4995716157  0.0213187605654
-0.376402893725  861  479  479.108277347  18.55521193  0.0325679197285
-0.376402893725  861  499  498.754443835  19.671024352  0.0176812004105
-0.376402893725  861  519  518.652363274  20.4163449143  0.0125503511929
-0.376402893725  861  539  539.010232686  21.9199934066  0.023198021192
-0.376402893725  861  559  559.891354078  25.1208131532  0.0434461253127
-0.376402893725  861  581  580.554974861  27.1364982724  0.00465520399527
-0.376402893725  861  603  602.284445372  30.1840136066  -0.00595479789592
-0.376402893725  861  625  624.990141993  35.6725234819  0.0217547731511
-0.376402893725  860  649  647.99385634  30.381737228  0.00110737262459
-0.376402893725  860  670  671.898900965  32.6585786907  0.0789067476529
-0.376402893725  860  694  694.400634463  22.8802381023  0.0372626655132
-0.376402893725  860  717  717.148215391  19.6430697087  0.0242298751487
-0.376402893725  859  740  740.375366368  18.3078854304  0.0279224179098
-0.376402893725  859  764  763.745670551  15.6438016593  0.00864304197107
-0.376402893725  858  787  787.331126172  14.9300095491  0.0208826041797
-0.376402893725  857  811  811.292484655  14.0353467705  0.0215535977142
-0.376402893725  857  836  835.62554309  13.1628013508  0.0052451209317
-0.376402893725  856  860  860.307127233  12.8817022985  0.0171015641059
-0.376402893725  855  885  885.239444078  12.5890718745  0.0188152838506
-0.376402893725  854  910  910.496292657  12.7723969986  0.0333690096249
-0.376402893725  853  936  936.312087761  12.6763908144  0.0145763458773
-0.376402893725  852  962  962.489298938  13.0774707482  0.0276849448503
-0.376402893725  851  989  988.866579385  13.1978118072  0.0214473872926
-0.376402893725  850  1016  1017.77163878  0.192779599891  12.4314447726
-0.182362893725  846  3  2.95898139826  5.00405536956  -0.22635754459
-0.182362893725  847  19  19.0952665922  5.58304163196  0.00644659831655
-0.182362893725  847  35  34.8720909193  5.89337896531  -0.0301749163339
-0.182362893725  848  51  50.8493400033  5.99163922427  -0.0233333849527
-0.182362893725  849  67  66.9733143591  6.0598651308  -0.0243462101727
-0.182362893725  850  83  83.2523890126  6.23821850902  -0.0116713871176
-0.182362893725  850  99  99.5748281207  6.65045116377  -0.00323030339693
-0.182362893725  851  116  116.071866333  6.7191452867  0.000667553694417
-0.182362893725  852  133  132.636695091  7.05513005581  -0.0101093471528
-0.182362893725  852  149  149.404981816  7.57393564224  0.0295819417189
-0.182362893725  853  166  166.297680995  8.19724387039  0.0324447782388
-0.182362893725  854  183  183.273360443  9.34994717123  0.0276220328281
-0.182362893725  854  200  200.390583325  11.189179096  0.028824813844
-0.182362893725  855  218  217.831516761  13.3084144909  0.00579710429205
-0.182362893725  855  236  236.222313965  0.380609004207  -5.09017484333
-0.182362893725  856  253  253.50999963  18.7720478443  0.0326752673942
-0.182362893725  856  272  271.786598349  21.9264459944  0.00406584353738
-0.182362893725  857  290  290.88400308  0.291060902235  0.0393441571738
-0.182362893725  857  309  309.550244735  0.282413786613  0.0233765357788
-0.182362893725  858  328  328.195491469  22.0330690098  0.0113688006655
-0.182362893725  858  347  346.60510254  20.1510311504  -0.00427396065766
-0.182362893725  858  365  363.699059581  24.4779946524  0.117176426605
-0.182362893725  859  383  384.301313825  20.0921821521  0.0652803487758
-0.182362893725  859  403  402.605497476  17.6736716098  0.00612222679891
-0.182362893725  859  421  421.506812438  18.6477838662  0.041786837569
-0.182362893725  859  441  441.281857435  0.400490696876  -7.37999087646
-0.182362893725  860  459  459.849492257  18.5162465672  0.0573698202659
-0.182362893725  860  479  478.964342683  19.1729164355  0.0268262057891
-0.182362893725  860  499  498.632894822  19.4731170021  0.0164976604742
-0.182362893725  860  519  518.507105621  19.104148615  0.00854546447887
-0.182362893725  860  538  539.114884155  21.9391432023  0.0578168228918
-0.182362893725  860  559  559.66086047  25.1973675926  0.0391153234902
-0.182362893725  860  581  580.626137522  26.8025911168  0.00348504856249
-0.182362893725  860  604  603.32469971  0.33667412206  -8.63536057144
-0.182362893725  860  625  624.972315975  32.9564254909  0.026927628589
-0.182362893725  859  648  648.330854885  34.4367928011  0.0484378250964
-0.182362893725  859  670  671.862196983  0.806171524257  0.0793259135846
-0.182362893725  859  694  694.26729384  23.1167606333  0.0349172145835
-0.182362893725  859  717  717.177680672  19.7545008583  0.0247391780498
-0.182362893725  858  740  740.255320779  17.5292707833  0.0191980884314
-0.182362893725  858  763  763.819487241  16.2350633813  0.0363558665169
-0.182362893725  857  787  787.288511657  14.8071347055  0.021137439108
-0.182362893725  857  811  811.270052888  13.984567622  0.0170619896089
-0.182362893725  856  836  835.582932145  13.2587942159  0.00707396602187
-0.182362893725  855  860  860.239209316  12.9090364838  0.0163082374637
-0.182362893725  854  885  885.252343296  12.5456165521  0.0169874381058
-0.182362893725  853  910  910.445419177  12.7715433936  0.0338865082909
-0.182362893725  853  936  936.292234851  12.6917377895  0.0133293622522
-0.182362893725  851  962  962.398625577  13.1503932003  0.0266219780955
-0.182362893725  850  989  988.827806129  13.0661316824  0.018800760796
-0.182362893725  849  1016  1017.77595439  0.19605571247  12.5444483108
0.0116771062748  845  3  2.80626735695  0.0640487071777  -0.247713121641
0.0116771062748  846  19  19.0008730751  5.62741584084  0.000312113009653
0.0116771062748  846  35  34.7578119553  5.77954064784  -0.0318908977198
0.0116771062748  847  51  50.7088657394  5.98398042051  -0.0341567050208
0.0116771062748  848  67  66.8648334524  6.02449643917  -0.026243711742
0.0116771062748  849  83  83.1359406362  6.23208269992  -0.0143152344947
0.0116771062748  849  99  99.5030410746  6.69577976295  -0.00423098484278
0.0116771062748  850  116  115.932713627  6.75634807113  -0.00456163925344
0.0116771062748  851  133  132.538598335  7.14643010746  -0.0109128123548
0.0116771062748  851  149  149.361163381  7.58694352501  0.0283701888299
0.0116771062748  852  166  166.166065912  8.21374875001  0.0243935769241
0.0116771062748  853  183  183.184106421  9.34552772694  0.0302454029978
0.0116771062748  853  200  200.297798521  11.2373478879  0.0233611013201
0.0116771062748  854  218  217.66977844  12.4351549618  0.00914751780168
0.0116771062748  854  235  235.468532982  15.8640057534  0.036627025544
0.0116771062748  855  253  253.36861368  19.0957005567  0.0268610059663
0.0116771062748  855  272  271.784147731  22.0964526229  -0.000743873783102
0.0116771062748  856  290  290.75710257  23.5728634432  0.0358710477916
0.0116771062748  856  309  309.435420904  0.283599899388  0.0236629343941
0.0116771062748  857  327  328.551839076  25.0048116157  0.075735247383
0.0116771062748  857  347  346.447289045  20.2168816921  -0.00972683564097
0.0116771062748  857  365  365.408516109  19.5087437687  0.0267289601745
0.0116771062748  858  384  383.768456351  18.3958612529  0.00646036172369
0.0116771062748  858  403  402.5605758  17.8973633937  0.00569620104247
0.0116771062748  858  421  421.419391476  18.5199863789  0.0422842014202
0.0116771062748  859  441  441.295990712  0.396157202788  -7.17618618048
0.0116771062748  859  459  459.728137217  18.3577134472  0.0510396364025
0.0116771062748  859  479  479.006807577  19.3884497748  0.0269170331434
0.0116771062748  859  499  498.579076034  19.1077683499  0.010620610154
0.0116771062748  859  519  518.367113057  19.932980515  -0.00101754076018
0.0116771062748  859  539  538.853655476  21.5133630237  0.0188731433085
0.0116771062748  859  559  559.633431906  25.0609546348  0.0359907943107
0.0116771062748  859  581  580.50968192  26.8024935503  -0.00221280722892
0.0116771062748  859  603  602.12974406  29.8863868676  -0.00495946469315
0.0116771062748  859  626  624.559776339  33.6496859948  -0.0101328059024
0.0116771062748  858  649  648.032462222  30.9742686632  0.0100891783419
0.0116771062748  858  670  671.809760085  0.792028026149  0.0789173563074
0.0116771062748  858  694  694.175563078  23.2028366692  0.0357377385453
0.0116771062748  858  717  717.192799329  0.239421953299  0.0296473946614
0.0116771062748  857  740  740.159998842  17.4144952756  0.0150296059008
0.0116771062748  857  763  763.756521601  0.200622913509  0.0333843631768
0.0116771062748  856  787  787.262363605  14.8257488385  0.0214648421543
0.0116771062748  856  811  811.183426357  13.8796597385  0.0170383635384
0.0116771062748  855  836  835.473878602  13.1879612391  0.00397087639925
0.0116771062748  854  860  860.162899548  12.9496295503  0.0144851534698
0.0116771062748  853  885  885.202502372  12.6856437035  0.0192335805602
0.0116771062748  853  910  910.441586731  12.7247820769  0.0312686716616
0.0116771062748  852  936  936.193002048  12.5230851525  0.0128672610896
0.0116771062748  851  962  962.386135714  13.0502188704  0.0225053730435
0.0116771062748  849  989  988.770904083  13.1873831538  0.0192919856941
0.0116771062748  848  1016  1015.09993009  0.0640173323092  -8.12278963568
0.205717106275  844  3  2.64145397354  0.0640535728541  -0.272737600555
0.205717106275  845  19  18.8560208124  5.67877043298  -0.00231587516728
0.205717106275  845  35  34.6583889681  5.89541208342  -0.0327534077768
0.205717106275  846  51  50.5996951736  5.97966325064  -0.0400756879201
0.205717106275  847  67  66.7603155108  6.10226138033  -0.0301870525086
0.205717106275  848  83  83.0017212432  6.21265483635  -0.0217395076777
0.205717106275  848  99  99.3552750358  6.60209100693  -0.0078419273063
0.205717106275  849  116  115.807143502  6.75159810348  -0.00951082115449
0.205717106275  850  132  132.511592918  7.19202304157  0.0217121391589
0.205717106275  851  149  149.200287687  7.56724723704  0.0208907914714
0.205717106275  851  166  166.029995339  8.16843604226  0.0197797144387
0.205717106275  852  183  183.055432443  9.29073271824  0.025368682727
0.205717106275  852  200  200.186958208  11.1500407235  0.0235066919975
0.205717106275  853  218  217.58135294  12.483599111  0.00131367271867
0.205717106275  853  235  235.39333067  16.2511480802  0.0312293601677
0.205717106275  854  253  253.283953052  19.0413072631  0.021803143254
0.205717106275  855  272  271.679132721  21.9370326725  -0.00536222062973
0.205717106275  855  290  290.508856143  23.2095995094  0.026752426802
0.205717106275  855  309  309.350293984  23.7496537721  0.0124808995378
0.205717106275  856  327  328.271050622  22.2520513068  0.0582151567378
0.205717106275  856  346  346.630858503  20.6125257664  0.0360237274394
0.205717106275  857  365  365.191987042  19.5502716014  0.0211611415294
0.205717106275  857  383  383.930559143  19.9320949808  0.0547621656835
0.205717106275  857  403  402.346679187  17.5077193021  -0.00416050098091
0.205717106275  857  421  421.340315188  17.4062053928  0.0416546939167
0.205717106275  858  440  440.371943557  18.2733802083  0.0384784762371
0.205717106275  858  460  459.459748614  17.4952168077  0.0141662225524
0.205717106275  858  479  478.855370223  19.2119929601  0.0241705162495
0.205717106275  858  499  498.487531285  19.2420854166  0.00407710640677
0.205717106275  858  519  518.423919739  19.9749168058  0.00438547189941
0.205717106275  858  539  538.711625851  21.4103287637  0.0160200459983
0.205717106275  858  559  559.504163836  24.9321883426  0.0322182101803
0.205717106275  858  581  580.393385093  26.8584655797  -0.00367362815727
0.205717106275  858  603  601.96418629  30.6500087193  -0.0139888458065
0.205717106275  858  625  624.618580932  35.3176868254  0.0174134537638
0.205717106275  858  649  647.832611193  32.1361323021  0.00678081281412
0.205717106275  857  671  671.298573322  27.8645045798  0.0401158088054
0.205717106275  857  694  694.148862472  23.5545302916  0.0316868794957
0.205717106275  857  717  717.083974027  20.1205653437  0.0242893504659
0.205717106275  856  740  740.156032877  17.3253974107  0.0183933632386
0.205717106275  856  763  763.722993938  16.6141998776  0.0313114956323
0.205717106275  855  787  787.243999523  14.8365392626  0.022553222906
0.205717106275  855  811  811.224276734  13.9408172025  0.0167679300997
0.205717106275  854  835  835.54021193  13.3427860058  0.0215121101865
0.205717106275  853  860  860.121378718  12.9705900515  0.0142643949647
0.205717106275  852  885  885.219041488  12.5718194473  0.0188974821139
0.205717106275  852  910  910.357427997  12.579152731  0.0323676820482
0.205717106275  851  936  936.240157329  12.6498013018  0.0115788819445
0.205717106275  850  962  962.316734861  12.9559319147  0.0244520195648
0.205717106275  848  989  988.808261289  13.0826822722  0.0171634410137
0.205717106275  847  1016  1017.77818575  0.199830237603  12.5327902635
0.399757106275  843  3  2.4756487656  0.0647725773624  -0.307380807182
0.399757106275  844  19  18.7338753121  5.3909811933  -0.0164010733147
0.399757106275  844  34  34.5771302723  5.80092632372  0.00770115710288
0.399757106275  845  50  50.5349038066  6.01616957995  -0.00387509389185
0.399757106275  846  67  66.6215471519  6.12440179609  -0.0366257863162
0.399757106275  847  83  82.8982928324  6.25843438292  -0.0217748227462
0.399757106275  848  99  99.2891939323  6.5684613333  -0.00812314340303
0.399757106275  848  116  115.696790887  6.73160978825  -0.0171668862784
0.399757106275  849  132  132.376914602  7.18635029176  0.0148170819552
0.399757106275  850  149  149.111041532  7.57991417869  0.0135334124991
0.399757106275  850  166  165.937235131  8.27414078188  0.0172902570302
0.399757106275  851  183  182.950040122  9.25048037449  0.0208613286515
0.399757106275  851  200  200.10340618  10.6949758341  0.0210278115058
0.399757106275  852  217  217.574672445  13.3081518602  0.037965263839
0.399757106275  852  235  235.145809966  15.9336442979  0.0200247374708
0.399757106275  853  253  253.157773707  18.9210408974  0.0147162515884
0.399757106275  854  272  271.69758395  21.9088939968  -0.00517629099548
0.399757106275  854  290  290.445639325  23.7167055646  0.0194212369878
0.399757106275  854  309  309.239210434  23.4539582196  0.0123119333744
0.399757106275  855  327  328.214462943  24.8291480049  0.0558433851128
0.399757106275  855  347  346.286854392  20.4340891207  -0.0163001610108
0.399757106275  856  365  365.153691371  19.3781637097  0.0157441764872
0.399757106275  856  383  383.763952762  18.6858759142  0.0422097012402
0.399757106275  856  402  402.45876564  17.6316253365  0.0336996982924
0.399757106275  856  421  421.24593431  18.7164951652  0.0402163799933
0.399757106275  857  441  440.140173625  17.3061502848  0.000145992608761
0.399757106275  857  460  459.398060373  17.4160892321  0.0123037951473
0.399757106275  857  479  478.731994473  18.8251261901  0.0171187113946
0.399757106275  857  499  498.386183299  19.2652293501  0.00144023686642
0.399757106275  857  519  518.413342712  20.2325464137  0.00684288027912
0.399757106275  857  539  538.621878231  21.3408470869  0.00971837641156
0.399757106275  857  559  559.426991153  25.0595009066  0.0302635009217
0.399757106275  857  581  580.428964183  25.5558026985  -0.00448282908094
0.399757106275  857  602  602.243923057  30.941732889  0.0261807366358
0.399757106275  857  625  624.514721296  35.3808065746  0.0133762417064
0.399757106275  857  649  647.905879611  30.0913289624  0.00551962467909
0.399757106275  856  670  671.514458876  33.0769445139  0.0792697798435
0.399757106275  856  694  694.096126478  23.814653628  0.0292093166138
0.399757106275  856  717  717.019009712  19.7895384887  0.0237891406324
0.399757106275  855  740  740.19935055  17.1489180415  0.0201584464308
0.399757106275  855  763  763.606246301  16.5849554812  0.0310038848748
0.399757106275  854  787  787.151355437  15.099871605  0.0206549905742
0.399757106275  854  811  811.219419606  14.0218492496  0.0211278859862
0.399757106275  853  835  835.528956994  13.2481878143  0.0220723374637
0.399757106275  852  860  860.104908798  12.9066219442  0.0116641021318
0.399757106275  851  885  885.139418432  12.9740550521  0.0192093676433
0.399757106275  851  911  910.257927352  12.2371128254  0.0155130107709
0.399757106275  850  936  936.168035255  12.6292372189  0.0126021480942
0.399757106275  849  962  962.330114585  13.0805699531  0.0241519477134
0.399757106275  847  989  988.702236836  13.0687640151  0.0160592380019
0.399757106275  846  1016  1017.77150409  0.196488771748  12.3843454328
0.593797106275  842  3  2.34188424102  4.62304639  -0.334177139965
0.593797106275  843  19  18.6224087538  5.39537737436  -0.0148190103267
0.593797106275  844  34  34.5226109614  5.77618864936  0.00431462060306
0.593797106275  844  50  50.4140357772  5.99327634611  -0.00616654812804
0.593797106275  845  66  66.5507126982  6.1181357019  -0.00200084079438
0.593797106275  846  83  82.8050361417  6.29268647766  -0.0264347988763
0.593797106275  847  99  99.1718976437  6.58730315866  -0.00591209785951
0.593797106275  847  116  115.578051083  6.81454775133  -0.0220037852096
0.593797106275  848  132  132.262332208  7.1383110873  0.0131804429848
0.593797106275  849  149  149.004616374  7.66491903438  0.0162800104083
0.593797106275  849  166  165.826847145  8.28158236553  0.0141062630462
0.593797106275  850  183  182.846266726  9.15962169833  0.0167451828718
0.593797106275  850  200  200.019402372  10.6377399652  0.0265954511494
0.593797106275  851  217  217.458113966  13.247356362  0.0333664172428
0.593797106275  852  235  235.169799262  15.8134459628  0.0172220152139
0.593797106275  852  253  253.032188059  18.8491174032  0.0121158437828
0.593797106275  853  271  271.676766329  21.8685721264  0.0354765199397
0.593797106275  853  290  290.291909256  23.9326452819  0.015316289917
0.593797106275  853  309  309.187286749  23.5248509771  0.0102138766318
0.593797106275  854  327  328.034574049  22.564787742  0.0490574966392
0.593797106275  854  345  347.077682817  0.737626765579  0.10918957612
0.593797106275  855  365  365.03879593  19.6280190813  0.0104086035045
0.593797106275  855  383  383.751872788  19.9592268948  0.0467471056658
0.593797106275  855  403  403.307694196  0.106000089547  -7.31787294496
0.593797106275  855  421  421.099971383  17.5214342533  0.0355920989473
0.593797106275  856  440  440.256743119  17.2403043467  0.0371877712933
0.593797106275  856  459  459.505138608  18.4690354616  0.0432076153882
0.593797106275  856  479  478.643781929  18.672393881  0.0110179190092
0.593797106275  856  499  498.305058917  18.9775734344  0.00270468396834
0.593797106275  856  519  518.23653794  20.3642288426  0.00208562281058
0.593797106275  856  539  538.632779721  21.6421601182  0.0118947811035
0.593797106275  856  559  559.472047684  24.8869058894  0.0294136983791
0.593797106275  856  581  580.431101175  25.8401024805  0.00142246794315
0.593797106275  856  602  602.205397715  30.3940911076  0.021596218206
0.593797106275  856  625  624.658350729  0.403959517034  0.0166087339745
0.593797106275  856  648  647.951265148  32.8065672237  0.0381753531014
0.593797106275  855  670  671.432033697  33.3027566619  0.0783228304069
0.593797106275  855  694  694.063546329  23.3852864218  0.0265130882202
0.593797106275  855  716  717.329380184  21.4528603337  0.0618286934412
0.593797106275  854  740  740.095482236  17.2807830092  0.0207772758423
0.593797106275  854  763  763.672075037  0.198989471579  0.0318650953474
0.593797106275  853  787  787.13918773  15.070151035  0.0185442735331
0.593797106275  853  811  811.191176305  14.0533926881  0.0205644941364
0.593797106275  852  835  835.498014438  13.2876577683  0.0200535111361
0.593797106275  851  860  860.059289408  12.9821971624  0.0142049954334
0.593797106275  850  885  885.125954574  12.585547543  0.015039388941
0.593797106275  850  910  910.284806512  12.5205813364  0.033017442472
0.593797106275  849  936  936.142664865  12.6319295643  0.00837642925204
0.593797106275  848  962  962.304628224  13.0263990615  0.0250807943021
0.593797106275  846  989  988.719346969  13.0862805068  0.0155676535902
0.593797106275  845  1016  1017.77668664  0.197744919987  12.5437346474
0.787837106275  841  3  2.21875093736  0.0637898075903  -0.36686637453
0.787837106275  842  19  19.800978178  0.213291649694  10.25144161
0.787837106275  843  34  34.3663981507  5.79521972643  0.0049020760853
0.787837106275  843  50  50.3095083007  6.05131683753  -0.0183267781137
0.787837106275  844  66  66.4538872154  6.08557131476  -0.00559360212445
0.787837106275  845  83  82.7180910651  6.28953191053  -0.028527094091
0.787837106275  846  99  99.0615465908  6.60643022111  -0.0121751642735
0.787837106275  846  116  115.465922929  6.8114105763  -0.021548781274
0.787837106275  847  132  132.138048239  7.08718023705  0.00688315329744
0.787837106275  848  149  148.941771567  7.54801494398  0.00954942567356
0.787837106275  848  166  165.745093638  8.18813509955  0.0119781715641
0.787837106275  849  183  182.033823771  19.8944979471  -99.6192395699
0.787837106275  849  200  199.927589255  10.6909938268  0.0211021147856
0.787837106275  850  217  217.356968445  13.1316953848  0.0282755243421
0.787837106275  851  235  234.968038506  15.9013504665  0.0142849329483
0.787837106275  851  253  252.970038611  18.7150962516  0.0106253008156
0.787837106275  852  271  271.502520153  21.5139371924  0.0288867437997
0.787837106275  852  289  290.73200493  26.7904137195  0.0725814087024
0.787837106275  852  309  308.843097379  23.0808606146  -0.000742475931651
0.787837106275  853  327  327.92022036  22.3611424157  0.048525341596
0.787837106275  853  345  346.837866578  0.808871725487  0.107433341386
0.787837106275  854  365  364.850029056  19.4313237393  -0.00102216605507
0.787837106275  854  383  383.691884237  18.8267686528  0.0379066943267
0.787837106275  854  402  402.340401023  0.217578424714  0.0310964487298
0.787837106275  854  421  421.104972754  17.448723478  0.0348868481275
0.787837106275  855  440  440.208945253  17.0067518821  0.0343749590335
0.787837106275  855  459  459.423976716  18.2854654049  0.0396538827579
0.787837106275  855  479  478.558506243  18.7229928377  0.0135125925146
0.787837106275  855  499  498.266871546  19.0367744913  0.000395644378992
0.787837106275  855  519  518.124573519  20.4186335565  -0.00441986831758
0.787837106275  855  539  538.460048888  21.6166949491  0.00578243509825
0.787837106275  855  559  559.337899611  24.3521602177  0.0263794698113
0.787837106275  855  581  580.321733296  25.6038222224  -0.00175211712773
0.787837106275  855  602  602.138123031  29.955500227  0.0253661061871
0.787837106275  855  625  624.578466413  34.6437643412  0.00988173799614
0.787837106275  855  649  647.547170898  32.0718637196  -0.00366987843556
0.787837106275  854  671  671.130784137  28.00517963  0.038434875482
0.787837106275  854  694  694.046765565  23.0686174183  0.0255504104753
0.787837106275  854  716  717.273231875  21.6092181485  0.0572098083184
0.787837106275  853  740  739.967981279  17.4294292916  0.0169818437875
0.787837106275  853  763  763.545754482  16.5558909361  0.0276322117048
0.787837106275  852  787  787.072617646  15.0316572369  0.0168613126096
0.787837106275  852  811  811.12478918  14.0121187145  0.0201318618884
0.787837106275  851  835  835.362808167  13.4505960591  0.0187451288489
0.787837106275  850  860  860.05503394  12.8696491957  0.012038257735
0.787837106275  850  885  885.022511176  12.6055412395  0.0133847073843
0.787837106275  849  910  910.226775897  12.6737950541  0.0300018885876
0.787837106275  848  936  936.13317053  12.5226818334  0.0107074884389
0.787837106275  847  962  962.291081719  13.1605316122  0.0227293464629
0.787837106275  846  989  988.656161109  13.1637893222  0.0169137664369
0.787837106275  844  1016  1017.77362812  0.19674095305  12.4729657533
0.981877106275  840  3  2.1403418061  0.0615220620238  -0.381132327171
0.981877106275  841  18  18.4298069174  5.58296296815  0.0220233395236
0.981877106275  842  34  34.2840255215  5.85307190035  -0.00220525886205
0.981877106275  842  50  50.1978371939  6.00894909367  -0.0153525277348
0.981877106275  843  66  66.3429243521  6.05863613356  -0.010240487995
0.981877106275  844  83  82.5853631987  6.27166731847  -0.0354691126531
0.981877106275  845  99  98.9723971826  6.62163804871  -0.00847698674087
0.981877106275  845  115  115.421191702  6.80306274396  0.00201044343518
0.981877106275  846  132  132.08941276  7.10877353168  0.00904216470099
0.981877106275  847  149  148.814828638  7.59027961486  0.0113896511127
0.981877106275  847  166  165.62152279  8.23971514641  0.00693043237729
0.981877106275  848  183  182.602829019  9.28281516425  0.00679013110774
0.981877106275  848  200  199.749490193  10.5892106152  0.0174328147682
0.981877106275  849  217  217.223894952  13.2308140005  0.0241421928716
0.981877106275  850  235  234.934953211  15.9836985988  0.00828078573731
0.981877106275  850  253  252.846600744  18.8017187418  0.0075906080962
0.981877106275  851  271  271.332812212  22.1824301614  0.020682566263
0.981877106275  851  289  290.583373454  0.382233139756  0.0666804539391
0.981877106275  852  309  308.904494144  23.2442983958  -0.00670574611731
0.981877106275  852  327  327.787197509  23.0008019894  0.037693275139
0.981877106275  852  345  346.754354735  0.384077984419  0.0899857730243
0.981877106275  853  365  364.780067408  19.4877288425  0.00162336214828
0.981877106275  853  383  383.625225682  18.8652818458  0.0396691222691
0.981877106275  853  402  402.241122522  17.7526162832  0.0271036238813
0.981877106275  853  421  421.051077  17.8980104088  0.0262542325979
0.981877106275  854  440  440.031180798  17.2209434476  0.0298670150755
0.981877106275  854  459  459.356417793  18.3497597189  0.0362135502019
0.981877106275  854  479  478.604356329  18.9303276031  0.0143045970892
0.981877106275  854  499  499.307096194  0.104336188952  -7.38275098561
0.981877106275  854  518  518.250281584  20.14075363  0.0315542754201
0.981877106275  854  539  538.442611946  21.5046223127  0.00737677608044
0.981877106275  854  559  559.187192362  24.3479890401  0.0258872750782
0.981877106275  854  581  580.221503624  25.6244530273  -0.00691460635887
0.981877106275  854  602  602.065875075  29.8116474841  0.0218764063556
0.981877106275  854  625  624.422834024  32.30170419  0.0116923687459
0.981877106275  854  648  647.539397791  33.2312382053  0.0225103511468
0.981877106275  853  671  671.072962713  28.1009033691  0.0342623036762
0.981877106275  853  694  693.904704637  23.4052288606  0.0215344530801
0.981877106275  853  717  716.82792355  20.0524641718  0.0182438777575
0.981877106275  852  739  740.096823976  18.5597241138  0.0430602946836
0.981877106275  852  763  763.437804824  16.6407974996  0.0262756121169
0.981877106275  851  787  787.090227681  15.0256147187  0.0202538089939
0.981877106275  851  811  811.072807364  14.0004494253  0.0148717449781
0.981877106275  850  835  835.397819917  13.5029566972  0.0190767146343
0.981877106275  849  860  860.035873278  12.9232725468  0.01206854038
0.981877106275  849  885  884.981904631  12.6117387939  0.0117925297596
0.981877106275  848  910  910.256390908  12.6305952578  0.0359666111462
0.981877106275  847  936  936.103952724  12.5836425185  0.00740200907364
0.981877106275  846  962  962.272740234  13.0470231766  0.0260190344159
0.981877106275  845  989  988.690033676  13.1880343546  0.0150356169181
0.981877106275  843  1015  1016.15923365  12.4508693102  0.0952201742245
1.17591710627  839  3  2.05066237992  4.20898331652  -0.405072983269
1.17591710627  840  18  18.3337817445  5.55600810862  0.0135061005686
1.17591710627  841  34  34.1878305642  5.90211011077  0.00197809680644
1.17591710627  841  50  50.0932308674  6.10931664258  -0.0280252680048
1.17591710627  842  66  66.2117032369  6.09602184536  -0.0148098953067
1.17591710627  843  83  82.4740319271  6.24605567283  -0.0341981946984
1.17591710627  844  99  98.8822103835  6.5131930251  -0.0163013834813
1.17591710627  844  115  115.338157103  6.82125450857  0.00359602547263
1.17591710627  845  132  131.97550055  7.09438112658  0.00569651481736
1.17591710627  846  149  148.713561795  7.51791896455  0.0071969179176
1.17591710627  846  166  165.526852552  8.26459314898  0.00291256308929
1.17591710627  847  183  182.518090614  9.27669742121  0.00169307196645
1.17591710627  848  200  199.753293473  10.6021912623  0.0147341415931
1.17591710627  848  217  217.095109567  13.2684205172  0.0192991066397
1.17591710627  849  235  234.771103981  16.120124658  0.0044006616186
1.17591710627  849  253  252.616900851  18.8790973687  -0.0035278583706
1.17591710627  850  271  271.212315809  22.0606737737  0.0181156153851
1.17591710627  850  289  290.367274851  26.9623806957  0.0564078949701
1.17591710627  851  309  308.713312739  23.2137913105  -0.00922461761495
1.17591710627  851  327  327.691440572  22.729015702  0.0325463516982
1.17591710627  851  345  346.387427337  21.2171214943  0.0640996375866
1.17591710627  852  364  364.952689925  0.246927816952  0.0462711199379
1.17591710627  852  383  383.530869585  18.6020108184  0.0360663430125
1.17591710627  852  401  402.496069923  19.0437660691  0.0813251988679
1.17591710627  852  421  420.961590301  17.60159822  0.0265134694361
1.17591710627  853  440  439.971999027  17.4247361732  0.0273349441089
1.17591710627  853  459  459.334015185  18.1871867367  0.0362183294174
1.17591710627  853  479  478.615818066  18.9832237999  0.0138066612538
1.17591710627  853  499  498.137845689  18.3523363692  0.000882988367627
1.17591710627  853  518  518.26985555  19.9833208673  0.0351936438358
1.17591710627  853  538  538.626381524  21.3312383905  0.0462257140702
1.17591710627  853  559  559.265361841  22.8582525735  0.0293038142187
1.17591710627  853  580  580.400272381  26.8323383326  0.025776143732
1.17591710627  853  602  602.006301339  0.370613656402  0.0188364101863
1.17591710627  853  625  624.194421493  32.4697605813  0.0098873117364
1.17591710627  853  647  647.838987698  0.532295510799  0.0476638082632
1.17591710627  852  671  670.833579627  27.5039688132  0.0260151332688
1.17591710627  852  694  693.83294649  23.5291042253  0.0170442295855
1.17591710627  852  717  716.726894232  19.7276807601  0.0151174435533
1.17591710627  851  739  740.054642035  18.7773528851  0.0478531682086
1.17591710627  851  763  763.426203185  16.6275685179  0.0259775660313
1.17591710627  850  787  787.078006725  14.8437104189  0.0161449057711
1.17591710627  850  811  811.037445854  14.0645572829  0.0143610694522
1.17591710627  849  835  835.345541855  13.4036954335  0.0173748236914
1.17591710627  848  860  860.018160452  12.6896603341  0.0107441422954
1.17591710627  848  885  884.917991088  12.5241910554  0.0111563094844
1.17591710627  847  910  910.155804258  12.7380568967  0.029926979543
1.17591710627  846  936  936.102215432  12.6451491107  0.00966114979981
1.17591710627  845  962  962.20787262  13.0639922352  0.0236493491403
1.17591710627  844  989  988.633151759  12.9478964681  0.0179225186465
1.17591710627  842  1016  1017.77922503  0.200684576644  12.4960634422
1.36995710627  838  2  1.89776556741  0.0610271438331  -0.456060145268
1.36995710627  839  18  18.2139141934  5.59960140038  0.00811968125299
1.36995710627  840  34  34.0644326231  5.81395878116  -0.00624303456032
1.36995710627  840  50  49.98387021  5.99638152844  -0.0212654730612
1.36995710627  841  66  66.1332247629  6.11426830355  -0.0194034422426
1.36995710627  842  82  82.4321759712  6.30148316422  -0.00449144266583
1.36995710627  843  99  98.76772031  6.61722206607  -0.0135573029571
1.36995710627  843  115  115.254303333  6.87128506481  -0.00691494639497
1.36995710627  844  132  131.907234492  7.02746798738  0.00265479520136
1.36995710627  845  149  148.629258521  7.51668865941  0.00426962216655
1.36995710627  845  165  165.460013359  8.23186559927  0.0309573286135
1.36995710627  846  182  182.537063482  9.54516935832  0.0346105102165
1.36995710627  847  200  200.236995705  0.0702924485837  -4.23421106101
1.36995710627  847  217  217.035262434  13.1726763715  0.0160926612505
1.36995710627  848  235  234.614876067  15.838766955  -0.0056147321879
1.36995710627  848  253  252.646076658  18.8553761701  -0.00973733984449
1.36995710627  849  271  270.99822841  22.155959292  0.0136628514458
1.36995710627  849  289  290.145688184  26.7809109633  0.0488973054447
1.36995710627  850  309  308.5163481  23.5571786098  -0.0167953398489
1.36995710627  850  327  327.562651787  22.8186251942  0.0278160041582
1.36995710627  850  345  346.307040914  21.4801771492  0.0576472963972
1.36995710627  851  364  364.825221466  19.7902796422  0.0450343992469
1.36995710627  851  383  383.517084382  18.6288250928  0.0386905689572
1.36995710627  851  402  402.042110537  17.8561773422  0.0203409173859
1.36995710627  852  421  420.945246765  17.4793531211  0.0234643625857
1.36995710627  852  439  440.172718346  18.605490503  0.0675545574131
1.36995710627  852  459  459.230381208  18.1663284131  0.0341663637318
1.36995710627  852  479  478.516261791  17.7607892191  0.016570439561
1.36995710627  852  498  498.290206182  19.1409186326  0.034545428707
1.36995710627  852  518  518.232146086  20.015405285  0.0308295970807
1.36995710627  852  539  538.230049743  21.418531462  -0.0029173510915
1.36995710627  852  559  559.266282059  0.298568771657  0.0238432085954
1.36995710627  852  581  580.079816412  25.3581721197  -0.00257065033533
1.36995710627  852  602  602.138273129  29.7199496494  0.0196395004323
1.36995710627  852  625  624.221871505  32.6971675802  0.0126519095871
1.36995710627  852  647  647.918529675  1.03061486608  0.071376226765
1.36995710627  851  670  671.152356904  30.1043735561  0.0728048446193
1.36995710627  851  693  694.078672651  24.0840528202  0.0520693673815
1.36995710627  851  716  716.998921261  19.7582224335  0.0495172230399
1.36995710627  850  739  740.066956224  18.7654134119  0.0437392679324
1.36995710627  850  763  763.461325967  16.81740822  0.0293745012366
1.36995710627  849  787  787.053913746  14.9227776733  0.0166504904939
1.36995710627  849  811  810.958892432  14.0770035635  0.0112626544303
1.36995710627  848  835  835.351360549  13.3999519702  0.0193452916806
1.36995710627  847  860  859.93842116  12.7551674415  0.0124098387686
1.36995710627  847  885  884.944407079  12.680334805  0.00994340836107
1.36995710627  846  910  910.150018214  12.7766651368  0.0300731454381
1.36995710627  845  936  936.07807715  12.6985067325  0.00556611375697
1.36995710627  844  962  962.197435635  13.0967230516  0.0253386522328
1.36995710627  843  989  988.66012736  13.1732037374  0.0137221184491
1.36995710627  841  1016  1017.7797178  0.202071765142  12.5297272059
1.56399710627  837  2  1.80794758188  3.87626362208  -0.490965059252
1.56399710627  838  18  18.0833243025  5.61048560138  -0.0015915940276
1.56399710627  839  34  33.9573783656  5.84512857196  -0.00805660512445
1.56399710627  839  50  49.8863770496  6.12265931381  -0.0307055034148
1.56399710627  840  66  66.0050224061  6.12567059967  -0.0270349613436
1.56399710627  841  82  82.3129597513  6.3016856027  -0.0103567679832
1.56399710627  842  99  98.6626725986  6.54074850587  -0.0244342743996
1.56399710627  842  115  115.140443514  6.81319296971  -0.00183282958919
1.56399710627  843  132  131.783891449  7.05584922266  -0.000646574523444
1.56399710627  844  149  148.525873347  7.52440007466  -0.00596279645437
1.56399710627  844  165  165.41173887  8.22130709439  0.031478012358
1.56399710627  845  182  182.432459744  9.62715582143  0.0326214443181
1.56399710627  846  200  199.498146045  10.6280675953  0.00135648976189
1.56399710627  846  217  216.940253548  13.0387984555  0.0126779197808
1.56399710627  847  235  234.493380393  15.9007289487  -0.00608522093698
1.56399710627  847  253  252.52517136  18.5567362558  -0.0118350450559
1.56399710627  848  271  270.907276957  21.5181699135  -0.0021643882576
1.56399710627  848  289  289.874310449  23.9296201261  0.0464690086631
1.56399710627  849  308  308.559533723  24.7850112459  0.0291026241234
1.56399710627  849  327  327.449986927  0.278874388707  0.0237318458949
1.56399710627  849  345  346.264182521  23.3345400685  0.0630711769397
1.56399710627  850  365  364.499777055  19.6964784426  -0.00989374515886
1.56399710627  850  383  383.393104089  18.8787186089  0.0326093945298
1.56399710627  850  402  401.97057828  18.167316376  0.0187125951188
1.56399710627  851  421  420.783569786  17.6018514018  0.0188521635339
1.56399710627  851  439  440.064971708  18.7702369463  0.0638707044217
1.56399710627  851  459  459.102884036  18.6888047357  0.0269025676418
1.56399710627  851  479  478.431388062  17.653066017  0.0120332086372
1.56399710627  851  498  498.235657287  18.6887937957  0.0311189512199
1.56399710627  851  518  518.18747309  20.2803282661  0.0256821535297
1.56399710627  851  538  538.46952529  21.4639058179  0.0345495439607
1.56399710627  851  559  559.040749644  24.6979663205  0.0207381907938
1.56399710627  851  581  580.114792906  27.0542439949  -0.00617404928564
1.56399710627  851  603  601.685613343  29.5696512764  -0.0257412509651
1.56399710627  851  625  624.181949752  32.5594274581  0.00643194703439
1.56399710627  851  648  647.279355425  32.9348988205  0.0143237602813
1.56399710627  850  670  671.09477991  30.921913792  0.0599544651657
1.56399710627  850  694  693.754332193  23.3446819377  0.0169224204851
1.56399710627  850  716  716.892371127  19.9261652678  0.045028183337
1.56399710627  849  739  740.069548059  18.6663356444  0.0424531859003
1.56399710627  849  763  763.388842871  16.6899252974  0.0252645112258
1.56399710627  848  787  787.05558324  14.94061875  0.0151985936817
1.56399710627  848  811  810.922362915  14.2219806946  0.0125083911693
1.56399710627  847  835  835.282607886  13.3428315032  0.0184417339529
1.56399710627  846  860  859.980103968  12.7060708118  0.0114457132002
1.56399710627  846  885  884.950035252  12.6813433623  0.0114123321712
1.56399710627  845  910  910.139433901  12.8379935771  0.0286436576692
1.56399710627  844  936  936.082606054  12.6040751745  0.0117317532184
1.56399710627  843  962  962.182407056  13.1788482345  0.0212359636599
1.56399710627  842  989  988.646990834  13.1775037489  0.0162652247748
1.56399710627  840  1016  1015.11596012  0.252051467918  -7.26649715492
1.75803710627  836  2  1.73843246787  0.0596346462936  -0.521179350771
1.75803710627  837  18  17.9745519099  5.61706631894  -0.0057288912252
1.75803710627  838  34  33.8376868777  5.86510614979  -0.0212361227642
1.75803710627  838  50  49.7543015447  5.99563763232  -0.0290309950263
1.75803710627  839  66  65.8686332285  6.12397279963  -0.0343328369998
1.75803710627  840  82  82.2105043028  6.26475309693  -0.0123305483812
1.75803710627  841  99  98.5824357713  6.6025159713  -0.0188822855115
1.75803710627  841  115  115.070233883  6.87881050621  -0.00852942425165
1.75803710627  842  132  131.703132864  7.08874557902  -0.00397075773669
1.75803710627  843  148  148.491373767  7.57100841801  0.0306265726318
1.75803710627  843  165  165.297098031  8.28669568631  0.0187382065217
1.75803710627  844  182  182.348548874  9.16843738647  0.034826384626
1.75803710627  845  199  199.472308199  11.303268525  0.0371081432168
1.75803710627  845  217  216.832245605  12.9668993438  0.00646422655355
1.75803710627  846  235  234.382557931  15.5846030457  -0.00987310581918
1.75803710627  846  253  252.345784879  18.6923322306  -0.020427522582
1.75803710627  847  271  270.753511072  21.5498387627  0.0017905985617
1.75803710627  847  289  289.563429991  23.7644981213  0.0291219438313
1.75803710627  848  307  308.924425188  0.807382515107  0.0900912744257
1.75803710627  848  327  327.275446904  23.1266221153  0.0119372951057
1.75803710627  848  345  346.139237913  23.1566190885  0.0639643341504
1.75803710627  849  365  364.404493014  20.1841943081  -0.0175660812303
1.75803710627  849  383  383.243142364  19.2994432062  0.0255719408422
1.75803710627  849  402  401.969516737  18.3490617554  0.021536323785
1.75803710627  850  421  420.274381503  0.3177984529  -9.47240171215
1.75803710627  850  440  439.766400578  17.4314384997  0.0218444634039
1.75803710627  850  459  459.103120819  0.216975980629  0.0301305380268
1.75803710627  850  478  478.547920354  18.8300294473  0.0473328566017
1.75803710627  850  499  498.089441962  17.9221840525  -0.00264296049498
1.75803710627  850  518  518.118392858  0.243410193453  0.0285507170735
1.75803710627  850  538  538.462568358  21.2456568683  0.0326077280712
1.75803710627  850  559  559.094701059  0.301486765368  0.0231264989228
1.75803710627  850  581  580.113810709  25.1369151262  -0.00504411338391
1.75803710627  850  602  601.939717783  29.2165280046  0.0160328546514
1.75803710627  850  625  624.228236529  32.0882316721  0.00713345544255
1.75803710627  850  648  647.175580929  32.5672624413  0.0116213339318
1.75803710627  849  670  670.986487734  29.4839876596  0.0626663492029
1.75803710627  849  693  693.766186847  23.8804143519  0.044803506516
1.75803710627  849  716  716.862261808  20.2381509316  0.0411921937933
1.75803710627  848  739  740.013099402  18.4407947538  0.0357738865881
1.75803710627  848  763  763.376234727  16.8980732881  0.0274971012769
1.75803710627  847  787  787.045126768  15.0810758663  0.017286781328
1.75803710627  847  811  810.908255129  14.1338528641  0.0122450597252
1.75803710627  846  835  835.257427603  13.6167153717  0.015942503242
1.75803710627  845  860  859.9695007  12.848221758  0.0122882527789
1.75803710627  845  885  884.908932078  12.8650140661  0.00785088796539
1.75803710627  844  910  910.06900954  12.7970882076  0.0301198471999
1.75803710627  843  936  936.001057593  12.6354985662  0.00567534538068
1.75803710627  842  962  962.136584269  13.0369362099  0.0244104655274
1.75803710627  841  989  988.626267664  13.2767311718  0.0137166645341
1.75803710627  839  1016  1017.77805001  0.200056878013  12.4850642212
1.95207710627  835  2  1.7004477348  0.0590344549456  -0.547750881838
1.95207710627  836  18  17.8528806685  5.55713292831  -0.0108088223565
1.95207710627  837  34  33.7076099753  5.81519114359  -0.0222729527146
1.95207710627  837  50  49.6720296369  6.14041273197  -0.033855637378
1.95207710627  838  66  65.7508811312  6.15514979941  -0.0339503430518
1.95207710627  839  82  82.0797355923  6.33248491667  -0.0156037082211
1.95207710627  840  98  98.5198208949  6.57497499706  0.00239311695213
1.95207710627  840  115  114.95486698  6.89573647972  -0.00860489654735
1.95207710627  841  132  131.577257321  7.15520247021  -0.00981900799599
1.95207710627  842  148  148.399188861  7.60870088504  0.0237781139476
1.95207710627  842  165  165.22010079  8.28282183658  0.0235465282001
1.95207710627  843  182  182.267973164  9.14297761813  0.0306886824769
1.95207710627  844  199  199.468984531  10.9824819205  0.033213236675
1.95207710627  844  217  216.723883349  12.8696856382  0.00368692255715
1.95207710627  845  235  235.304234732  0.416113682413  -6.31638468217
1.95207710627  845  253  253.32048622  0.11049527848  -6.9649514479
1.95207710627  846  270  270.848370686  0.269508042636  0.0432624474895
1.95207710627  846  289  289.581255299  23.9363461431  0.0294710243449
1.95207710627  847  307  308.736071696  0.747932277504  0.0991517453173
1.95207710627  847  326  327.35745397  23.587742787  0.0626202433316
1.95207710627  847  345  345.855311842  22.063148145  0.0320833287628
1.95207710627  848  363  365.136774895  0.758643634151  0.108204486811
1.95207710627  848  383  383.111943826  19.1606960842  0.0197308980643
1.95207710627  848  401  402.12752821  19.9296995204  0.0633198311631
1.95207710627  849  421  420.755983118  18.3241362916  0.0247076334532
1.95207710627  849  439  439.964221603  18.7074484205  0.0617508842628
1.95207710627  849  459  459.062161033  19.0168633432  0.025757640048
1.95207710627  849  479  479.294290546  0.398641280986  -7.18097686091
1.95207710627  849  498  498.231835673  19.170148819  0.031945198253
1.95207710627  849  518  518.062037238  0.244337260548  0.0270845809817
1.95207710627  849  539  -10514.736001  45517.6046093  -0.108522099261
1.95207710627  849  559  559.227248113  0.279999086983  0.0254266760915
1.95207710627  849  580  580.309370308  26.644010444  0.0268507857001
1.95207710627  849  603  601.672835543  29.1814883499  -0.0128421060981
1.95207710627  849  625  623.944492294  31.1483323759  -0.00211699565616
1.95207710627  849  648  647.133634328  32.3478897691  0.00885725165538
1.95207710627  849  670  670.920770832  31.9917516295  0.0574590338287
1.95207710627  848  694  693.486392795  23.2714260539  0.0107490114084
1.95207710627  848  717  716.520943197  19.8846488935  0.00924962860441
1.95207710627  847  739  740.557231229  19.5606519003  0.119283670799
1.95207710627  847  763  763.274055708  16.9031167344  0.026172752992
1.95207710627  846  787  786.933109244  14.8823197732  0.0111541479631
1.95207710627  846  811  810.87824785  14.1527099646  0.0105083974122
1.95207710627  845  835  835.259130926  13.5440187013  0.0176341927425
1.95207710627  844  860  859.969418004  12.9262080742  0.0130405133715
1.95207710627  844  885  884.886220124  12.7763442497  0.0148237061663
1.95207710627  843  910  910.078007833  12.7288339368  0.0283554610374
1.95207710627  842  936  935.964126709  12.699473107  0.0061506074392
1.95207710627  841  962  962.136133663  13.0101308067  0.0212093537711
1.95207710627  840  989  988.59780775  13.0401717571  0.018616875661
1.95207710627  838  1016  1017.77722798  0.197960657599  12.397754834
2.14611710627  834  2  1.60358148197  0.0579201514534  -0.597001172367
2.14611710627  835  18  17.7225201635  5.55279940205  -0.00934463808197
2.14611710627  836  34  33.5927512381  5.77935472886  -0.0395685518108
2.14611710627  837  50  49.6523800606  6.13591612385  -0.0265308537072
2.14611710627  837  66  65.6287970939  6.27744731308  -0.0434964726501
2.14611710627  838  82  81.9713240305  6.42885013528  -0.0152329855849
2.14611710627  839  98  98.3812065167  6.59064594447  -0.00365161668361
2.14611710627  839  115  114.892865727  7.14668064022  -0.0195204411303
2.14611710627  840  131  131.507390312  7.20169068987  0.0207279678689
2.14611710627  841  148  148.294627205  7.60535676181  0.0223827116497
2.14611710627  841  165  165.092529608  8.54666579394  0.00941275752268
2.14611710627  842  182  182.17427916  9.11137704492  0.0322646658767
2.14611710627  843  199  199.409861848  10.9380693721  0.0334421573607
2.14611710627  843  217  216.628404778  12.0854658977  0.0096844422419
2.14611710627  844  234  234.393211783  15.1338595691  0.0236559153617
2.14611710627  844  252  252.306170396  18.4952674053  0.0232757242901
2.14611710627  845  270  270.738864027  21.2982002626  0.0418168430948
2.14611710627  845  289  289.39433018  24.04168139  0.028443150687
2.14611710627  846  307  308.545293493  23.8580060328  0.0634623313659
2.14611710627  846  326  327.171582436  22.8728372901  0.0523282854476
2.14611710627  846  345  345.849253714  22.4920395134  0.0289191898436
2.14611710627  847  363  365.079165821  0.76202869246  0.108132984727
2.14611710627  847  383  383.044598791  19.4265504092  0.0219412620567
2.14611710627  847  401  401.988726232  19.9993084528  0.0610027812736
2.14611710627  848  421  420.564415848  17.4071308071  0.00201472148219
2.14611710627  848  439  439.887700994  18.9774975165  0.0556965335328
2.14611710627  848  459  458.950653957  18.9680488704  0.0256571195343
2.14611710627  848  479  478.180876717  17.6039205735  0.00591038036378
2.14611710627  848  498  498.16198333  0.235289951346  0.0285517584711
2.14611710627  848  518  518.007092055  20.1082265477  0.0198533520563
2.14611710627  848  538  538.410251529  21.4947129772  0.0344972940363
2.14611710627  848  559  558.997243117  22.9819108896  0.018617350329
2.14611710627  848  580  580.26469851  26.9359764505  0.0281636312315
2.14611710627  848  603  602.317443978  0.176766859312  -8.58005107251
2.14611710627  848  625  623.912045001  31.4348971109  -0.00383435951173
2.14611710627  848  647  647.36200349  35.0415238766  0.0356505084171
2.14611710627  848  671  670.105266219  27.6678883825  0.0152756801676
2.14611710627  847  693  693.779023507  25.3828634476  0.0450732311901
2.14611710627  847  717  716.452597841  19.864532543  0.00910841621002
2.14611710627  846  739  739.892157574  19.0695644959  0.0399073666156
2.14611710627  846  763  763.297686464  16.8350520642  0.0250061482689
2.14611710627  845  787  786.84601858  15.1431453592  0.0139286178277
2.14611710627  845  811  810.844525501  14.2609887435  0.0129388368908
2.14611710627  844  835  835.261053756  13.4777487122  0.0164363839753
2.14611710627  844  859  859.896657088  13.6048579474  0.0307405952443
2.14611710627  843  885  884.902530031  12.7473487576  0.0145019928493
2.14611710627  842  910  910.128282695  12.6861723651  0.0343658429757
2.14611710627  841  936  935.923970692  12.6842853606  0.00217438520604
2.14611710627  840  962  962.170046137  12.8881498157  0.0286207756304
2.14611710627  839  989  988.601138508  13.0936763161  0.0151330772443
2.14611710627  838  1016  1017.79801427  0.208233991209  12.6631614838
