# Band 2C   Etalon 1B   Slice 17
# Distortion map version 06.04.00 - date 2018-10-09
# Trace (isoalpha): Take pixel trace along specified slice, specified alpha position trace is built by taking the pixel in every detector row with alpha value closest to the one specified 
# xpos[i] = np.argmin(alpha_img[i,:])+funcs.find_nearest(alpha_img[i,:][(slice_img[i,:]!=0)],alpha_pos)
#    alpha       x  y      center         FWHM          skewness
0.0  950  7  7.34687332714  1.75267619934  0.0556906233861
0.0  951  21  20.7592712769  1.89436411446  0.0343047425344
0.0  951  34  34.3282125301  1.70156613141  0.0650982108054
0.0  952  48  48.1289466265  1.68923925624  0.0955590542614
0.0  953  62  62.0153612936  1.68452867735  0.0997610506868
0.0  953  76  75.8264823824  1.68409214886  0.0813747101326
0.0  954  90  89.9979711175  1.65991870421  0.102278763941
0.0  955  104  104.2749566  1.628679714  0.102756479012
0.0  955  118  118.438599876  1.64615403606  0.0431975331283
0.0  956  133  132.980951518  1.71844376558  0.0555894709483
0.0  956  147  147.43793631  1.7056832698  0.0403270263297
0.0  957  162  162.239615938  1.71254411621  0.0539965987405
0.0  958  177  177.172526147  1.71361614803  0.0539332613981
0.0  958  192  192.047203272  1.75171070221  0.0618139218668
0.0  959  207  207.235830584  1.73418612679  0.0335122359109
0.0  959  222  222.379231247  1.71502915126  0.027383017528
0.0  960  238  237.890911716  1.75529147826  0.0628405770711
0.0  960  253  253.315474215  1.73109198239  0.0260853513776
0.0  961  269  269.11558633  1.70584165944  0.104806888755
0.0  961  285  284.810600039  1.68127267095  0.0127074300224
0.0  961  301  300.699427763  1.69019240021  0.0213208981895
0.0  962  317  316.949805943  1.70324182925  0.036730509611
0.0  962  333  333.167676023  1.70970942263  0.062456304206
0.0  962  349  349.502317893  1.68484063403  0.0375150934607
0.0  963  366  366.229893279  1.69750888496  0.0924507609432
0.0  963  383  382.887780818  1.76978776045  0.0592884415338
0.0  963  400  399.71853447  1.77098463048  0.0462460204721
0.0  964  417  416.949114253  1.78761136092  0.143680064423
0.0  964  434  434.110961716  1.79133133666  0.0572245690049
0.0  964  451  451.469628185  1.79449499164  0.0313044603791
0.0  964  469  468.988853435  1.84439315845  0.029812856758
0.0  964  487  486.687974154  1.81303006861  0.0131734005752
0.0  964  505  504.588448564  1.79031220508  0.003232484418
0.0  964  523  522.668778642  1.80584069935  -0.00841349847141
0.0  964  541  540.913766463  1.81704545107  -0.0297236827372
0.0  964  559  559.402499757  1.81229166941  -0.00547108996472
0.0  964  578  578.047112049  1.81855318407  -0.00615533766915
0.0  964  597  596.852797025  1.82049961875  -0.0218149899858
0.0  964  616  615.903538811  1.82013391614  0.00396876763195
0.0  964  635  635.138140075  1.85525662532  0.026072214406
0.0  964  655  654.55373373  1.8268254097  0.0121106011348
0.0  963  674  674.049277141  1.87861885504  0.0314284610087
0.0  963  694  693.908493455  1.92927778864  0.0304777374461
0.0  963  714  713.969519501  1.91942863207  0.0420986795199
0.0  962  734  734.108843142  1.94711096798  0.0205432475663
0.0  962  755  754.591255933  1.92075379742  0.0118724858323
0.0  962  775  775.383994133  1.97013747515  0.0460136263441
0.0  961  796  796.198100699  1.96953734308  0.0170327089672
0.0  961  817  817.345366877  1.91330461214  0.0019239002686
0.0  960  839  838.685287777  1.9488950951  -0.0339363606699
0.0  959  860  860.253837904  1.96852994053  0.000578570649995
0.0  959  882  882.086849078  1.8829305563  -0.0153648586136
0.0  958  904  904.220837564  2.01172854681  0.0303496520713
0.0  957  926  926.472304926  1.96665776045  0.00680958876169
0.0  956  949  949.073683976  2.10885650419  0.0425016882435
0.0  955  972  971.901403838  2.09213729069  0.0243507213875
0.0  954  995  994.998940018  2.14364303284  0.0233270690002
0.0  953  1018  1018.39567386  2.09582163896  0.0194005149776
-1.89468621199  959  9  9.28428774552  1.76081612181  0.0714175983511
-1.89468621199  960  23  22.9128595246  1.85269303179  0.359698131958
-1.89468621199  960  36  36.2512153218  1.72748489091  0.0890537925752
-1.89468621199  961  50  50.0299040444  1.71162471257  0.118158341619
-1.89468621199  962  64  63.9124936849  1.6781875846  0.132067524238
-1.89468621199  962  78  77.7134405633  1.69001935199  0.0948116848146
-1.89468621199  963  92  91.8527788646  1.66321261855  0.0979937213111
-1.89468621199  964  106  106.156125403  1.60268779718  0.134951203919
-1.89468621199  964  120  120.30787191  1.63087270456  0.0672330932213
-1.89468621199  965  135  134.797831234  1.68731883803  0.0377426944123
-1.89468621199  965  149  149.287380342  1.69321909156  0.0889909022124
-1.89468621199  966  164  164.080980525  1.69108161397  0.0818326579507
-1.89468621199  967  179  178.994905358  1.7042029026  0.102479201831
-1.89468621199  967  194  193.845203848  1.74052765713  0.0603376054771
-1.89468621199  968  209  209.037480967  1.71802577047  0.0617990768165
-1.89468621199  968  224  224.201569333  1.73088757802  0.0643450244709
-1.89468621199  969  240  239.657593156  1.71762480004  0.0727519975573
-1.89468621199  969  255  255.086989848  1.75436029225  0.0361781682728
-1.89468621199  970  271  270.948065384  1.80510594183  0.34143031044
-1.89468621199  970  287  286.563661415  1.68492770222  0.0299135712979
-1.89468621199  970  302  302.462803452  1.67074393603  0.0397548723211
-1.89468621199  971  319  318.66598318  1.67467011331  0.0344939487926
-1.89468621199  971  335  334.85510921  1.68981057813  0.0471330402332
-1.89468621199  971  351  351.231847414  1.68898112336  0.0836487639317
-1.89468621199  972  368  367.913621178  1.72275107239  0.0671921991469
-1.89468621199  972  385  384.55275012  1.69703568894  0.0306848876303
-1.89468621199  972  401  401.410592599  1.73721276126  0.0549646155051
-1.89468621199  972  418  418.415029275  1.69899730158  0.0986222800248
-1.89468621199  973  436  435.747814201  1.76743212261  0.049645265042
-1.89468621199  973  453  453.10009742  1.78519695906  0.0463295031833
-1.89468621199  973  471  470.621224488  1.78428767305  0.0409974504968
-1.89468621199  973  488  488.345684614  1.7622035929  0.0383434644381
-1.89468621199  973  506  506.216991154  1.81205674177  0.035758487383
-1.89468621199  973  524  524.299687148  1.78450338531  0.0341654565935
-1.89468621199  973  542  542.456285028  1.7250255965  0.00486108602134
-1.89468621199  973  561  560.982573906  1.81172133239  0.00479957882939
-1.89468621199  973  580  579.606913234  1.79288638472  0.00494814892027
-1.89468621199  973  598  598.439549161  1.76042004915  0.0248072263207
-1.89468621199  973  617  617.439620332  1.78083506575  0.0268165754276
-1.89468621199  973  637  636.637020685  1.79364301461  0.00567294728642
-1.89468621199  973  656  656.070135003  1.84712938052  0.0501279973396
-1.89468621199  972  676  675.55140169  1.83937867345  0.0236574774669
-1.89468621199  972  695  695.403017841  1.85475629058  0.0587688638559
-1.89468621199  972  715  715.450224128  1.86500854079  0.0499349986513
-1.89468621199  971  736  735.55785953  1.90404817868  0.0325183715833
-1.89468621199  971  756  756.083127208  1.94556529617  0.0552033759697
-1.89468621199  970  777  776.912174921  1.68989333931  0.0829024238818
-1.89468621199  970  798  797.606189656  1.97093852334  0.00764936833557
-1.89468621199  969  819  818.655331551  1.97420882874  -0.00755820958837
-1.89468621199  969  840  840.12962622  2.00486591677  0.0206926406828
-1.89468621199  968  862  861.638179316  1.96481045452  0.000665200420894
-1.89468621199  967  883  883.404623954  1.97646607217  0.0180738754448
-1.89468621199  967  906  905.558863394  1.95589247634  0.0272659994013
-1.89468621199  966  928  927.800934966  2.02170922366  0.0151735651617
-1.89468621199  965  950  950.40485705  2.01301230441  0.0410204530842
-1.89468621199  964  973  973.216668869  2.09514058886  0.0465548966946
-1.89468621199  963  996  996.327708872  2.08022375841  0.0435095821742
-1.89468621199  962  1020  1019.67683479  2.15164572139  0.0203198796889
-1.70064621199  958  9  9.08348529305  1.78378490373  0.0787647860605
-1.70064621199  959  23  22.6072301343  1.7407741978  0.0883255983403
-1.70064621199  959  36  36.046909362  1.75282011555  0.103414284992
-1.70064621199  960  50  49.8097344461  1.74273630931  0.106156687041
-1.70064621199  961  64  63.6942483302  1.71676909725  0.104639786634
-1.70064621199  961  77  77.49583863  1.67327891578  0.0743278502131
-1.70064621199  962  92  91.6384906389  1.68939306601  0.0747781047718
-1.70064621199  963  106  105.914663422  1.69555746283  0.0765168624585
-1.70064621199  963  120  120.109216122  1.68542110106  0.0824263848245
-1.70064621199  964  135  134.600585804  1.71331772451  0.0286884297902
-1.70064621199  965  149  149.190468097  2.05410332794  0.0756975190784
-1.70064621199  965  164  163.864124194  1.75412902341  0.0577978503191
-1.70064621199  966  179  178.774226592  1.75626028543  0.0362029862886
-1.70064621199  966  194  193.640268342  1.76512862716  0.0345797248495
-1.70064621199  967  209  208.823145311  1.73452757618  0.0340785852696
-1.70064621199  967  224  223.983458366  1.76890437039  0.0571678282026
-1.70064621199  968  239  239.46498096  1.73974209792  0.0334400129132
-1.70064621199  968  255  254.874584208  1.75380265179  0.0311235957938
-1.70064621199  969  271  270.647585707  1.7040502659  0.036289459878
-1.70064621199  969  286  286.381491261  1.67747026878  0.0378300887032
-1.70064621199  969  302  302.273888178  1.66924306453  0.0598954050136
-1.70064621199  970  318  318.468296407  1.64672391829  0.0286075834368
-1.70064621199  970  335  334.654666597  1.68938890299  0.0269531909496
-1.70064621199  971  351  351.127882181  2.00381100484  0.0743498855216
-1.70064621199  971  368  367.704512804  1.74591053706  0.0415499396082
-1.70064621199  971  384  384.377747904  1.6875905833  0.0528915124916
-1.70064621199  971  401  401.227661581  1.75841299566  0.0661875296003
-1.70064621199  972  418  418.403512503  1.73131735075  0.0482482702154
-1.70064621199  972  436  435.574237269  1.78962680301  0.0368778973253
-1.70064621199  972  453  452.907646898  1.81133203658  0.0298511544585
-1.70064621199  972  470  470.445669766  1.77031798636  0.0323772750113
-1.70064621199  972  488  488.161706036  1.82051968938  0.0437611776357
-1.70064621199  972  506  506.025367996  1.85031818905  0.0253398882613
-1.70064621199  972  524  524.114660772  1.81600265825  0.0252487451029
-1.70064621199  972  542  542.437932539  1.82893676333  0.114954162153
-1.70064621199  972  561  560.78356843  1.81393368005  -0.00608142813163
-1.70064621199  972  579  579.427436477  1.79256179431  0.000771016671205
-1.70064621199  972  598  598.270598219  1.7872675503  0.0292248274498
-1.70064621199  972  617  617.278625688  1.79376063427  0.028716578704
-1.70064621199  972  636  636.494338981  1.80190094557  0.0249636182859
-1.70064621199  972  656  655.922317464  1.86506609933  0.0327097996863
-1.70064621199  971  675  675.383737861  1.84515952353  0.0386312736203
-1.70064621199  971  695  695.238979893  1.88743359291  0.0613776792424
-1.70064621199  971  715  715.298663945  1.89351664584  0.0512414569306
-1.70064621199  970  735  735.411579974  1.72266516038  -0.0471314985758
-1.70064621199  970  756  755.885427342  1.96432357696  0.0257496099942
-1.70064621199  970  777  776.629128427  1.97516167695  0.00430838419547
-1.70064621199  969  797  797.46454338  1.96850834084  0.0261612341333
-1.70064621199  969  819  818.64005648  1.82646182556  0.0429033877875
-1.70064621199  968  840  839.936029265  2.0067586168  -0.0180609310002
-1.70064621199  967  861  861.47088217  1.97271791097  -0.00333231255335
-1.70064621199  967  883  883.367568051  1.90002639299  0.0370995623634
-1.70064621199  966  905  905.441949002  1.98042251735  0.0371683773063
-1.70064621199  965  928  927.667011671  2.02188155656  0.0130409694089
-1.70064621199  964  950  950.293217995  2.04802289825  0.0536762616307
-1.70064621199  963  973  973.088093678  2.12482207044  0.0403752072035
-1.70064621199  962  996  996.18265634  2.087752484  0.0343343049357
-1.70064621199  961  1020  1019.56292746  2.17339037373  0.0328427316464
-1.50660621199  957  9  8.85755477907  1.79922062226  0.0698078304496
-1.50660621199  958  22  22.3944452827  1.76554765391  0.067272955745
-1.50660621199  958  36  35.8073631389  1.72826261326  0.0537908935611
-1.50660621199  959  50  49.59575228  1.74067494371  0.0919349695851
-1.50660621199  960  63  63.4765158979  1.70026177683  0.0899887321265
-1.50660621199  960  77  77.3924373595  1.76629951883  0.0698218114665
-1.50660621199  961  91  91.4256125214  1.65561944637  0.0701164147672
-1.50660621199  962  106  105.690056803  1.68072115973  0.0543533229173
-1.50660621199  962  120  119.862286843  1.70869771355  0.00849061794798
-1.50660621199  963  134  134.418161612  1.6858282426  0.0464043979319
-1.50660621199  964  149  149.066434361  1.76066771445  0.0499861722104
-1.50660621199  964  164  163.654454645  1.76298331209  0.0402403425412
-1.50660621199  965  179  178.568147254  1.73246096457  0.0312408204802
-1.50660621199  965  193  193.423413756  1.74561394364  0.0191589372227
-1.50660621199  966  209  208.60925735  1.75010480209  0.0145673336825
-1.50660621199  966  224  223.776475399  1.7897762025  0.0468736789766
-1.50660621199  967  239  239.268986511  1.73603701923  0.0478540105703
-1.50660621199  967  255  254.66276806  1.74307961646  0.0153541996196
-1.50660621199  968  270  270.464970965  1.69989017722  0.041161955109
-1.50660621199  968  286  286.200080028  1.69649578354  0.0517791874118
-1.50660621199  969  302  302.29660969  1.6210576879  0.116319499648
-1.50660621199  969  318  318.301069156  1.65492709732  0.0514568913907
-1.50660621199  969  334  334.474942382  1.64147925322  0.0518001479389
-1.50660621199  970  351  351.017559737  1.71780397046  0.0644975394776
-1.50660621199  970  368  367.517860754  1.71076348361  0.0443255334587
-1.50660621199  970  384  384.208802078  1.72772027684  0.0835415124303
-1.50660621199  970  401  401.0370716  1.78526401234  0.0604570652925
-1.50660621199  971  418  418.220157627  1.74620522845  0.054563795562
-1.50660621199  971  435  435.397082615  1.79686749648  0.0514155813205
-1.50660621199  971  453  452.714488799  1.79151604301  0.0246680796213
-1.50660621199  971  470  470.287561135  1.79433538098  0.0596883828249
-1.50660621199  971  488  487.958806202  1.82505720417  0.0354096075677
-1.50660621199  971  506  505.833991159  1.85325179297  0.00555588669623
-1.50660621199  971  524  523.919469052  1.8254307595  0.0168769968112
-1.50660621199  971  542  542.194116008  1.81544260424  0.0545615933387
-1.50660621199  971  561  560.602831796  1.7836401613  -0.0114909202001
-1.50660621199  971  579  579.244214794  1.81540145898  0.00506313204461
-1.50660621199  971  598  598.070135474  1.81221387144  0.0190414437025
-1.50660621199  971  617  617.085910235  1.84035546713  0.0179452054721
-1.50660621199  971  636  636.332782255  1.79279510023  0.0408776879862
-1.50660621199  971  656  655.730673747  1.82971660176  0.016776515883
-1.50660621199  971  675  675.384130759  1.84030151085  0.0412552850817
-1.50660621199  970  695  695.059092438  1.89776229428  0.0464769329572
-1.50660621199  970  715  715.116058178  1.93260780999  0.0442803275147
-1.50660621199  970  735  735.399619228  1.90925624121  0.0519850010917
-1.50660621199  969  756  755.709485338  1.95084164643  0.0160642856718
-1.50660621199  969  776  776.476045643  1.94592928581  0.02303523975
-1.50660621199  968  797  797.297482256  1.99618282295  0.0180612673601
-1.50660621199  968  819  818.49830103  1.94475667952  -0.00138056878534
-1.50660621199  967  840  839.753622515  1.98266337436  -0.0267610729869
-1.50660621199  966  861  861.329461975  1.98327630182  0.0156857379782
-1.50660621199  966  883  883.263367131  1.9911867167  0.0299971985854
-1.50660621199  965  905  905.26946353  1.99442945172  0.0316152303828
-1.50660621199  964  928  927.517451644  1.98778578526  0.0206704580636
-1.50660621199  963  950  950.111705497  2.08104785062  0.0436282278257
-1.50660621199  962  973  972.913166186  2.11501510647  0.0167332867449
-1.50660621199  961  996  996.0305574  2.13244308764  0.030535538091
-1.50660621199  960  1019  1019.42219637  2.16178737265  0.0479510692763
-1.31256621199  956  9  8.64400778578  1.78226805693  0.0665034297887
-1.31256621199  957  22  22.1763480693  1.73499297926  0.0712206406277
-1.31256621199  958  36  35.7081830143  1.89748470151  0.0602678235273
-1.31256621199  958  49  49.3777359373  1.73108268085  0.0844735312509
-1.31256621199  959  63  63.2676890647  1.69831180438  0.0978858988565
-1.31256621199  960  77  77.3107573279  1.61177863242  0.133171453932
-1.31256621199  960  91  91.2194928684  1.65770538731  0.0792997744751
-1.31256621199  961  105  105.486275427  1.67179758258  0.0526700156873
-1.31256621199  962  120  119.747076245  1.86861169735  0.00791149755561
-1.31256621199  962  134  134.220613689  1.68750216126  0.0628372252432
-1.31256621199  963  149  148.854797511  1.76256124265  0.0366507277604
-1.31256621199  963  163  163.443981356  1.74444545045  0.024612407134
-1.31256621199  964  178  178.378785948  1.70992145709  0.033211825794
-1.31256621199  964  193  193.227939081  1.754315285  0.0294172592947
-1.31256621199  965  208  208.422680601  1.70748096438  0.0240919679609
-1.31256621199  965  224  223.561225744  1.76592282165  0.0248153017906
-1.31256621199  966  239  239.059549587  1.75036041645  0.0343090888484
-1.31256621199  966  254  254.490358769  1.73310045164  0.031345420831
-1.31256621199  967  270  270.263993701  1.69784026347  0.0477999438194
-1.31256621199  967  286  285.99909576  1.71649118419  0.0499169390335
-1.31256621199  968  302  302.073684917  1.69585436768  0.0580461843443
-1.31256621199  968  318  318.11209411  1.70098813522  0.0647016804856
-1.31256621199  968  334  334.303710334  1.64029562585  0.0799177410448
-1.31256621199  969  351  350.798004285  1.71638227379  0.0361471948518
-1.31256621199  969  367  367.346431731  1.70327665998  0.07255398967
-1.31256621199  969  384  384.005015461  1.78586575933  0.0710866470358
-1.31256621199  970  401  401.063598107  1.76211340594  0.144637558722
-1.31256621199  970  418  418.044559163  1.79672958696  0.0596209508159
-1.31256621199  970  435  435.214013941  1.81292401304  0.0541557162251
-1.31256621199  970  453  452.544604569  1.77764471679  0.0307471738102
-1.31256621199  970  470  470.088980131  1.82539099171  0.0559706399666
-1.31256621199  970  488  487.761149988  1.84129601691  0.0179498184202
-1.31256621199  970  506  505.651779627  1.8427340636  0.0104905380135
-1.31256621199  971  524  523.919556806  1.82544796769  0.0173953010818
-1.31256621199  971  542  542.194116008  1.81544260424  0.0545615933387
-1.31256621199  971  561  560.602877378  1.78420430179  -0.0111543840796
-1.31256621199  970  579  579.049016678  1.81120060523  -0.00729344805354
-1.31256621199  970  598  597.889499249  1.81691459189  0.00459722997113
-1.31256621199  970  617  616.907035488  1.84828436566  0.00715463906039
-1.31256621199  970  636  636.152979054  1.82546318747  0.039428407385
-1.31256621199  970  656  655.554769768  1.81401927546  0.0199536544392
-1.31256621199  970  675  675.214090793  1.8849765621  0.0486660818823
-1.31256621199  969  695  694.876570586  1.90137758244  0.0280787274565
-1.31256621199  969  715  714.932709351  1.92761994274  0.0292579250885
-1.31256621199  969  735  735.232193461  1.91863865339  0.0524667915923
-1.31256621199  968  756  755.569941937  1.92384709652  0.0266768978138
-1.31256621199  968  776  776.321142881  1.96871333787  0.0344921301154
-1.31256621199  967  797  797.128316105  1.98580921447  0.00771897069813
-1.31256621199  967  818  818.352616281  1.9560628029  0.0137741589283
-1.31256621199  966  840  839.61125511  1.95155394187  -0.013704191243
-1.31256621199  965  861  861.166784573  1.99315460114  0.00199403039138
-1.31256621199  965  883  883.062894303  2.0092105811  0.00775544355941
-1.31256621199  964  905  905.114951786  2.065580572  0.0355807953834
-1.31256621199  963  927  927.371446954  1.97356024018  0.0460295598275
-1.31256621199  962  950  949.946603952  2.06714191927  0.0305546134428
-1.31256621199  961  973  972.741787559  2.09140672601  -0.00165645715813
-1.31256621199  960  996  995.860052373  2.13503952698  0.0124545022102
-1.31256621199  959  1019  1019.25749046  2.16256249051  0.033778371052
-1.11852621199  955  8  8.42643718412  1.72286169603  0.0645616662358
-1.11852621199  956  22  21.9597813042  1.75836042891  0.077581169431
-1.11852621199  957  36  35.608021001  1.74772485736  0.0925620871126
-1.11852621199  957  49  49.1649702671  1.70788731811  0.0882997853443
-1.11852621199  958  63  63.0391668512  1.71858786703  0.0793578601309
-1.11852621199  959  77  77.077315243  1.68700581713  0.0834898529544
-1.11852621199  959  91  90.996826425  1.68579284248  0.0667917608008
-1.11852621199  960  105  105.293288666  1.66581988414  0.0674306286064
-1.11852621199  961  120  119.656920167  1.69855881807  0.0382989056107
-1.11852621199  961  134  133.996304501  1.73072647362  0.0582625498789
-1.11852621199  962  149  148.632483766  1.7349205379  0.0278218981753
-1.11852621199  962  163  163.251745211  1.73803025197  0.0391527358588
-1.11852621199  963  178  178.188572128  1.72226763371  0.0614499578666
-1.11852621199  963  193  192.978671879  1.75317393521  -0.0767326740089
-1.11852621199  964  208  208.229236634  1.72539999354  0.0340071622034
-1.11852621199  964  223  223.46321613  1.85040924674  0.0234130137924
-1.11852621199  965  239  238.855090664  1.73833054821  0.0386596841264
-1.11852621199  965  254  254.288201581  1.66021662843  0.0223398747356
-1.11852621199  966  270  270.068008247  1.70346251214  0.0569499778696
-1.11852621199  966  286  285.787553382  1.70687926227  0.0352767281782
-1.11852621199  967  302  301.868814549  1.71813898601  0.0461522592305
-1.11852621199  967  318  317.892827617  1.71663248056  0.0460416645354
-1.11852621199  967  334  334.119110218  1.69084223408  0.0811264454434
-1.11852621199  968  351  350.596741239  1.6788409934  0.0284807256092
-1.11852621199  968  367  367.156294258  1.74962328153  0.075214254495
-1.11852621199  968  384  383.79880942  1.77776183077  0.0504277034376
-1.11852621199  969  401  400.826260172  1.76515890325  0.046888510189
-1.11852621199  969  418  417.835125046  1.80313433461  0.043472882189
-1.11852621199  969  435  435.013749854  1.82143468943  0.0493408591175
-1.11852621199  969  452  452.373494897  1.755695422  0.0449932935552
-1.11852621199  969  470  469.889724534  1.83855494117  0.0510398351062
-1.11852621199  969  488  487.584031628  1.8266998869  0.0215177034567
-1.11852621199  970  506  505.651779627  1.8427340636  0.0104905380135
-1.11852621199  970  524  523.744627139  1.81365209096  0.0187217115933
-1.11852621199  970  542  542.011457647  1.83228387733  0.0561743478833
-1.11852621199  970  560  560.437734573  1.78755784602  -0.00136850614823
-1.11852621199  970  579  579.049016678  1.81120060523  -0.00729344805354
-1.11852621199  969  598  597.713542949  1.80347528922  0.00195401517454
-1.11852621199  969  617  616.712071623  1.79450471274  -0.0127178361922
-1.11852621199  969  636  635.961823617  1.86036376836  0.0291036331762
-1.11852621199  969  655  655.402289628  1.80278937084  0.0327083167961
-1.11852621199  969  675  675.040311111  1.8800025259  0.0625689766634
-1.11852621199  968  695  694.695668326  1.88818001876  0.0109516811499
-1.11852621199  968  715  714.754606274  1.93330198228  0.00985097614368
-1.11852621199  968  735  735.068208866  1.95086961292  0.0494217802638
-1.11852621199  967  755  755.403232114  1.93995338529  0.0482487399257
-1.11852621199  967  776  776.150793296  1.9649606983  0.0373856687534
-1.11852621199  966  797  796.96056791  2.01078657023  0.00621118563147
-1.11852621199  966  818  818.202706523  1.96848315043  0.00725727376649
-1.11852621199  965  839  839.463132329  1.95078303764  -0.00182364919485
-1.11852621199  965  861  861.078111248  1.87511511587  -0.0122692617747
-1.11852621199  964  883  882.8902275  1.98948360659  -0.0104291577669
-1.11852621199  963  905  904.923927321  2.03679434404  0.0101135299522
-1.11852621199  962  927  927.217678038  2.02256602433  0.0404292585644
-1.11852621199  961  950  949.767668795  2.06939265068  0.0175986749517
-1.11852621199  960  973  972.602191251  2.05112335348  0.00972513803032
-1.11852621199  959  996  995.70162753  2.11435170634  0.00829523582099
-1.11852621199  958  1019  1019.11404362  2.19863710908  0.0371165379255
-0.924486211986  954  8  8.22039903843  1.73884127275  0.0807507349474
-0.924486211986  955  22  21.7365708993  1.76642818578  0.0845610365338
-0.924486211986  956  35  35.3946439814  1.75539739395  0.0755818029122
-0.924486211986  956  49  48.9468737239  1.7136696041  0.076763982546
-0.924486211986  957  63  62.8299066676  1.70670442518  0.0760670905367
-0.924486211986  958  77  76.8580968932  1.69304011134  0.0766332895959
-0.924486211986  958  91  90.7718246732  1.6815922485  0.056759513332
-0.924486211986  959  105  105.076055778  1.6819026587  0.0749448979357
-0.924486211986  960  119  119.459726792  1.68265852486  0.0370771989831
-0.924486211986  960  134  133.789580905  1.74664795214  0.0540228353773
-0.924486211986  961  148  148.434931671  1.70002120818  0.0291880752055
-0.924486211986  961  163  163.006286405  1.76834368883  -0.050054867826
-0.924486211986  962  178  177.993040022  1.73478667063  0.0768761709087
-0.924486211986  963  193  193.036535984  1.75078353659  0.0662382015009
-0.924486211986  963  208  208.030571581  1.75305237318  0.0565830035322
-0.924486211986  964  223  223.374541314  1.70815416558  0.052614592005
-0.924486211986  964  239  238.639185081  1.73899935726  0.0290321455423
-0.924486211986  965  254  254.220608995  1.95296561761  0.0709225468793
-0.924486211986  965  270  269.869959848  1.70817389686  0.0502850853233
-0.924486211986  965  286  285.583019001  1.70103440788  0.0247289691745
-0.924486211986  966  302  301.668322258  1.69201649646  0.0449534522443
-0.924486211986  966  318  317.696366564  1.68988554124  0.0248331420904
-0.924486211986  967  334  334.0131141  1.91222682601  0.0542828967988
-0.924486211986  967  350  350.430356339  1.60967089773  0.0645390353658
-0.924486211986  967  367  366.94674279  1.7630389647  0.0659569322388
-0.924486211986  967  384  383.607004282  1.74407239315  0.0455462844808
-0.924486211986  968  401  400.624396396  1.75780166238  0.0248791529746
-0.924486211986  968  418  417.633641263  1.78399584892  0.0266723448459
-0.924486211986  968  435  434.81899425  1.81656316711  0.0326557741871
-0.924486211986  968  452  452.206177952  1.77929478554  0.063800775936
-0.924486211986  968  470  469.688904029  1.83319229077  0.0607537638578
-0.924486211986  969  488  487.584071276  1.82732655165  0.0213879167669
-0.924486211986  969  505  505.466566314  1.82188476703  0.0151280152821
-0.924486211986  969  524  523.558032318  1.82536554587  0.0127505662699
-0.924486211986  969  542  541.791096019  1.83149852714  0.010146865406
-0.924486211986  969  560  560.274946986  1.79455389815  0.00758717640386
-0.924486211986  969  579  578.857102314  1.80358563687  -0.0224763451484
-0.924486211986  969  598  597.713552413  1.8035063324  0.0021134890789
-0.924486211986  968  617  616.564843124  1.77245267325  0.00805763283944
-0.924486211986  968  636  635.777660718  1.84487381625  0.00558310646105
-0.924486211986  968  655  655.234232656  1.83761380728  0.0527326583675
-0.924486211986  968  675  674.848593528  1.87948387763  0.0165973920179
-0.924486211986  968  695  694.706090836  1.90584180429  0.0273289276928
-0.924486211986  967  715  714.581200719  1.87790314517  0.00939483419229
-0.924486211986  967  735  734.876565287  1.95269621403  0.0236968792543
-0.924486211986  966  755  755.243514015  1.95218340599  0.0467299603488
-0.924486211986  966  776  775.994303607  1.98850543026  0.0350117223904
-0.924486211986  965  797  796.776583943  1.98236973024  -0.0102789757841
-0.924486211986  965  818  818.037618486  1.9968565431  0.00675572307041
-0.924486211986  964  839  839.309737948  1.96988199524  -0.00356808254346
-0.924486211986  964  861  860.991009428  2.0019885761  -0.00715181638185
-0.924486211986  963  883  882.729104068  1.96211726145  -0.0278847558642
-0.924486211986  962  905  904.764270884  2.02664062606  -0.00703975559252
-0.924486211986  961  927  927.06575648  2.02879160207  0.0282291067756
-0.924486211986  960  950  949.642226986  2.02890339762  0.0280554261219
-0.924486211986  959  972  972.460534502  2.0298374303  0.0312756810495
-0.924486211986  958  996  995.55948017  2.09808738821  0.0241900515483
-0.924486211986  957  1019  1018.93362066  2.20461568393  0.00935434982354
-0.730446211986  953  8  7.99976870083  1.77848862109  0.0824728398401
-0.730446211986  954  22  21.5298515805  1.77061743207  0.0745400856542
-0.730446211986  955  35  35.1765606862  1.72519291941  0.0759020660463
-0.730446211986  955  49  48.7983956995  1.99353212173  0.0159266674455
-0.730446211986  956  63  62.6365234222  1.8039448705  0.0702471630879
-0.730446211986  957  77  76.6463098932  1.6726033698  0.0727095227105
-0.730446211986  957  91  90.5724454144  1.87320600902  -0.0596021469221
-0.730446211986  958  105  104.860997514  1.69878080265  0.0649294771448
-0.730446211986  959  119  119.262822082  1.67306718396  0.0564761120744
-0.730446211986  959  134  133.58089708  1.71962241967  0.0377757175816
-0.730446211986  960  148  148.259897775  1.68808347509  0.0538684344646
-0.730446211986  961  163  162.91255876  1.9712627754  0.0100767169816
-0.730446211986  961  178  177.758911974  1.74419378776  0.0571508048051
-0.730446211986  962  193  192.802833622  1.71712036294  -0.0265206239742
-0.730446211986  962  208  207.823982916  1.76860323986  0.0547396170218
-0.730446211986  963  223  223.167925141  1.75780641441  0.0326934550453
-0.730446211986  963  238  238.453109506  1.71847220588  0.036661689298
-0.730446211986  964  254  254.076151366  1.75484518318  0.0348592793673
-0.730446211986  964  270  269.671786734  1.72061757693  0.042385724743
-0.730446211986  964  285  285.399384845  1.68343159749  0.0313943787537
-0.730446211986  965  301  301.478099756  1.68144785918  0.0342199076389
-0.730446211986  965  318  317.515742736  1.66493253747  0.035637432804
-0.730446211986  966  334  333.911187989  1.71352352667  0.0638423438473
-0.730446211986  966  350  350.267423207  1.6527797827  0.0884277003441
-0.730446211986  966  367  366.743799977  1.74031819555  0.0308607176599
-0.730446211986  967  384  383.63200269  1.89234544048  0.154560446275
-0.730446211986  967  400  400.455999987  1.72811495927  0.0392484277582
-0.730446211986  967  417  417.463801068  1.75338841708  0.0399451278072
-0.730446211986  967  435  434.619254585  1.7713692057  0.0203646616473
-0.730446211986  967  452  452.013062068  1.79584657284  0.0586567127791
-0.730446211986  968  470  469.687811043  1.82720365875  0.0626663234033
-0.730446211986  968  487  487.415026753  1.81467489705  0.0261249047756
-0.730446211986  968  505  505.296020637  1.81771995458  0.00680874254053
-0.730446211986  968  523  523.389947059  1.82082903049  0.0154208657436
-0.730446211986  968  542  541.625976235  1.8322774188  0.000262369140463
-0.730446211986  968  560  560.095776103  1.82006826694  0.00233646369136
-0.730446211986  968  579  578.691942897  1.77549630282  -0.0240448008539
-0.730446211986  968  598  597.549630808  1.8027328796  0.00672652931421
-0.730446211986  968  617  616.563844803  1.62567911877  0.107209937189
-0.730446211986  967  636  635.624411428  1.82195706699  0.0193069989608
-0.730446211986  967  655  655.060209368  1.86688907576  0.039238567964
-0.730446211986  967  675  674.671239908  1.86021139123  0.0142715230835
-0.730446211986  967  695  694.5336151  1.84424450928  0.0297739388161
-0.730446211986  966  714  714.447222405  1.85632059461  0.0346662135046
-0.730446211986  966  735  734.72331533  1.93109503315  0.0330238564652
-0.730446211986  966  755  755.138012763  1.81625403911  0.0374403358784
-0.730446211986  965  776  775.830339214  1.99247853008  0.0286721801138
-0.730446211986  965  797  796.743514386  1.82084104465  0.0404910776581
-0.730446211986  964  818  817.864564097  2.01475523461  -0.00424568703036
-0.730446211986  963  839  839.160155155  1.99412250945  -0.00334966291695
-0.730446211986  963  861  860.813203833  1.97455572491  -0.0284361418313
-0.730446211986  962  883  882.61183206  1.95022547993  -0.0130750203542
-0.730446211986  961  905  904.61650791  1.97285934789  -0.00402745081696
-0.730446211986  960  927  926.899912625  2.02584990502  0.0095340884811
-0.730446211986  959  949  949.496808572  2.03673516221  0.0282061310927
-0.730446211986  958  972  972.342745664  1.88916401984  -0.0101676169331
-0.730446211986  957  995  995.435619997  2.11226623035  0.0269312905812
-0.730446211986  956  1019  1018.79540609  2.18590173695  0.000490045012724
-0.536406211986  952  8  7.78459283368  1.79143664551  0.0774919897015
-0.536406211986  953  21  21.3203453432  1.77534246737  0.062959638754
-0.536406211986  954  35  34.9632283279  1.74496611324  0.0738685539606
-0.536406211986  955  49  48.6074252127  1.81122760106  0.0511380576901
-0.536406211986  955  62  62.4138012349  1.6617773338  0.0751619504188
-0.536406211986  956  76  76.4447610993  1.63495769007  0.0676764301716
-0.536406211986  957  91  90.5864869396  1.80654654893  0.167693651354
-0.536406211986  957  105  104.638260165  1.66969377724  0.0432266664651
-0.536406211986  958  119  119.057379969  1.70437597191  0.0681311114164
-0.536406211986  958  133  133.381549216  1.68394787083  0.0465125302868
-0.536406211986  959  148  148.053538677  1.71554772814  0.0700489824223
-0.536406211986  960  163  162.828015601  1.7520536586  0.0460885454867
-0.536406211986  960  178  177.55422663  1.74709271669  0.0339990111869
-0.536406211986  961  193  192.600338618  1.70649397466  -0.00413440538894
-0.536406211986  961  208  207.633618896  1.7530239473  0.0392912508998
-0.536406211986  962  223  222.965359075  1.76826194472  0.0350957860199
-0.536406211986  962  238  238.269843581  1.71157395064  0.0430407670787
-0.536406211986  963  254  253.885597092  1.75814207992  0.0444532016005
-0.536406211986  963  269  269.482830557  1.7027854325  0.0320492139684
-0.536406211986  964  285  285.380353093  1.91633936939  0.101532256831
-0.536406211986  964  301  301.299132642  1.69913887406  0.0541848730863
-0.536406211986  964  317  317.339379788  1.6648404674  0.0447487776433
-0.536406211986  965  334  333.701162408  1.70009287002  0.0396955640321
-0.536406211986  965  350  350.075477619  1.70559421044  0.085396845846
-0.536406211986  965  367  366.571422767  1.70339158791  0.0427166249602
-0.536406211986  966  383  383.427570586  1.72767258935  0.0468518996139
-0.536406211986  966  400  400.288151231  1.73412459585  0.0611876186212
-0.536406211986  966  417  417.294791917  1.76247978733  0.0536599553795
-0.536406211986  966  434  434.445790204  1.76374452552  0.0288468909871
-0.536406211986  966  452  451.815653218  1.79396574341  0.0521404687435
-0.536406211986  967  470  469.515383638  1.82153344963  0.0314843413014
-0.536406211986  967  487  487.247529665  1.8130281975  0.0316225873585
-0.536406211986  967  505  505.12002882  1.83202929514  0.00663535062127
-0.536406211986  967  523  523.202364113  1.82038181083  0.00991325626523
-0.536406211986  967  541  541.454768114  1.81312950708  0.00700895931269
-0.536406211986  967  560  559.90964106  1.81086400985  -0.000230920717761
-0.536406211986  967  579  578.529433792  1.74169581629  -0.0099046974594
-0.536406211986  967  597  597.386714738  1.79618607883  0.017452802175
-0.536406211986  967  616  616.404704036  1.76316248167  0.0261841360376
-0.536406211986  966  635  635.4820423  1.80107681915  0.0302034011463
-0.536406211986  966  655  654.873391073  1.87219798552  0.0137719165508
-0.536406211986  966  675  674.509322111  1.84823710287  0.0176887679449
-0.536406211986  966  694  694.386833956  1.8522438749  0.0474866811233
-0.536406211986  965  714  714.29004221  1.87678118601  0.0478747867778
-0.536406211986  965  735  734.572848167  1.90047659351  0.0393127598956
-0.536406211986  965  755  755.072384037  1.9874017552  0.0399238005218
-0.536406211986  964  776  775.658549957  1.98642978653  0.0137514680149
-0.536406211986  964  797  796.63445858  1.94576174535  0.00378561009316
-0.536406211986  963  818  817.718022329  1.99509257992  0.0058861598538
-0.536406211986  962  839  839.005449129  2.00209749071  -0.0150783731289
-0.536406211986  962  861  860.671614486  1.93045563194  -0.0247786732972
-0.536406211986  961  882  882.464372888  1.92233491476  -0.00383197041243
-0.536406211986  960  904  904.4962497  1.96477261965  0.0231895465481
-0.536406211986  959  927  926.729668335  2.02160998547  -0.0151913051353
-0.536406211986  959  949  949.426734516  1.94696425902  0.0453301523866
-0.536406211986  958  972  972.254627851  1.93329133909  0.039423239183
-0.536406211986  957  995  995.362824201  2.02875036496  0.0363920848712
-0.536406211986  955  1019  1018.64426016  2.13676202124  -0.0101453198551
-0.342366211986  951  8  7.58123021305  2.03525068564  -0.0424766720976
-0.342366211986  952  21  21.1074021568  1.73958850427  0.0685186501216
-0.342366211986  953  35  34.745537142  1.7470420024  0.0784241335672
-0.342366211986  954  49  48.5172770839  1.66119723239  0.0889309641635
-0.342366211986  954  62  62.2168508166  1.67283097291  0.092699083269
-0.342366211986  955  76  76.2675867555  1.64303743422  0.104254652769
-0.342366211986  956  90  90.3933547757  1.53450523605  0.121339268593
-0.342366211986  956  104  104.444816187  1.62793513136  0.0612911693943
-0.342366211986  957  119  118.834276257  1.70059941561  0.0517802582887
-0.342366211986  957  133  133.303068451  1.83496085598  0.0612035415655
-0.342366211986  958  148  147.848918732  1.74134996417  0.0648294384246
-0.342366211986  959  163  162.620384106  1.723880083  0.0361443648093
-0.342366211986  959  177  177.354066472  1.74353436289  0.0292247084473
-0.342366211986  960  192  192.418344537  1.71970432308  0.0263925156962
-0.342366211986  960  207  207.426454491  1.74096604478  0.0234702044649
-0.342366211986  961  223  222.766785226  1.73893542176  0.0381914954125
-0.342366211986  961  238  238.078398565  1.74008335323  0.0506744572155
-0.342366211986  962  254  253.694897682  1.74660370665  0.040811183803
-0.342366211986  962  269  269.292914379  1.71915024778  0.0367555807759
-0.342366211986  963  285  285.200533652  1.71472807421  0.0268447865887
-0.342366211986  963  301  301.10334598  1.7119067548  0.0425657073921
-0.342366211986  963  317  317.149696497  1.68223479102  0.0459181623783
-0.342366211986  964  334  333.522581355  1.67944177781  0.0352965775916
-0.342366211986  964  350  349.874897862  1.71280916952  0.0569881527739
-0.342366211986  964  366  366.399159151  1.67161575289  0.0577975089909
-0.342366211986  965  383  383.256060121  1.72642688371  0.0585670843522
-0.342366211986  965  400  400.102862411  1.78817171894  0.0711304694792
-0.342366211986  965  417  417.099212634  1.77807880875  0.0531760048895
-0.342366211986  965  434  434.284324751  1.74906771266  0.0462493923886
-0.342366211986  966  452  451.815165948  1.79177022718  0.0544295709999
-0.342366211986  966  469  469.348425334  1.82433890607  0.0372405134674
-0.342366211986  966  487  487.067176406  1.84166152544  0.0313817588269
-0.342366211986  966  505  504.937294914  1.85034047457  0.0159712415359
-0.342366211986  966  523  523.028908004  1.84589799129  0.00249506899164
-0.342366211986  966  541  541.275677694  1.82339128534  -0.00433128834668
-0.342366211986  966  560  559.734867634  1.80667411678  -0.00710701176983
-0.342366211986  966  578  578.378712698  1.74961370133  0.00207001809664
-0.342366211986  966  597  597.233042529  1.81522036568  0.0188847992589
-0.342366211986  966  616  616.260330421  1.78670827672  0.0367111384378
-0.342366211986  966  635  635.380639242  1.72722054426  0.0222128940634
-0.342366211986  965  655  654.713758542  1.85693754731  0.0169737637999
-0.342366211986  965  674  674.366310096  1.83355424863  0.037380304711
-0.342366211986  965  694  694.229002186  1.857905255  0.0523892222026
-0.342366211986  964  714  714.134981015  1.91676779742  0.0479590908223
-0.342366211986  964  734  734.422884427  1.87613234799  0.0393977788197
-0.342366211986  964  755  754.911797467  1.97972004761  0.0288585343011
-0.342366211986  963  776  775.506503679  1.96635695799  0.0252562766619
-0.342366211986  963  796  796.487972151  1.93470676983  0.0107294181838
-0.342366211986  962  818  817.570144505  1.97041314437  0.0121369097157
-0.342366211986  962  839  838.915012389  1.812404585  -0.0186995468091
-0.342366211986  961  861  860.53277097  1.93911737464  -0.00843698148486
-0.342366211986  960  882  882.328792941  1.95650519599  0.0181712879566
-0.342366211986  959  904  904.37455915  1.97878269555  0.0457700438346
-0.342366211986  958  927  926.670887504  1.91994583505  -0.00261992872973
-0.342366211986  958  949  949.371735106  2.04148827112  0.0580371425559
-0.342366211986  957  972  972.195520327  2.04463967124  0.0431017216971
-0.342366211986  956  995  995.315984584  0.0246868250063  0.106859887263
-0.342366211986  954  1019  1018.59153931  2.04354567332  0.00772781119769
-0.148326211986  950  7  7.45354393093  1.86311918007  0.0495869361439
-0.148326211986  951  21  20.887480271  1.7461650314  0.0715198922093
-0.148326211986  952  35  34.5359093686  1.73606421376  0.0671617247935
-0.148326211986  953  48  48.3261180087  1.66105525339  0.0892929494714
-0.148326211986  953  62  62.0067902511  1.68547690969  0.089842477289
-0.148326211986  954  76  76.0536535878  1.68362556532  0.0948527993434
-0.148326211986  955  90  90.1980398952  1.61300192757  0.101478214975
-0.148326211986  955  104  104.265625638  1.64066446877  0.0885848118718
-0.148326211986  956  119  118.629361779  1.69213285069  0.037504248045
-0.148326211986  957  133  133.204700869  1.66299224476  0.125490737484
-0.148326211986  957  148  147.629636855  1.73322364528  0.0496448875427
-0.148326211986  958  162  162.426366876  1.71548678348  0.0327076189778
-0.148326211986  958  177  177.170096881  1.72038123453  0.0429844043087
-0.148326211986  959  192  192.227337905  1.72707033609  0.0484772500409
-0.148326211986  959  207  207.235925587  1.73361078738  0.033033887491
-0.148326211986  960  223  222.557753413  1.745939374  0.0233068206847
-0.148326211986  960  238  237.890325715  1.75414172543  0.0603405808448
-0.148326211986  961  254  253.514226243  1.73682830166  0.0300275377442
-0.148326211986  961  269  269.081147625  1.72484626268  0.0232024035041
-0.148326211986  962  285  285.008130792  1.71443777826  0.025795113671
-0.148326211986  962  301  300.899729196  1.70473069764  0.0249800222276
-0.148326211986  962  317  316.923421207  1.68676341638  -0.0292673123492
-0.148326211986  963  333  333.343173904  1.67168146275  0.0606006905115
-0.148326211986  963  350  349.678957441  1.71331803423  0.0369722957077
-0.148326211986  963  366  366.229782253  1.69699433033  0.0868052046089
-0.148326211986  964  383  383.079586503  1.76234820556  0.0683719771739
-0.148326211986  964  400  399.913139688  1.79456305397  0.0639059615712
-0.148326211986  964  417  416.915058216  1.78172116727  0.0462949191322
-0.148326211986  964  434  434.111001158  1.79106953683  0.0572375104508
-0.148326211986  965  452  451.634370471  1.78272268085  0.0401927763425
-0.148326211986  965  469  469.166565368  1.83372414852  0.0403975453123
-0.148326211986  965  487  486.872557403  1.80907770669  0.0248652258026
-0.148326211986  965  505  504.744402819  1.82550080492  -0.00221314111999
-0.148326211986  965  523  522.836521062  1.82323469911  -0.00650977213195
-0.148326211986  965  541  541.095396417  1.82377813846  -0.0149402036241
-0.148326211986  965  560  559.564449064  1.79751553313  -0.0104572677812
-0.148326211986  965  578  578.220094782  1.80398921084  0.00864027607657
-0.148326211986  965  597  597.033335406  1.83048848004  -0.00457150373557
-0.148326211986  965  616  616.067251478  1.80521597447  0.0115169482451
-0.148326211986  965  635  635.316599523  1.81614065493  0.0324603096981
-0.148326211986  964  655  654.55373373  1.8268254097  0.0121106011348
-0.148326211986  964  674  674.223962692  1.86290994244  0.0411038573657
-0.148326211986  964  694  694.07469315  1.90133295163  0.04952857145
-0.148326211986  964  714  714.14369308  1.91463452805  0.0549680886022
-0.148326211986  963  734  734.280962605  1.90074214987  0.0610518896086
-0.148326211986  963  755  754.735162141  1.9456277364  0.00967001021189
-0.148326211986  962  775  775.384053918  1.96934017307  0.04595374671
-0.148326211986  962  796  796.34800243  1.96310144763  0.0245077448078
-0.148326211986  961  817  817.421646956  1.97973599417  0.0174469228755
-0.148326211986  961  839  838.82530393  1.96479345841  -0.0317509485796
-0.148326211986  960  860  860.388569519  1.92921221033  -0.0056433171991
-0.148326211986  959  882  882.175207996  1.99112952353  0.0123081199779
-0.148326211986  958  904  904.209812193  2.02329382171  0.00476469463325
-0.148326211986  958  927  926.60666876  2.00430524419  0.00502642283218
-0.148326211986  957  949  949.208894503  2.04417125873  0.0465755512377
-0.148326211986  956  972  972.062087377  2.08755282132  0.0470385202724
-0.148326211986  955  995  995.144661805  2.15003596802  0.0291888654093
-0.148326211986  954  1019  1018.52175916  2.00537493286  0.0772358548844
0.0457137880136  950  7  7.3671808481  1.68844328658  0.10613651372
0.0457137880136  950  21  20.6829083919  1.75810745121  0.0698169833813
0.0457137880136  951  34  34.328222438  1.70149371507  0.0653930090153
0.0457137880136  952  48  48.1289682998  1.68920509185  0.0956652088011
0.0457137880136  952  62  61.7904529381  1.64697973467  0.0475662491212
0.0457137880136  953  76  75.826635272  1.68452626403  0.0819638188149
0.0457137880136  954  90  89.997905573  1.65994112347  0.101946300842
0.0457137880136  954  104  104.059077005  1.67316123983  0.0835085654731
0.0457137880136  955  118  118.438599876  1.64615403606  0.0431975331283
0.0457137880136  956  133  132.981222774  1.71819758522  0.0570959726966
0.0457137880136  956  147  147.436822928  1.72285451651  0.0403560310964
0.0457137880136  957  162  162.239615938  1.71254411621  0.0539965987405
0.0457137880136  957  177  176.961037922  1.74319466819  0.0455163823487
0.0457137880136  958  192  192.047203272  1.75171070221  0.0618139218668
0.0457137880136  958  207  207.034207059  1.74892759536  0.0340107251902
0.0457137880136  959  222  222.379231247  1.71502915126  0.027383017528
0.0457137880136  959  238  237.689891234  1.75563690298  0.0387251933917
0.0457137880136  960  253  253.315474215  1.73109198239  0.0260853513776
0.0457137880136  960  269  268.880476579  1.73216267832  0.0197065456164
0.0457137880136  961  285  284.810600039  1.68127267095  0.0127074300224
0.0457137880136  961  301  300.699581521  1.69104597993  0.0220368304349
0.0457137880136  962  317  316.975723463  1.71449933573  0.11913751573
0.0457137880136  962  333  333.167676023  1.70970942263  0.062456304206
0.0457137880136  962  349  349.502299924  1.68795422982  0.0377732011373
0.0457137880136  963  366  366.253486936  1.65954172601  0.154772587725
0.0457137880136  963  383  382.887780818  1.76978776045  0.0592884415338
0.0457137880136  963  400  399.71853447  1.77098463048  0.0462460204721
0.0457137880136  963  417  416.724568077  1.76868209289  0.0414740843521
0.0457137880136  963  434  434.024247229  2.00368181814  0.0459073135684
0.0457137880136  964  451  451.469628185  1.79449499164  0.0313044603791
0.0457137880136  964  469  468.988853435  1.84439315845  0.029812856758
0.0457137880136  964  487  486.687974154  1.81303006861  0.0131734005752
0.0457137880136  964  505  504.588448564  1.79031220508  0.003232484418
0.0457137880136  964  523  522.668778642  1.80584069935  -0.00841349847141
0.0457137880136  964  541  540.913766463  1.81704545107  -0.0297236827372
0.0457137880136  964  559  559.402499757  1.81229166941  -0.00547108996472
0.0457137880136  964  578  578.047112049  1.81855318407  -0.00615533766915
0.0457137880136  964  597  596.852797025  1.82049961875  -0.0218149899858
0.0457137880136  964  616  615.903538811  1.82013391614  0.00396876763195
0.0457137880136  964  635  635.137957321  1.85596203829  0.0255858961979
0.0457137880136  963  654  654.417973  1.80244268125  0.0343640796117
0.0457137880136  963  674  674.049338957  1.8784955383  0.0317433828301
0.0457137880136  963  694  693.908493455  1.92927778864  0.0304777374461
0.0457137880136  963  714  713.969674215  1.91959982127  0.0428592363895
0.0457137880136  962  734  734.129121599  1.94062104856  0.0569208317077
0.0457137880136  962  755  754.591255933  1.92075379742  0.0118724858323
0.0457137880136  961  775  775.232043013  1.98463601563  0.0444539275671
0.0457137880136  961  796  796.198100699  1.96953734308  0.0170327089672
0.0457137880136  960  817  817.269519464  2.00929924827  0.0105674399107
0.0457137880136  960  839  838.685435302  1.94990094675  -0.0331364139373
0.0457137880136  959  860  860.253799021  1.96870210597  0.000372988080613
0.0457137880136  958  882  882.020390971  2.0052298766  -0.00274710100248
0.0457137880136  958  904  904.123269515  1.89037334883  0.0210004518974
0.0457137880136  957  926  926.47230066  1.9673021843  0.00711338354254
0.0457137880136  956  949  949.073703353  2.10888774813  0.042624153425
0.0457137880136  955  972  971.901399958  2.09214341874  0.0243286798737
0.0457137880136  954  995  994.998931178  2.14361524118  0.0232774052166
0.0457137880136  953  1018  1018.39557305  2.09769404537  0.0196043788228
0.239753788014  949  7  7.15429563566  1.74290498041  0.0908806994078
0.239753788014  949  20  20.4671395641  1.71891414968  0.0473218063014
0.239753788014  950  34  34.1412249069  1.71110217022  0.0886841254841
0.239753788014  951  48  47.9074921744  1.7088585137  0.0888468976425
0.239753788014  951  62  61.6157593699  1.91799336223  -0.024429376892
0.239753788014  952  76  75.6235894402  1.66316302535  0.0680992055079
0.239753788014  953  90  89.7783497115  1.67761427297  0.0772471069529
0.239753788014  953  104  103.820280792  1.64908527791  0.0193886147172
0.239753788014  954  118  118.263810158  1.65197059052  0.0756192945518
0.239753788014  955  133  132.768230732  1.71346942054  0.0466809999974
0.239753788014  955  147  147.244071122  1.71725255714  0.0450383555388
0.239753788014  956  162  162.049825838  1.72925371155  0.0610033303635
0.239753788014  956  177  176.744777828  1.69082119628  0.00334472841062
0.239753788014  957  192  191.82164568  1.76084173574  0.041778378142
0.239753788014  957  207  206.929124704  1.99120172234  0.0184436673098
0.239753788014  958  222  222.200811198  1.7267139694  0.0314411202853
0.239753788014  958  237  237.483073343  1.9274502111  -0.078849873234
0.239753788014  959  253  253.12384908  1.72889698583  0.030440875267
0.239753788014  959  269  268.691802105  1.69219656466  0.0209607139471
0.239753788014  960  285  284.620679204  1.66874922968  0.0137697638683
0.239753788014  960  301  300.522586557  1.65141029923  0.019277281321
0.239753788014  961  317  316.744313162  1.67390485935  0.0185887642194
0.239753788014  961  333  332.958175831  1.71731187678  0.0423633760635
0.239753788014  961  349  349.342757843  1.66939530907  0.0642363856222
0.239753788014  962  366  366.043659328  1.73575384146  0.0877352283655
0.239753788014  962  383  382.695041237  1.75376184217  0.0408847438562
0.239753788014  962  400  399.542167555  1.77390702772  0.0377671903848
0.239753788014  962  417  416.552781964  1.75971633405  0.0301316345144
0.239753788014  963  434  433.92358139  1.80588080039  0.0558118203591
0.239753788014  963  451  451.297687303  1.7904780402  0.0442199022661
0.239753788014  963  469  468.794226896  1.80304932171  0.0145287559355
0.239753788014  963  487  486.522134986  1.79964641575  0.0145248574662
0.239753788014  963  504  504.427611374  1.79587661323  0.00200393535079
0.239753788014  963  523  522.51268552  1.80175021592  0.00250712359568
0.239753788014  963  541  540.749816062  1.79291771623  -0.0321175723041
0.239753788014  963  559  559.23012804  1.83838653585  -0.0171131372824
0.239753788014  963  578  577.857674251  1.80013458994  -0.0285306948984
0.239753788014  963  597  596.69174441  1.78839020833  -0.0257611055713
0.239753788014  963  616  615.735286978  1.81468403723  0.00374370329619
0.239753788014  963  635  634.959861698  1.86232396013  0.00747756256676
0.239753788014  963  654  654.417825055  1.80473274997  0.0332790947975
0.239753788014  962  674  673.882024423  1.88900511888  0.0224688646265
0.239753788014  962  694  693.73607833  1.89622800616  0.0236921453764
0.239753788014  962  714  713.8027105  1.9052527381  0.0282541384144
0.239753788014  961  734  733.946082083  1.93592448987  0.0372688751279
0.239753788014  961  754  754.447926109  1.87986145194  0.0136103346584
0.239753788014  960  775  775.063122318  2.00000477157  0.0227290838539
0.239753788014  960  796  796.047391606  1.98814472886  0.0132394451301
0.239753788014  959  817  817.09634996  2.02288302272  -0.00712369026688
0.239753788014  959  839  838.549508671  1.94024622755  -0.0295354430333
0.239753788014  958  860  860.105765159  1.9709970748  -0.00861693328908
0.239753788014  957  882  881.872567987  1.99005535443  -0.0163713746625
0.239753788014  957  904  904.054749518  2.01869377506  0.0175934618022
0.239753788014  956  926  926.357069688  1.98038814982  0.0306358868678
0.239753788014  955  949  948.904564006  2.07995772407  0.0128683350938
0.239753788014  954  972  971.758449712  2.07706362927  0.016586242832
0.239753788014  953  995  994.861387081  2.13073450991  0.0131287592128
0.239753788014  952  1018  1018.26139879  2.0791885041  0.0152133135186
0.433793788014  948  7  6.94126063896  1.76788473834  0.081960245181
0.433793788014  948  20  20.2363039475  1.81236551746  -0.0628319686519
0.433793788014  949  34  33.9155964797  1.68504736776  0.0915055093307
0.433793788014  950  48  47.7023861063  1.71808227666  0.077462384318
0.433793788014  951  62  61.6223559895  1.88384118284  0.191078225565
0.433793788014  951  75  75.4221721838  1.65799879776  0.0722729717335
0.433793788014  952  90  89.5747907393  1.65585898396  0.0634555044477
0.433793788014  953  104  103.677063307  1.82504730902  0.00187503807626
0.433793788014  953  118  118.056207648  1.68676078841  0.0760087844463
0.433793788014  954  133  132.564747878  1.69947327456  0.029880878927
0.433793788014  954  147  147.046251854  1.72653087844  0.0583570477638
0.433793788014  955  162  161.833358554  1.7497121552  0.0498306555424
0.433793788014  956  177  176.65247344  1.82464287225  0.015609488942
0.433793788014  956  192  191.629399208  1.76984596583  0.0356040705682
0.433793788014  957  207  206.878700324  1.77902956369  0.147726011179
0.433793788014  957  222  222.000703297  1.76477793936  0.0489283893541
0.433793788014  958  237  237.493803358  1.72288976547  0.0348968907104
0.433793788014  958  253  252.929989112  1.74171856083  0.0286782356861
0.433793788014  958  269  268.510355993  1.68807090148  0.0150694119385
0.433793788014  959  284  284.451526543  1.66209663914  0.0226102512235
0.433793788014  959  300  300.357801667  1.67241008585  0.0438387640073
0.433793788014  960  317  316.571488411  1.65872737944  0.0209258129473
0.433793788014  960  333  332.761933709  1.71923454234  0.027501883395
0.433793788014  960  349  349.167637114  1.70980422028  0.0722851516378
0.433793788014  961  366  365.834123597  1.75145502526  0.0538623935654
0.433793788014  961  383  382.518639733  1.71114857083  0.0389837532675
0.433793788014  961  399  399.370700028  1.7719995047  0.0419717507449
0.433793788014  961  416  416.396942133  1.74651907102  0.047313377372
0.433793788014  962  434  433.739219238  1.81617559113  0.0326280446823
0.433793788014  962  451  451.120472579  1.80979833639  0.0454515074784
0.433793788014  962  469  468.634348901  1.80015409883  0.0150591712532
0.433793788014  962  486  486.379005691  1.80204116682  0.0310187348663
0.433793788014  962  504  504.268899476  1.82731935758  0.014058167798
0.433793788014  962  522  522.34384932  1.82571654671  0.00198037087117
0.433793788014  962  541  540.606436835  1.80027327925  -0.021992849535
0.433793788014  962  559  559.056907234  1.84561953072  -0.0331753373753
0.433793788014  962  578  577.707912776  1.78933590312  -0.023625577923
0.433793788014  962  597  596.542353716  1.76822994478  -0.0150400287664
0.433793788014  962  616  615.579152316  1.78197055509  0.0135572033143
0.433793788014  962  635  634.802758899  1.84203784238  0.0026361346095
0.433793788014  962  654  654.277765999  1.83373441367  0.0511826356525
0.433793788014  961  674  673.714463874  1.88346581044  0.00805787260846
0.433793788014  961  694  693.596352892  1.87760233708  0.0321201916942
0.433793788014  961  714  713.644908062  1.89144982703  0.0253961230122
0.433793788014  960  734  733.793175947  1.93286764767  0.0290346702119
0.433793788014  960  754  754.350637226  2.00102482234  -0.0206602952073
0.433793788014  960  775  774.991643657  1.85133241401  0.0377828779742
0.433793788014  959  796  795.878383911  1.99242450139  -0.0014399604992
0.433793788014  958  817  816.927397737  2.00801538448  -0.0682944078735
0.433793788014  958  838  838.418638278  1.94122355931  -0.0225337694792
0.433793788014  957  860  859.937389604  1.99778791314  -0.0270895770239
0.433793788014  956  882  881.725639019  1.92136791865  -0.0791998437563
0.433793788014  956  904  903.894202613  2.01491772827  -0.00236520515728
0.433793788014  955  926  926.229614122  1.99354157794  0.0448746523783
0.433793788014  954  949  948.75248278  2.05621710808  -0.0024557053579
0.433793788014  953  972  971.613585694  2.06719895569  0.00886980865981
0.433793788014  952  995  994.725457127  2.12271933638  0.00250652347402
0.433793788014  951  1018  1018.1431927  2.12935049611  0.0305237185815
0.627833788014  947  7  6.72820367464  1.75516830343  0.0695054568502
0.627833788014  947  20  20.1991552911  1.89535103098  0.0798199981076
0.627833788014  948  34  33.7287982652  1.76679697941  0.101646296072
0.627833788014  949  47  47.5004388947  1.73674313112  0.07791232135
0.627833788014  950  61  61.3960458649  1.65327304249  0.0924652254709
0.627833788014  950  75  75.2267259956  1.65697667283  0.0764231208178
0.627833788014  951  89  89.3701013793  1.63345636766  0.0613532720166
0.627833788014  952  104  103.646583568  1.74060873104  0.0317634231889
0.627833788014  952  118  117.853961771  1.70439618598  0.0684021242225
0.627833788014  953  132  132.372159507  1.67447661803  0.0308169223459
0.627833788014  953  147  146.844755052  1.7280650335  0.0578675647981
0.627833788014  954  162  161.643710014  1.75606008036  0.0442723586515
0.627833788014  955  177  176.592629314  1.85963493927  0.141773958455
0.627833788014  955  191  191.437955818  1.74655496202  0.0283730433733
0.627833788014  956  207  206.643277722  1.74294583188  0.0238320942528
0.627833788014  956  222  221.806829416  1.76331148666  0.0382663812961
0.627833788014  957  237  237.30329037  1.73991470657  0.0204201799136
0.627833788014  957  253  252.72941245  1.7203638467  0.0199227403381
0.627833788014  958  269  268.518225666  1.85917817907  0.102542570853
0.627833788014  958  284  284.277078859  1.67053291542  0.0228553146638
0.627833788014  958  300  300.183064308  1.69222312006  0.0452124645748
0.627833788014  959  316  316.396174944  1.63083361464  0.027597564992
0.627833788014  959  333  332.575924085  1.6814773639  0.0153690267813
0.627833788014  959  349  348.955705613  1.71961007207  0.0464278827533
0.627833788014  960  366  365.66591513  1.72942758264  0.045574479321
0.627833788014  960  382  382.353425045  1.70252568896  0.0530521374339
0.627833788014  960  399  399.197910633  1.7672325037  0.0495306481565
0.627833788014  960  416  416.321774505  1.85515282649  0.056400964444
0.627833788014  961  434  433.562157474  1.79578712953  0.0325600505073
0.627833788014  961  451  450.934460273  1.82126668005  0.0344454044203
0.627833788014  961  468  468.464304753  1.79744715128  0.0228392945446
0.627833788014  961  486  486.209352308  1.81214070204  0.0401017477611
0.627833788014  961  504  504.108197144  1.82742796305  0.0201877606012
0.627833788014  961  522  522.191177809  1.84323075291  0.010870078297
0.627833788014  961  540  540.447529251  1.78780436289  -0.0106332496307
0.627833788014  961  559  558.884402537  1.81036025807  -0.0433896270784
0.627833788014  961  578  577.545259553  1.77010496524  -0.0213641774692
0.627833788014  961  596  596.407204775  1.77187858641  0.0055731202961
0.627833788014  961  615  615.44019521  1.80488723796  0.0295757357013
0.627833788014  961  635  634.638012517  1.82014018309  -0.00158883580304
0.627833788014  961  654  654.103718534  1.84574789047  0.0382300624106
0.627833788014  960  674  673.588665432  1.87151025683  0.0303558748043
0.627833788014  960  693  693.457108136  1.85552023479  0.0457475046672
0.627833788014  960  714  713.509337527  1.88671153099  0.0304713427777
0.627833788014  959  734  733.635836254  1.9189754833  0.0244051861545
0.627833788014  959  754  754.180385974  1.94290652682  0.0461595164033
0.627833788014  959  775  774.895646694  1.98948986813  0.010549161037
0.627833788014  958  796  795.736632516  1.97914193308  -0.00582111389282
0.627833788014  958  817  816.877477012  1.85337865301  -0.0157589258335
0.627833788014  957  838  838.278584934  1.9550081834  -0.0248082276893
0.627833788014  956  860  859.816812425  1.96308851049  -0.022597749426
0.627833788014  956  882  881.706952015  1.80504884939  0.0254707817425
0.627833788014  955  904  903.777091955  1.98364371213  0.00831056293295
0.627833788014  954  926  926.08091329  2.01889395255  0.0270708308732
0.627833788014  953  949  948.642248496  2.01994301119  0.0123523683043
0.627833788014  952  972  971.49914006  2.05650620862  0.0242942604596
0.627833788014  951  995  994.602985476  2.08550475553  0.0115630604667
0.627833788014  950  1018  1018.03252603  2.12383946739  0.0329185735114
0.821873788014  946  7  6.52415178186  1.75092319844  0.0582992105557
0.821873788014  947  20  20.1180011715  1.70193907578  0.185637473662
0.821873788014  947  34  33.5130805737  1.76164252488  0.0651615553725
0.821873788014  948  47  47.2880184642  1.73517641462  0.0546879805482
0.821873788014  949  61  61.203608575  1.68221515615  0.0685036651587
0.821873788014  949  75  75.0255160671  1.68601010328  0.0732073254283
0.821873788014  950  89  89.1830211773  1.67393445143  0.0683126968695
0.821873788014  951  103  103.449747293  1.64404747606  0.0626279320195
0.821873788014  951  118  117.650385397  1.69916185813  0.0520541764426
0.821873788014  952  132  132.193543583  1.68925983584  0.06106834461
0.821873788014  952  147  146.676098801  1.92130835432  -0.0290602181962
0.821873788014  953  161  161.441387448  1.74172418269  0.0245079948017
0.821873788014  954  176  176.393546305  1.70544290127  0.0423929088908
0.821873788014  954  191  191.255810268  1.74112573196  0.0260398429156
0.821873788014  955  206  206.478568268  1.73141474332  0.0358566103771
0.821873788014  955  222  221.611200496  1.76548581524  0.0272618422208
0.821873788014  956  237  237.11563045  1.73801972023  0.0164020309889
0.821873788014  956  253  252.557763211  1.72451224515  0.0220650527863
0.821873788014  957  268  268.355930037  1.69536149269  0.035313191092
0.821873788014  957  284  284.084313802  1.69450225052  0.0218292827381
0.821873788014  957  300  299.980009881  1.7223543095  0.0198757553248
0.821873788014  958  316  316.241571725  1.63104800706  0.049563092957
0.821873788014  958  332  332.427854169  1.64194486092  0.0397016819971
0.821873788014  958  349  348.840213832  1.90107870928  -0.000259341844138
0.821873788014  959  365  365.485825794  1.72118005346  0.0407566449812
0.821873788014  959  382  382.190172788  1.73629290627  0.0696105229583
0.821873788014  959  399  399.01566458  1.78260826089  0.0415916877713
0.821873788014  960  416  416.229127768  1.75891103019  0.0582533583672
0.821873788014  960  433  433.412530652  1.79624638036  0.0464643107568
0.821873788014  960  451  450.754726366  1.81781123936  0.0251438726589
0.821873788014  960  468  468.315130264  1.80677124801  0.0328102261533
0.821873788014  960  486  486.04959314  1.85030743614  0.03931884478
0.821873788014  960  504  503.937056815  1.8462697746  0.0140401717948
0.821873788014  960  522  522.012351388  1.86311530901  -0.00357341162505
0.821873788014  960  540  540.302291409  1.80820544777  -0.00665057495554
0.821873788014  960  559  558.730741257  1.78154496648  -0.0394816968019
0.821873788014  960  577  577.407649752  1.79613669164  -0.00277357112205
0.821873788014  960  596  596.254829409  1.80409879076  0.00531910060194
0.821873788014  960  615  615.290128542  1.81128958162  0.0209138067916
0.821873788014  960  634  634.495908387  1.81069001065  0.00456375303646
0.821873788014  960  654  653.948142373  1.87638242332  0.0269584886474
0.821873788014  960  673  673.501166732  1.78749115305  0.0313868216113
0.821873788014  959  693  693.312709306  1.87129018973  0.0454122800551
0.821873788014  959  713  713.368344469  1.88878132446  0.0447139101995
0.821873788014  959  734  733.644149879  1.92719598716  0.0347450633016
0.821873788014  958  754  754.052624745  1.96634674106  0.0521905343128
0.821873788014  958  775  774.751262715  1.96507927751  0.00385050918746
0.821873788014  957  796  795.611023363  1.95946116164  0.00364266366744
0.821873788014  957  817  816.808201762  1.99193862606  -0.0218305948201
0.821873788014  956  838  838.149338077  1.97774070553  -0.0222583088941
0.821873788014  955  860  859.673776385  1.95350912514  -0.0281476397836
0.821873788014  955  882  881.602002314  1.95059636448  -0.0200496202233
0.821873788014  954  904  903.656866161  1.99313540202  0.00830146785504
0.821873788014  953  926  925.920938648  1.98143410129  0.0289879875698
0.821873788014  952  949  948.543348407  2.01601632495  0.0355156495407
0.821873788014  951  971  971.401640992  2.07584223032  0.0496364641433
0.821873788014  950  994  994.495383035  2.06486753814  0.0185708692303
0.821873788014  949  1018  1017.91611708  2.13929596602  0.0367004823663
1.01591378801  945  6  6.32831574495  1.74123519023  0.0469493741133
1.01591378801  946  20  19.8802595608  1.75820920279  0.0887853422493
1.01591378801  946  33  33.3112362392  1.74346053647  0.0534690699639
1.01591378801  947  47  47.0958696697  1.72135188268  0.0639442921902
1.01591378801  948  61  60.999619899  1.6880082344  0.0713487833833
1.01591378801  948  75  74.8111157092  1.66693555084  0.0527546590012
1.01591378801  949  89  88.9745949605  1.66450497396  0.0694272847403
1.01591378801  950  103  103.268137231  1.655682586  0.0654176569372
1.01591378801  950  117  117.461313771  1.67089346065  0.0385504752028
1.01591378801  951  132  132.007590899  1.71398849433  0.0763668385543
1.01591378801  952  147  146.684675511  1.82951785887  0.15256964343
1.01591378801  952  161  161.251932384  1.71630715485  0.0210922880885
1.01591378801  953  176  176.207573562  1.70117708045  0.047925247339
1.01591378801  953  191  191.071906581  1.75243434936  0.0395284915691
1.01591378801  954  206  206.293333832  1.72632536546  0.0363799741575
1.01591378801  954  221  221.434755902  1.75722273167  0.0219712342409
1.01591378801  955  237  236.939919894  1.73457949743  0.0365531528444
1.01591378801  955  252  252.381756438  1.71458521407  0.0169451135167
1.01591378801  956  268  268.17437995  1.72287432501  0.0329992870655
1.01591378801  956  284  283.899507805  1.69735562722  0.0218063122525
1.01591378801  956  300  299.7879706  1.67944028116  -0.0299015213879
1.01591378801  957  316  316.056205714  1.68024396138  0.0450991244459
1.01591378801  957  332  332.276683358  1.67119155345  0.0637955252253
1.01591378801  958  349  348.786632286  1.70582157466  0.040448906931
1.01591378801  958  365  365.33688917  1.71492794672  0.0628562286722
1.01591378801  958  382  382.009961777  1.77182971128  0.0707118144308
1.01591378801  958  399  398.842584355  1.79756300035  0.0344497063989
1.01591378801  959  416  416.063196413  1.78419749867  0.0650025149894
1.01591378801  959  433  433.244327285  1.8031603961  0.0490182904111
1.01591378801  959  451  450.587465425  1.79049738456  0.0248588427786
1.01591378801  959  468  468.144319905  1.81135049851  0.0369228585915
1.01591378801  959  486  485.876233363  1.83548610184  0.0286600346023
1.01591378801  959  504  503.753777394  1.83425149907  0.0163518120939
1.01591378801  959  522  521.848078793  1.84387304211  -0.00817441440614
1.01591378801  959  540  540.138695547  1.81857923462  -0.00962098330854
1.01591378801  959  559  558.576116553  1.75826736311  -0.0313110732928
1.01591378801  959  577  577.259045438  1.82005409893  0.000983410050952
1.01591378801  959  596  596.099732365  1.81638299158  0.00639508341748
1.01591378801  959  615  615.143404648  1.83191095852  0.0199267342182
1.01591378801  959  634  634.364944018  1.79797346782  0.0298987766469
1.01591378801  959  654  653.802346738  1.84410025896  0.0219148457529
1.01591378801  959  673  673.441712908  1.85505115537  0.0364966251232
1.01591378801  958  693  693.161759523  1.90094782391  0.042179902903
1.01591378801  958  713  713.254327319  1.92931655727  0.0664040939086
1.01591378801  958  733  733.503199773  1.90559169709  0.0338752709732
1.01591378801  957  754  753.88385882  1.96350400124  0.0325448150555
1.01591378801  957  775  774.613932682  1.95358833777  0.0127492236708
1.01591378801  956  795  795.488006759  1.95600345642  0.0175992315315
1.01591378801  956  817  816.664059585  1.98183416584  -0.0280858134584
1.01591378801  955  838  837.991483251  1.99652304092  -0.0355154538602
1.01591378801  954  860  859.562668185  1.94360856198  -0.00862839026637
1.01591378801  954  881  881.474290197  1.95066784078  -0.00643382349309
1.01591378801  953  904  903.530992048  1.98381199835  0.0164243080668
1.01591378801  952  926  925.778882383  2.02193571085  0.00391881406026
1.01591378801  951  948  948.430702933  2.01363228367  0.0467929722357
1.01591378801  950  971  971.278134125  2.10254943268  0.0499580855366
1.01591378801  949  994  994.389250822  2.07989418906  0.0359889135129
1.01591378801  948  1018  1017.78980272  2.1674878742  0.0303563914342
1.20995378801  944  6  6.13477744607  1.74364401073  0.061880785657
1.20995378801  945  20  19.6916755223  1.80649735909  0.0900786969876
1.20995378801  945  33  33.0986172449  1.74140609048  0.0483560759616
1.20995378801  946  47  46.9024590749  1.69605176013  0.076616749737
1.20995378801  947  61  60.8003436917  1.68151311781  0.0824830487767
1.20995378801  947  75  74.6601855662  1.86702676617  -0.0160683453919
1.20995378801  948  89  88.7852230538  1.66839402839  0.0698547604018
1.20995378801  949  103  103.072583183  1.67355426771  0.0653058149874
1.20995378801  949  117  117.275121326  1.6677992325  0.0505147167461
1.20995378801  950  132  131.796255227  1.7387955689  0.0588741791488
1.20995378801  951  146  146.467386415  1.67486952157  0.0590253096016
1.20995378801  951  161  161.067010858  1.74042176396  0.0420511973052
1.20995378801  952  176  176.023265082  1.74690162026  0.0601287695745
1.20995378801  952  191  190.880985131  1.75220492166  0.0375821923537
1.20995378801  953  206  206.110031717  1.72136404292  0.0539452881904
1.20995378801  953  221  221.248018723  1.74106451262  0.0169329846276
1.20995378801  954  237  236.755338595  1.74636776347  0.0315232674966
1.20995378801  954  252  252.206288758  1.73345109576  0.0253277530471
1.20995378801  955  268  267.976189441  1.71678094665  0.0205775862259
1.20995378801  955  284  283.712976711  1.70175742137  0.0109029876181
1.20995378801  956  300  299.835367335  1.76162701098  0.10934975038
1.20995378801  956  316  315.878277325  1.68834746414  0.0437302781871
1.20995378801  956  332  332.103878676  1.68961867858  0.0696044820713
1.20995378801  957  349  348.605104595  1.6676076645  0.0321133267905
1.20995378801  957  365  365.150179349  1.734456687  0.0610716907514
1.20995378801  957  382  381.823143689  1.77867121349  0.0526993435884
1.20995378801  957  399  398.66305453  1.76881683002  0.0227153915123
1.20995378801  958  416  415.89353462  1.79445981167  0.0644729013452
1.20995378801  958  433  433.06714173  1.81260963843  0.0390052786111
1.20995378801  958  450  450.446323642  1.78016373425  0.0341749047212
1.20995378801  958  468  467.977257797  1.83109642867  0.0364879506532
1.20995378801  958  486  485.716626583  1.81895258775  0.0304641700099
1.20995378801  958  504  503.596776098  1.83755004439  0.00709518728401
1.20995378801  958  522  521.684050318  1.82304736351  -0.00146786941037
1.20995378801  958  540  539.974727614  1.82496552821  -0.0110246273931
1.20995378801  958  558  558.439963294  1.77414357154  -0.0155353724877
1.20995378801  958  577  577.091455859  1.82638550903  -0.0176568152916
1.20995378801  958  596  595.926065257  1.82595392584  -0.0122307947067
1.20995378801  958  615  614.977511971  1.85331895077  0.00654984877854
1.20995378801  958  634  634.22430246  1.82367226636  0.0441313616069
1.20995378801  958  654  653.655492337  1.83062807141  0.0272787369842
1.20995378801  958  673  673.310831857  1.87113252357  0.0499638798676
1.20995378801  957  693  693.008829188  1.92979101571  0.0273161644765
1.20995378801  957  713  713.090818324  1.94822900318  0.0478943269412
1.20995378801  957  733  733.377269349  1.92344105747  0.0515866319872
1.20995378801  956  754  753.72842521  1.94260534794  0.0232090213032
1.20995378801  956  774  774.494904791  1.94175332357  0.0281372539964
1.20995378801  955  795  795.350129539  1.9867212214  0.0197813445944
1.20995378801  955  817  816.545960937  1.96834442091  -0.00971073146964
1.20995378801  954  838  837.853473784  1.98947089095  -0.0317785476452
1.20995378801  953  859  859.43121299  1.97014128794  -0.0082284857868
1.20995378801  953  881  881.359775829  2.00274998815  0.0156048895966
1.20995378801  952  903  903.424665836  1.97702369206  0.0319769791526
1.20995378801  951  926  925.663338159  1.98367181015  0.0280181886557
1.20995378801  950  948  948.320507134  2.04396644612  0.0532741567669
1.20995378801  949  971  971.125045148  2.12245287072  0.028298236231
1.20995378801  948  994  994.266969895  2.10380981167  0.0436849944286
1.20995378801  947  1018  1017.66920321  2.15326409875  0.0288829432118
1.40399378801  943  6  5.93521539681  1.7751313323  0.0842280703546
1.40399378801  944  19  19.4323640147  1.85310543898  0.0484774581763
1.40399378801  944  33  32.881759515  1.7009622231  -0.00535281391684
1.40399378801  945  47  46.696089333  1.72240774492  0.0724424718522
1.40399378801  946  61  60.597950633  1.68337278806  0.0736208011073
1.40399378801  947  75  74.5297294647  1.73221133758  0.0476106099819
1.40399378801  947  89  88.5862333136  1.65506891215  0.0553722441755
1.40399378801  948  103  102.860348823  1.69191102705  0.046998005591
1.40399378801  948  117  117.045150258  1.70331479293  -0.0381908517682
1.40399378801  949  132  131.602469927  1.71875298809  0.0388538101582
1.40399378801  950  146  146.286828408  1.69175399284  0.0561648484376
1.40399378801  950  161  160.884210178  1.73847226034  0.0573837205458
1.40399378801  951  176  175.831851333  1.75861721445  0.0643500635891
1.40399378801  951  191  190.697339375  1.73179694846  0.0399682041129
1.40399378801  952  206  205.926010577  1.75783753807  0.05812342345
1.40399378801  952  221  221.065422696  1.74927332297  0.0200553431159
1.40399378801  953  237  236.583336714  1.74768529747  0.0311141389888
1.40399378801  953  252  252.025609023  1.7219971894  0.0226299597465
1.40399378801  954  268  267.80192366  1.71998962419  0.028742455526
1.40399378801  954  284  283.555445526  1.69327496328  0.0257484637514
1.40399378801  955  300  299.624982305  1.68210144722  0.0143545591411
1.40399378801  955  316  315.695479979  1.66679229432  0.0325047268459
1.40399378801  955  332  331.898355908  1.72994496189  0.0311709949386
1.40399378801  956  348  348.452950496  1.64830808476  0.0535460710594
1.40399378801  956  365  364.981712399  1.7587453195  0.0643491616439
1.40399378801  956  382  381.65881461  1.76007225606  0.0406323575937
1.40399378801  957  399  398.577728943  1.84548675516  0.0139341332762
1.40399378801  957  416  415.708821371  1.80000697802  0.0466590362953
1.40399378801  957  433  432.891434851  1.81274602326  0.0376964860554
1.40399378801  957  450  450.288849985  1.79940588049  0.0447620369566
1.40399378801  957  468  467.810305744  1.81790503542  0.029184491224
1.40399378801  957  486  485.543417067  1.82404505801  0.0268481457955
1.40399378801  957  503  503.444540425  1.83397250893  0.00736840985788
1.40399378801  958  522  521.684050318  1.82304736351  -0.00146786941037
1.40399378801  958  540  539.974727614  1.82496552821  -0.0110246273931
1.40399378801  958  558  558.439963294  1.77414357154  -0.0155353724877
1.40399378801  957  577  576.922250924  1.78750033998  -0.0459078917075
1.40399378801  957  596  595.764510935  1.78622099884  -0.0204980207518
1.40399378801  957  615  614.806977211  1.82380393198  -0.00644934119788
1.40399378801  957  634  634.067686051  1.85479388964  0.0317957744972
1.40399378801  957  654  653.513162976  1.83422369361  0.0298200235134
1.40399378801  957  673  673.143172829  1.88052780371  0.0314365629879
1.40399378801  956  693  692.848735182  1.92208106701  0.018541930538
1.40399378801  956  713  712.924704653  1.96910797322  0.0187591002078
1.40399378801  956  733  733.2555522  1.96406754899  0.0565009307158
1.40399378801  955  754  753.597819749  1.93130124502  0.0278451812428
1.40399378801  955  774  774.362537883  1.96588498523  0.0406335801071
1.40399378801  954  795  795.213774114  2.00413939558  0.0189393795132
1.40399378801  954  816  816.413495939  1.96297435895  -0.0117991179646
1.40399378801  953  838  837.722615553  1.98295592085  -0.027575783336
1.40399378801  953  859  859.367648727  1.90427237889  -0.010291800653
1.40399378801  952  881  881.232382872  2.01428925815  0.0168516234297
1.40399378801  951  903  903.300015777  2.01162371889  0.0412535518442
1.40399378801  950  926  925.56560838  1.98854261676  0.0291395777287
1.40399378801  949  948  948.173890354  2.06921923226  0.0501603888627
1.40399378801  948  971  970.991357289  2.11187573721  0.0195267735971
1.40399378801  947  994  994.129842614  2.13743160594  0.0379287677815
1.40399378801  946  1018  1017.53335637  2.15082407068  0.0297611720972
1.59803378801  942  6  5.73591419881  1.79528055772  0.0746900742558
1.59803378801  943  19  19.2418358738  1.76306497487  0.0287143051608
1.59803378801  943  33  32.7644219235  1.958640704  -1.59151153859e-05
1.59803378801  944  46  46.4897697267  1.69867059689  0.0495936001848
1.59803378801  945  60  60.4142023436  1.66979414695  0.0701202191402
1.59803378801  946  74  74.42842287  0.0224189148715  0.132373884965
1.59803378801  946  88  88.4016560842  1.6186150157  0.0647486372613
1.59803378801  947  103  102.668528396  1.66623626787  0.0396856381711
1.59803378801  947  117  116.976887132  1.89277509703  0.0324927137727
1.59803378801  948  131  131.420687048  1.72227493775  0.0305009336686
1.59803378801  949  146  146.09929357  1.70995285581  0.0650093705804
1.59803378801  949  161  160.681799341  1.7428411394  0.0292389375161
1.59803378801  950  176  175.630459265  1.78508458959  0.0355596134597
1.59803378801  950  191  190.506482071  1.74038274663  0.0169400582565
1.59803378801  951  206  205.73021345  1.78514905098  0.0424771250541
1.59803378801  951  221  220.874376067  1.7225859638  0.0189244801341
1.59803378801  952  236  236.390196844  1.73742020424  0.0198448022203
1.59803378801  952  252  251.841455469  1.72997112238  0.0286611191854
1.59803378801  953  268  267.621528347  1.73480648647  0.028991921865
1.59803378801  953  283  283.387482447  1.68842490713  0.0266245424426
1.59803378801  954  299  299.457404286  1.67609419396  0.00882027598679
1.59803378801  954  316  315.515169728  1.66752993905  0.0254978326034
1.59803378801  954  332  331.727576051  1.69889410001  0.0333331712646
1.59803378801  955  348  348.30338058  1.65141618244  0.071085101846
1.59803378801  955  365  364.783172124  1.74608929079  0.0390656383344
1.59803378801  955  381  381.494010022  1.74740468482  0.0471847705137
1.59803378801  956  398  398.500007338  1.75323684644  0.0276535212352
1.59803378801  956  416  415.538747402  1.79154203693  0.0374730482136
1.59803378801  956  433  432.724049453  1.79680326472  0.022867207114
1.59803378801  956  450  450.119523824  1.82390968451  0.0418594748311
1.59803378801  956  468  467.658827143  1.80581230467  0.0334601634144
1.59803378801  956  485  485.378322679  1.84156304494  0.0172950337685
1.59803378801  957  503  503.44456674  1.83338477231  0.00766198550746
1.59803378801  957  522  521.550141388  1.81532484749  0.0071084239304
1.59803378801  957  540  539.808500776  1.79700570141  -0.0206501889884
1.59803378801  957  558  558.285494984  1.79285895973  -0.0216243665803
1.59803378801  957  577  576.92238199  1.78743173355  -0.0450637602981
1.59803378801  956  596  595.605746284  1.78441711887  -0.0288774695169
1.59803378801  956  615  614.659022126  1.8092802173  -0.00336031011503
1.59803378801  956  634  633.909271666  1.85400123398  0.0109361546816
1.59803378801  956  653  653.374344445  1.85199220378  0.051503597316
1.59803378801  956  673  672.986634888  1.91564268476  0.019199956744
1.59803378801  955  693  692.668621951  1.83648700823  -0.0560482804685
1.59803378801  955  713  712.779701233  1.91929194354  0.0177648438163
1.59803378801  955  733  733.092917431  1.96496911575  0.042731427976
1.59803378801  954  753  753.460843228  1.94526341393  0.0376623149951
1.59803378801  954  774  774.224129648  1.9723761059  0.0374452129674
1.59803378801  953  795  795.061440347  2.03847639856  0.0022232288624
1.59803378801  953  816  816.266942941  1.98020175899  -0.0142946839781
1.59803378801  952  838  837.594580458  1.97043268248  -0.0293032490085
1.59803378801  952  859  859.301860868  1.99041041771  -0.000251036672066
1.59803378801  951  881  881.092853989  2.03129609466  0.000702086946867
1.59803378801  950  903  903.147372857  2.04171718103  0.0239054880835
1.59803378801  949  925  925.438525328  1.97259628759  0.0413161874354
1.59803378801  948  948  948.033069026  2.10021174469  0.0398444524189
1.59803378801  947  971  970.868355847  2.09577483511  0.0160834053636
1.59803378801  946  994  994.016686703  2.14640937114  0.0487760219363
1.59803378801  945  1017  1017.40824848  2.1706891269  0.0374271034794
1.79207378801  941  6  5.53036820989  1.81534564962  0.0418843587645
1.79207378801  942  19  19.0725140048  1.76967696717  0.0452841368325
1.79207378801  943  33  32.7603419964  1.83282940114  0.188729914649
1.79207378801  943  46  46.3156224266  1.67812629651  0.0635832210659
1.79207378801  944  60  60.2291836415  1.66485950244  0.0733702318014
1.79207378801  945  74  74.2812277591  1.58354073172  0.139083824658
1.79207378801  945  88  88.2293801672  1.6557013819  0.0735863701182
1.79207378801  946  102  102.481281018  1.63702327526  0.0329729022189
1.79207378801  947  117  116.759930921  1.81902418171  0.0136851265541
1.79207378801  947  131  131.226265482  1.70185105622  0.0237870880228
1.79207378801  948  146  145.921654293  1.75224065961  0.0674270008964
1.79207378801  948  160  160.500492638  1.72630062821  0.0139221635996
1.79207378801  949  175  175.447546015  1.77878978829  0.0309430040111
1.79207378801  949  190  190.337927116  1.71781504028  0.0233622615148
1.79207378801  950  206  205.532719236  1.77890345943  0.0208930387478
1.79207378801  950  221  220.692662334  1.70772004391  0.00151716451316
1.79207378801  951  236  236.214338228  1.74271952173  0.0281856824072
1.79207378801  951  252  251.665837599  1.72646439827  0.0245855735093
1.79207378801  952  267  267.439040607  1.73021199456  0.0159938739143
1.79207378801  952  283  283.211990166  1.68995760465  0.0175230023061
1.79207378801  953  299  299.285422782  1.71283293086  0.0140271882564
1.79207378801  953  315  315.359323863  1.68259084832  0.0330210214846
1.79207378801  953  332  331.545100197  1.68255143454  0.0231768225927
1.79207378801  954  348  348.143051062  1.69452717783  0.0842977012738
1.79207378801  954  365  364.623821983  1.71807437743  0.0303926305506
1.79207378801  954  381  381.342061815  1.74642431559  0.0510908804925
1.79207378801  955  398  398.3488931  1.73234663536  0.0455132985151
1.79207378801  955  415  415.371842867  1.77964032837  0.0375395977516
1.79207378801  955  433  432.57603903  1.76252688165  0.0294323091205
1.79207378801  955  450  449.950397746  1.83836624986  0.0332470909047
1.79207378801  955  467  467.486540967  1.80253990426  0.0204068315147
1.79207378801  955  485  485.189322635  1.90190817356  -0.0799998483057
1.79207378801  956  503  503.295095909  1.83535517155  0.00704618656216
1.79207378801  956  521  521.387897245  1.83560351225  -0.00632196173439
1.79207378801  956  540  539.661799277  1.79868801595  -0.0160196975023
1.79207378801  956  558  558.114685475  1.81951466698  -0.0334952564144
1.79207378801  956  577  576.782366182  1.77659913535  -0.02690322663
1.79207378801  956  596  595.605920085  1.78658400283  -0.0279232031225
1.79207378801  955  615  614.517426675  1.77675922581  0.00294362591644
1.79207378801  955  634  633.746897843  1.82762032076  0.00582245263567
1.79207378801  955  653  653.20874028  1.88021477148  0.0322566941936
1.79207378801  955  673  672.835709034  1.89669344709  0.00921345370947
1.79207378801  955  693  692.690948657  1.89403366711  0.0164141160115
1.79207378801  954  713  712.63166168  1.90540289153  0.0155640206166
1.79207378801  954  733  732.945676387  1.96979052978  0.0308265936184
1.79207378801  953  753  753.32639883  1.93827317505  0.0461642615914
1.79207378801  953  774  774.072640314  2.00309600826  0.0343527769792
1.79207378801  952  795  794.885783786  2.00799567847  -0.0658359378108
1.79207378801  952  816  816.14796598  2.0148461279  -0.00353496359604
1.79207378801  951  837  837.468181603  1.95233668856  -0.0234755169266
1.79207378801  951  859  859.150049293  2.01455382331  -0.0123041037926
1.79207378801  950  881  880.943311998  2.04023460968  -0.0149617578099
1.79207378801  949  903  902.999072876  2.04011309219  0.0192038083122
1.79207378801  948  925  925.308438831  2.00150513102  0.039290413399
1.79207378801  947  948  947.887505617  2.1025735293  0.0192973050688
1.79207378801  946  971  970.712406652  2.0573709792  -0.0554568202303
1.79207378801  945  994  993.886980035  2.15793253601  0.0380813493633
1.79207378801  944  1017  1017.29180211  2.16852208075  0.0369637738157
1.98611378801  940  5  5.32445802122  1.80540877348  0.0291562898331
1.98611378801  941  19  18.8806025404  1.75190249348  0.0658323339419
1.98611378801  942  33  32.5319755738  1.70267251061  0.0609014479216
1.98611378801  942  46  46.1490234796  1.70487756811  0.0780420988468
1.98611378801  943  60  60.041200848  1.68444083154  0.0797865300541
1.98611378801  944  74  74.0644210433  1.66809690354  0.0578218211914
1.98611378801  944  88  88.0439284778  1.67435884851  0.0789226522753
1.98611378801  945  102  102.318259801  1.63042517274  0.0635700268358
1.98611378801  946  117  116.69643497  1.69209953526  0.0395341473779
1.98611378801  946  131  131.059264457  1.69774581427  0.0451137770521
1.98611378801  947  146  145.717033796  1.75650053772  0.0431210837095
1.98611378801  947  160  160.340605159  1.72139103617  0.0226611820005
1.98611378801  948  175  175.258192444  1.75971406356  0.0167148953278
1.98611378801  948  190  190.270626028  1.83961645438  0.0425628084473
1.98611378801  949  205  205.363481489  1.76577359781  0.01500128022
1.98611378801  950  221  220.630014021  1.81556148869  0.0244019679183
1.98611378801  950  236  236.0381348  1.75315147588  0.03415370083
1.98611378801  950  251  251.492806792  1.88460762016  -0.0789528192606
1.98611378801  951  267  267.260312443  1.73992696161  0.00141431525242
1.98611378801  951  283  283.032538456  1.7026087263  0.00451547574544
1.98611378801  952  299  299.11297653  1.71602441674  0.0174730727414
1.98611378801  952  315  315.197122575  1.69717281728  0.0345057620077
1.98611378801  952  331  331.37605598  1.79761532011  -0.0638129410717
1.98611378801  953  348  347.963113136  1.73065367997  0.0629376962513
1.98611378801  953  364  364.462428369  1.70085853367  0.0343538198836
1.98611378801  953  381  381.179243296  1.74451830186  0.0500678468883
1.98611378801  954  398  398.192132991  1.74944366059  0.0534450839076
1.98611378801  954  415  415.225148232  1.79327650668  0.0460880243355
1.98611378801  954  432  432.422232297  1.7701651249  0.0328953230475
1.98611378801  954  450  449.781251676  1.82782965753  0.0246878601292
1.98611378801  954  467  467.349186564  1.82083970996  0.0333657537713
1.98611378801  955  485  485.217563279  1.8454382021  0.0121293261121
1.98611378801  955  503  503.119758919  1.84041339589  -0.0106180626848
1.98611378801  955  521  521.223749777  1.8575788536  -0.00249153877917
1.98611378801  955  540  539.511038432  1.78843438721  -0.00635886559275
1.98611378801  955  558  557.951375186  1.8253830816  -0.0379376924538
1.98611378801  955  577  576.616189293  1.77327765834  -0.029339589427
1.98611378801  955  595  595.471175642  1.78458544211  -0.0119177024272
1.98611378801  954  614  614.381455335  1.79644555089  0.0143446453522
1.98611378801  954  634  633.61728564  1.81826200303  0.0118347045266
1.98611378801  954  653  653.063774695  1.89060894847  0.0318376958704
1.98611378801  954  673  672.696544464  1.85692952492  0.00464196656224
1.98611378801  954  693  692.568259355  1.86129973202  0.0314799121422
1.98611378801  953  712  712.499635739  1.86233663753  0.0274661557784
1.98611378801  953  733  732.793110929  1.93388571827  0.0311057459233
1.98611378801  953  753  753.267357552  1.86836107119  0.0490010725542
1.98611378801  952  774  773.942176239  2.00696244146  0.0262523586473
1.98611378801  952  795  794.917553861  2.02754595458  0.0157602672879
1.98611378801  951  816  816.007116412  2.0228840736  -0.0166192732783
1.98611378801  950  837  837.356911417  2.00234814672  -0.0105828753185
1.98611378801  950  859  859.01518542  2.03021485317  -0.0206735635417
1.98611378801  949  881  880.797191785  2.02027857555  -0.0409803115822
1.98611378801  948  903  902.864786092  2.02848519513  -0.0146121352331
1.98611378801  947  925  925.203138548  2.036822365  0.0311170603018
1.98611378801  946  948  947.834060497  2.01089946686  0.0258567420439
1.98611378801  945  971  970.668417485  1.99706956045  0.000982572026904
1.98611378801  944  994  993.812843202  2.07577086305  0.0225812810357
1.98611378801  943  1017  1017.18707931  2.173126611  0.0265422183047
2.18015378801  939  5  5.10834317917  1.81597055322  0.0152976905453
2.18015378801  940  19  18.689248155  1.76781464331  0.0651115264672
2.18015378801  941  32  32.3442637214  1.73692132035  0.0574170027925
2.18015378801  941  46  45.9202345052  1.71473436277  0.0598006050144
2.18015378801  942  60  59.8423381348  1.70903837462  0.0805460757176
2.18015378801  943  74  73.8753642259  1.66778972246  0.060357013284
2.18015378801  943  88  87.8313278821  1.68219899076  0.0650248615583
2.18015378801  944  102  102.1454853  1.64277240564  0.0914355419557
2.18015378801  945  117  116.52189895  1.68615937287  0.031647757267
2.18015378801  945  131  130.869603041  1.70578528926  0.0357527733792
2.18015378801  946  146  145.52932169  1.75093231203  0.0203772598099
2.18015378801  946  160  160.167709675  1.71356154991  0.0387384256489
2.18015378801  947  175  175.073252525  1.73031564201  0.0263212737469
2.18015378801  948  190  190.123572977  1.82583994135  0.0308782662988
2.18015378801  948  205  205.184550656  1.75332689562  0.0100575964163
2.18015378801  949  221  220.534262391  1.73832489784  0.0245206900115
2.18015378801  949  236  235.862706135  1.75073532211  0.0370547252826
2.18015378801  949  251  251.470365132  1.82840452983  0.0523517638167
2.18015378801  950  267  267.084925639  1.73421681349  -0.00539816386949
2.18015378801  950  283  282.846453695  1.6958823887  0.00106575633206
2.18015378801  951  299  298.925060589  1.70874893381  -0.000505396041942
2.18015378801  951  315  315.002226522  1.70587531693  0.0161408422292
2.18015378801  952  331  331.39101769  1.79674627645  0.0701970999573
2.18015378801  952  348  347.778051113  1.72920930332  0.0329799227178
2.18015378801  952  364  364.321844418  1.6586182345  0.059776460207
2.18015378801  952  381  381.008372621  1.78626569595  0.0372228809925
2.18015378801  953  398  398.02984179  1.78536329174  0.0567321824922
2.18015378801  953  415  415.059666898  1.79360900275  0.0323548022946
2.18015378801  953  432  432.277709574  1.77806820053  0.0484494334636
2.18015378801  953  450  449.632725145  1.80059128408  0.0275615851332
2.18015378801  953  467  467.199354792  1.8259445497  0.0259273290475
2.18015378801  954  485  485.08078014  1.84737013937  0.0109009633766
2.18015378801  954  503  502.966000494  1.8455631826  -0.00424292171587
2.18015378801  954  521  521.071689963  1.84754880856  -0.0215738195209
2.18015378801  954  539  539.365530219  1.82286341302  -0.00789536799189
2.18015378801  954  558  557.813978032  1.79923595445  -0.0366723535424
2.18015378801  954  576  576.494247907  1.76914398322  -0.0103585903502
2.18015378801  954  595  595.341877138  1.78724687831  -0.00846266459461
2.18015378801  954  614  614.39995454  1.71004622361  0.118392467979
2.18015378801  953  634  633.501368772  1.75014702824  0.0296356033311
2.18015378801  953  653  652.91728096  1.87465754941  0.00709470904065
2.18015378801  953  673  672.572350131  1.80726792523  0.016705447473
2.18015378801  953  692  692.440214543  1.85071227494  0.0419266166211
2.18015378801  952  712  712.409561117  1.86717009436  0.045055421054
2.18015378801  952  733  732.659776947  1.91159789952  0.0234844446496
2.18015378801  952  753  753.219403776  1.97169795355  0.057880949194
2.18015378801  951  774  773.795625291  1.97205229929  0.0164398943039
2.18015378801  951  795  794.785915034  2.0198287171  -0.0101381332971
2.18015378801  950  816  815.8845321  1.99580942045  -0.0209304473265
2.18015378801  949  837  837.263209963  1.9985631021  -0.0174587999944
2.18015378801  949  859  858.880034767  2.01548448533  -0.0480373695268
2.18015378801  948  881  880.71156662  1.97232243434  -0.0397939273265
2.18015378801  947  903  902.795829743  2.02229728822  -0.00670032083282
2.18015378801  946  925  925.115902696  2.05826870868  0.0242649351234
2.18015378801  946  948  947.73098119  1.89904295821  0.068407116178
2.18015378801  945  971  970.639977229  2.06550652828  0.0252291141495
2.18015378801  944  994  993.726571115  1.93580117363  0.0836726079346
2.18015378801  942  1017  1017.14481408  2.17874824276  0.0528318849891
