# Band 1C   Etalon 1A   Slice 2
# Distortion map version 06.04.00 - date 2018-10-04
# Trace (isoalpha): Take pixel trace along specified slice, specified alpha position trace is built by taking the pixel in every detector row with alpha value closest to the one specified 
# xpos[i] = np.argmin(alpha_img[i,:])+funcs.find_nearest(alpha_img[i,:][(slice_img[i,:]!=0)],alpha_pos)
#    alpha       x  y      center         FWHM          skewness
0.0  442  9  8.97870225656  1.44708092754  0.0720517883615
0.0  442  19  19.0455034858  1.44220175956  0.0812803724991
0.0  442  29  29.2143692747  1.33706819377  0.17213029891
0.0  443  39  39.4777656063  1.17861171384  0.0732869356
0.0  443  50  49.6571207145  1.28221352881  -0.0295715380007
0.0  443  60  60.039792884  1.48931832288  0.0726821746753
0.0  443  70  70.4466435374  1.21727242963  0.0898440672331
0.0  443  81  80.8395936251  1.46626356168  0.0208523886235
0.0  443  91  91.4321881763  1.27027589075  0.104863558449
0.0  444  102  102.15833997  1.47920322828  0.0682041880421
0.0  444  113  112.767893289  1.45688126993  0.045823205815
0.0  444  124  123.535932821  1.20131373143  0.0187644915149
0.0  444  134  134.426189279  1.19837561119  0.190207089858
0.0  444  145  145.333814586  1.31896137105  0.223817399831
0.0  444  156  156.277483025  1.39651785809  0.0866267649682
0.0  444  167  167.345652238  1.30278793298  0.197729757014
0.0  444  178  178.427346114  1.22926623868  0.123201963229
0.0  445  190  189.639523044  1.3171227099  -0.114479506499
0.0  445  201  200.980169928  1.54070377203  0.0522823246518
0.0  445  212  212.375489889  1.40288271485  0.0969804731126
0.0  445  224  223.716119833  1.47670981422  -0.060488373514
0.0  445  235  235.337323208  1.41831292997  0.14744434776
0.0  445  247  246.858031225  1.54770861107  0.0135126107104
0.0  445  259  258.546052552  1.26642374535  0.0461008605828
0.0  445  270  270.394371817  1.35061206432  0.222224446536
0.0  445  282  282.240579005  1.53214913823  0.133271034942
0.0  446  294  294.308562716  1.45310238644  0.16938659135
0.0  446  306  306.331500149  1.43199993934  0.16470697792
0.0  446  318  318.413444498  1.34482163739  0.102971290136
0.0  446  331  330.554307176  1.32994670899  0.00878612681183
0.0  446  343  342.824501098  1.61038476074  -0.0100035845315
0.0  446  355  355.254649284  1.59870229391  0.0544396656441
0.0  446  368  367.654398748  1.56808576478  -0.00162107155978
0.0  446  380  380.273420348  1.61370346926  0.0150315456247
0.0  446  393  392.876940546  1.69341082323  0.0191453416047
0.0  446  406  405.626534044  1.58923238522  0.0385490047665
0.0  446  418  418.497133746  1.45065597868  0.100667751551
0.0  446  431  431.455329386  1.50480736991  0.125269530516
0.0  446  444  444.485556597  1.33082685635  0.145473810101
0.0  446  458  457.595687878  1.46660875583  0.0248103859877
0.0  446  471  470.832289031  1.65610210437  -0.0146176446968
0.0  446  484  484.252229293  1.57415035906  0.102067523421
0.0  446  498  497.643593019  1.54127934718  -0.0310360722103
0.0  446  511  511.261061228  1.67206035419  0.0303864505692
0.0  446  525  524.872624624  1.70955096263  -0.00922416865208
0.0  446  539  538.6463843  1.61008199796  -0.0234883295723
0.0  446  553  552.551839445  1.54189041385  0.0107027871233
0.0  446  567  566.545653708  1.53724459886  0.052853904737
0.0  446  581  580.621585422  1.59101694309  0.015131439746
0.0  446  595  594.853844516  1.72808248384  0.0281257023751
0.0  446  609  609.271101183  1.68310107344  0.129910825524
0.0  446  624  623.618839871  1.6117686219  -0.0206501258919
0.0  446  638  638.22760535  1.69707522238  0.0568052005114
0.0  446  653  652.829938181  1.78558558529  -0.0308453865857
0.0  446  668  667.609684033  1.6824547501  -0.0369916434333
0.0  446  683  682.528350484  1.70749356972  0.00179093229772
0.0  446  698  697.544571395  1.69236232749  0.027271997012
0.0  446  713  712.655129185  1.75054209846  -0.0068887283449
0.0  446  728  727.970508885  1.83521847701  0.0761321571633
0.0  446  743  743.402883538  1.66788353087  0.143873947731
0.0  446  759  758.859406837  1.82086553848  0.00589052999969
0.0  446  775  774.541948461  1.57852768769  0.0331410790124
0.0  445  790  790.325236355  1.71345588286  0.0952716056976
0.0  445  806  806.270357566  1.76721810746  0.0544598140249
0.0  445  822  822.354539768  1.71287076964  0.0860521915124
0.0  445  839  838.517427889  1.65792079324  -0.00681480727627
0.0  445  855  854.84371284  1.8618874037  -0.0321048295345
0.0  445  871  871.402110381  1.75470740575  0.0826538104552
0.0  445  888  888.0166769  1.90641788474  0.0497390699199
0.0  444  905  904.670222534  1.82507348587  -0.00204122875558
0.0  444  922  921.611205245  1.79879700185  0.0482465271297
0.0  444  939  938.663273085  1.82511354968  0.023222774245
0.0  444  956  955.935388411  1.92413167827  0.0495899096662
0.0  444  973  973.39450084  1.74255513048  0.163159570653
0.0  443  991  990.815663912  1.89106371784  0.00215332450054
0.0  443  1009  1008.56350097  1.78330004389  -0.00464805065341
-1.4235537305  435  8  8.03887900137  1.41308224835  0.101888692003
-1.4235537305  435  18  18.106829219  1.38054194616  0.100762637572
-1.4235537305  435  28  28.2678484179  1.26749691454  0.191782216372
-1.4235537305  435  38  38.4231737729  1.16878571941  0.107033093879
-1.4235537305  435  49  48.5900139425  1.20371668287  -0.00964751691997
-1.4235537305  436  59  59.1047152303  1.45302628745  0.0495814986793
-1.4235537305  436  69  69.4803340148  1.18258266802  0.051488843357
-1.4235537305  436  80  79.9290461055  1.45701563815  0.0593021922804
-1.4235537305  436  90  90.4788533153  1.18697495478  0.0867991480924
-1.4235537305  436  101  101.09931906  1.50401108869  0.0797287808532
-1.4235537305  436  112  111.712952496  1.41482521575  0.0399933771996
-1.4235537305  436  123  122.508528687  1.20013070743  0.0293190862402
-1.4235537305  437  133  133.486179302  1.14559341514  0.180272973108
-1.4235537305  437  144  144.41914661  1.20813546537  0.211247790863
-1.4235537305  437  155  155.385955967  1.25688010454  0.116833769132
-1.4235537305  437  166  166.435875652  1.14014855417  0.19989532463
-1.4235537305  437  177  177.505340043  1.24636233434  0.0717780897497
-1.4235537305  437  189  188.646687731  1.32742400498  -0.0876610013418
-1.4235537305  437  200  199.990843922  1.53209798108  0.0782719597129
-1.4235537305  437  211  211.379496757  1.33985786326  0.0670856995143
-1.4235537305  438  223  222.876455431  1.55352177011  -0.0195885852742
-1.4235537305  438  234  234.461357192  1.21445528184  0.156436412717
-1.4235537305  438  246  246.043792682  1.5814393072  0.0584526766587
-1.4235537305  438  258  257.680264383  1.44988726747  0.00978265188712
-1.4235537305  438  270  269.50948541  1.22854158189  0.104276439391
-1.4235537305  438  281  281.410959964  1.3821307078  0.155216825157
-1.4235537305  438  293  293.368573621  1.39144897468  0.185755833645
-1.4235537305  438  305  305.387535061  1.35866238071  0.173794845555
-1.4235537305  438  317  317.477462588  1.24989409505  0.0997197215378
-1.4235537305  438  330  329.610626446  1.37439274358  -0.004676811985
-1.4235537305  439  342  342.069035577  1.62666086425  0.0467905732305
-1.4235537305  439  354  354.45245215  1.39486547548  0.0706592895862
-1.4235537305  439  367  366.878888971  1.64541653946  0.0165765311268
-1.4235537305  439  379  379.465730298  1.53193296293  0.0444322521825
-1.4235537305  439  392  392.127963575  1.67806675621  0.0604039778788
-1.4235537305  439  405  404.85851455  1.69294562202  0.0454708070413
-1.4235537305  439  418  417.693439999  1.63843455772  0.0257920804015
-1.4235537305  439  431  430.643688003  1.55593371729  0.0371200233996
-1.4235537305  439  444  443.693336461  1.59916606501  0.0488189218922
-1.4235537305  439  457  456.847624512  1.65387388836  0.0131976602773
-1.4235537305  439  470  470.142120999  1.64753697337  0.0590908770897
-1.4235537305  439  483  483.485271713  1.4217805271  0.072116813798
-1.4235537305  439  497  496.913764474  1.66276622691  -0.0642915970228
-1.4235537305  439  511  510.506588164  1.53069259924  -0.012927680419
-1.4235537305  439  524  524.226192688  1.65583618705  0.0818953602276
-1.4235537305  439  538  537.961589761  1.70954610598  0.0103118474352
-1.4235537305  439  552  551.835400501  1.70236066795  0.00301801301192
-1.4235537305  439  566  565.841341725  1.72480964621  0.0448114414551
-1.4235537305  439  580  579.967570322  1.730236491  0.0712562409809
-1.4235537305  439  594  594.214905355  1.68402806772  0.113849792599
-1.4235537305  439  609  608.50735895  1.45643130268  0.0667529654612
-1.4235537305  439  623  622.946668092  1.75273743934  0.00751188536492
-1.4235537305  439  638  637.515819698  1.58396632257  0.00127916880056
-1.4235537305  439  652  652.219544556  1.76812403668  0.0392025634224
-1.4235537305  439  667  666.957919279  1.81121107979  -0.0296259793794
-1.4235537305  439  682  681.866874713  1.76633448683  0.0013167606589
-1.4235537305  439  697  696.881957461  1.83152388168  0.00950432279542
-1.4235537305  439  712  712.054618728  1.8201122482  0.0452859592117
-1.4235537305  439  727  727.355364253  1.74468446961  0.118536705428
-1.4235537305  438  743  742.604226246  1.67310467745  0.0339508465124
-1.4235537305  438  758  758.220344142  1.75998168045  0.112019429544
-1.4235537305  438  774  773.843259938  1.80681514577  0.0407292503727
-1.4235537305  438  790  789.637852511  1.66145557829  -0.00835120123636
-1.4235537305  438  806  805.601956405  1.62758851374  -0.0509913368482
-1.4235537305  438  822  821.692347184  1.74683714958  -0.0200683573842
-1.4235537305  438  838  837.936127202  1.85349964872  -0.00640750563004
-1.4235537305  438  854  854.353334832  1.79292552635  0.0574308821148
-1.4235537305  437  871  870.691415207  1.8308004607  -0.00588310925753
-1.4235537305  437  887  887.389379337  1.81208098482  0.0609208072779
-1.4235537305  437  904  904.177915436  1.88630567524  0.0768987767168
-1.4235537305  437  921  921.097982665  1.91443500969  0.0972619813561
-1.4235537305  437  938  938.194586341  1.88264314291  0.119318041738
-1.4235537305  436  955  955.370149799  1.813681575  0.119466763235
-1.4235537305  436  973  972.711131673  1.83674771467  0.0398427041705
-1.4235537305  436  990  990.361409903  1.78557362538  0.0992240871634
-1.4235537305  436  1008  1008.09790048  1.92023545964  0.0513098733296
-1.2330417305  436  8  8.22496181744  1.3197127206  0.176378095368
-1.2330417305  436  18  18.2841918158  1.24815908148  0.156751240063
-1.2330417305  436  28  28.3917605042  1.14506284831  0.191000517885
-1.2330417305  436  39  38.5055468186  1.20784347494  -0.0154901282393
-1.2330417305  436  49  48.7087508603  1.31078318656  -0.031397873635
-1.2330417305  437  59  59.2853055775  1.32227020397  0.142193444118
-1.2330417305  437  70  69.5650139236  1.18671116741  -0.0443187705677
-1.2330417305  437  80  80.0993318846  1.45968700559  0.113049850802
-1.2330417305  437  91  90.5643494128  1.19864851279  -0.0148448663008
-1.2330417305  437  101  101.238185994  1.44147654309  0.113306057016
-1.2330417305  437  112  111.867195003  1.50648089194  0.0742572672771
-1.2330417305  437  123  122.593826691  1.22669012315  -0.0134654030775
-1.2330417305  438  134  133.569461154  1.2016336937  0.0568001212766
-1.2330417305  438  144  144.504946466  1.15087652449  0.169504426307
-1.2330417305  438  155  155.479256418  1.22837725388  0.0608486663133
-1.2330417305  438  167  166.509110358  1.19223785495  0.0862261032206
-1.2330417305  438  178  177.595169966  1.28079993291  -0.0118928442889
-1.2330417305  438  189  188.771327619  1.45397145768  -0.0825156310053
-1.2330417305  438  200  200.15816576  1.49130898294  0.129208864287
-1.2330417305  438  211  211.48138401  1.23021762261  0.0547399192296
-1.2330417305  439  223  223.016903681  1.56089208544  0.00766283699851
-1.2330417305  439  235  234.53596377  1.24561951435  0.0560258776883
-1.2330417305  439  246  246.191543196  1.57022318795  0.101162884311
-1.2330417305  439  258  257.808107177  1.56024054763  0.0257215806213
-1.2330417305  439  270  269.591926353  1.37772922884  0.0445720789496
-1.2330417305  439  281  281.494633832  1.23486251127  0.130670819283
-1.2330417305  439  293  293.458116563  1.24684494668  0.178574119206
-1.2330417305  439  305  305.474209521  1.23361795602  0.146527595925
-1.2330417305  439  318  317.534274112  1.25705703504  -0.00381385895058
-1.2330417305  439  330  329.714253025  1.51785429442  -0.00877963808537
-1.2330417305  440  342  342.195495875  1.58848473266  0.0446970847139
-1.2330417305  440  355  354.523543849  1.31682625273  -0.0175804569606
-1.2330417305  440  367  367.022004479  1.66838807892  0.0363364277721
-1.2330417305  440  380  379.557297107  1.41782297961  0.00788824462611
-1.2330417305  440  392  392.260426251  1.5869542272  0.101643609104
-1.2330417305  440  405  404.978496527  1.700959711  0.0711889276697
-1.2330417305  440  418  417.813845143  1.6568890403  0.0353137108648
-1.2330417305  440  431  430.744325619  1.63487349948  0.0129328036672
-1.2330417305  440  444  443.805427731  1.64216457962  0.0609901364197
-1.2330417305  440  457  456.974884299  1.70801506766  0.0385910465068
-1.2330417305  440  470  470.268345925  1.59497785456  0.0981031106108
-1.2330417305  440  484  483.569492592  1.38227430454  0.0195312066253
-1.2330417305  440  497  497.058286613  1.68607536721  0.00791629733062
-1.2330417305  440  511  510.584220918  1.50632646474  -0.0318367951521
-1.2330417305  440  524  524.33436147  1.56053855888  0.0978363537016
-1.2330417305  440  538  538.084777723  1.71566472421  0.0427738769411
-1.2330417305  440  552  551.953359295  1.71787107291  0.024146896536
-1.2330417305  440  566  565.972384366  1.74720052901  0.0676668648189
-1.2330417305  440  580  580.094675065  1.72471049816  0.105445245979
-1.2330417305  440  594  594.33737197  1.6026431651  0.155404178422
-1.2330417305  440  609  608.580637516  1.48728652423  0.026822391285
-1.2330417305  440  623  623.074980718  1.74964904881  0.0483892998175
-1.2330417305  440  638  637.594730297  1.58554752436  -0.0343429443816
-1.2330417305  440  652  652.318876811  1.70304606117  0.0603280677398
-1.2330417305  440  667  667.073238669  1.82866095501  0.00740863170663
-1.2330417305  440  682  681.965072505  1.81352519025  0.0092096401591
-1.2330417305  440  697  696.983520684  1.85746387697  0.0255376858497
-1.2330417305  440  712  712.157206685  1.80545957053  0.0622247967049
-1.2330417305  440  727  727.443244041  1.6893396472  0.130720079138
-1.2330417305  439  743  742.687063053  1.75291240083  0.0272449506804
-1.2330417305  439  758  758.311915688  1.7191376221  0.117870585419
-1.2330417305  439  774  773.93348369  1.85683902065  0.0570115669096
-1.2330417305  439  790  789.735420772  1.73029640527  -0.00699373011704
-1.2330417305  439  806  805.684572815  1.70114447798  -0.0395990958053
-1.2330417305  439  822  821.778169927  1.80798278321  -0.0141905152888
-1.2330417305  439  838  838.03111721  1.86325144461  0.00236023667417
-1.2330417305  439  854  854.415416505  1.77320263716  0.0403418431259
-1.2330417305  438  871  870.773891461  1.8615012494  -0.0048776608866
-1.2330417305  438  887  887.472874922  1.79039387723  0.0680695300615
-1.2330417305  438  904  904.267367879  1.84688923154  0.0930182790133
-1.2330417305  438  921  921.198423204  1.92120768721  0.128440234383
-1.2330417305  438  938  938.287106614  1.84176831053  0.138910945907
-1.2330417305  437  955  955.434654987  1.74516205471  0.113821379003
-1.2330417305  437  973  972.785045556  1.87126971944  0.0395799181624
-1.2330417305  437  990  990.435604605  1.71006240833  0.103693164224
-1.2330417305  437  1008  1008.19181278  1.8763570167  0.0625708288161
-1.0425297305  437  8  8.36368548824  1.16862112493  0.192097025046
-1.0425297305  437  18  18.4121452526  1.15927493184  0.1730795055
-1.0425297305  437  28  28.4840537599  1.15071120823  0.156939591658
-1.0425297305  437  39  38.5942914344  1.20994967628  -0.0563217995057
-1.0425297305  437  49  48.8734800868  1.41129613341  0.0148153797769
-1.0425297305  438  59  59.4093620795  1.19009713901  0.13620594311
-1.0425297305  438  70  69.6798748522  1.28837342416  -0.069628347264
-1.0425297305  438  80  80.2714335653  1.35890079645  0.160068455464
-1.0425297305  438  91  90.6766337296  1.33168456795  -0.0410088638923
-1.0425297305  438  101  101.397937393  1.28343220165  0.159334187467
-1.0425297305  438  112  112.045390307  1.49892001219  0.137488334258
-1.0425297305  438  123  122.717213514  1.38036839173  -0.0218083631453
-1.0425297305  439  134  133.674270726  1.35304866769  0.0327314211052
-1.0425297305  439  145  144.5870858  1.23207672942  0.0573920679286
-1.0425297305  439  156  155.552308553  1.18755204255  -0.0326983504134
-1.0425297305  439  167  166.596558163  1.27056563943  0.030258043275
-1.0425297305  439  178  177.704703006  1.40155847246  -0.0310001031559
-1.0425297305  439  189  188.928818314  1.51216432778  -0.0360385579897
-1.0425297305  439  200  200.292254524  1.37816386346  0.157676548111
-1.0425297305  439  212  211.556962702  1.29259807078  -0.0433087690781
-1.0425297305  440  223  223.18586479  1.5517172163  0.0652809521343
-1.0425297305  440  235  234.631752053  1.39978324504  0.00344270532676
-1.0425297305  440  246  246.337860872  1.44018526351  0.148444699933
-1.0425297305  440  258  257.969842142  1.58040516775  0.0712191186606
-1.0425297305  440  270  269.703751391  1.48239895554  0.0529663678243
-1.0425297305  440  282  281.568143527  1.27072855095  0.0340316857477
-1.0425297305  440  294  293.531789918  1.25722949843  0.0849692660077
-1.0425297305  440  306  305.556950489  1.28830135757  0.0544349495619
-1.0425297305  440  318  317.633955048  1.38514196817  -0.0275742949684
-1.0425297305  440  330  329.854559125  1.56261967347  0.0221068871561
-1.0425297305  441  342  342.289375813  1.68091385063  0.120783806945
-1.0425297305  441  355  354.611730658  1.47103753397  -0.0428843019081
-1.0425297305  441  367  367.151153862  1.63997351371  0.0688106423741
-1.0425297305  441  380  379.641061979  1.55408863462  -0.0150086469231
-1.0425297305  441  392  392.378242999  1.52107680347  0.128173703037
-1.0425297305  441  405  405.113967828  1.67071828517  0.110987505881
-1.0425297305  441  418  417.935535617  1.70437910478  0.0660043645362
-1.0425297305  441  431  430.875880921  1.6799859233  0.0554951596969
-1.0425297305  441  444  443.930261628  1.68416865379  0.0883763876346
-1.0425297305  441  457  457.097324343  1.6838338381  0.0786286811712
-1.0425297305  441  470  470.379644413  1.51816488735  0.114214871121
-1.0425297305  441  484  483.647853253  1.55204369301  -0.0155581309181
-1.0425297305  441  497  497.176299703  1.665170673  0.0376290929117
-1.0425297305  441  511  510.690456153  1.58822651096  -0.0181606032148
-1.0425297305  441  524  524.426723005  1.49458706934  0.0918055776406
-1.0425297305  441  538  538.213242559  1.68265369097  0.0856469019345
-1.0425297305  441  552  552.067078898  1.7361003966  0.0558890098504
-1.0425297305  441  566  566.088386937  1.74715455334  0.104830137381
-1.0425297305  441  580  580.193654707  1.69151047154  0.126329548497
-1.0425297305  441  594  594.430461883  1.50267871156  0.158195841013
-1.0425297305  441  609  608.68120603  1.62639169635  0.0257804098618
-1.0425297305  441  623  623.193318955  1.70350387576  0.0821018930911
-1.0425297305  441  638  637.681553359  1.64908616636  -0.0228121185914
-1.0425297305  441  652  652.404749885  1.64517405977  0.0503138521428
-1.0425297305  441  667  667.175800757  1.80791843027  0.0173113879185
-1.0425297305  441  682  682.076190601  1.80532454597  0.0386976899767
-1.0425297305  441  697  697.103279496  1.83990634872  0.0521719629097
-1.0425297305  441  712  712.257780012  1.74610232873  0.0869207286019
-1.0425297305  441  727  727.50061853  1.60872896724  0.0918425447947
-1.0425297305  440  743  742.755717209  1.74119537601  -0.0424965024127
-1.0425297305  440  758  758.39407298  1.63746989611  0.126603463501
-1.0425297305  440  774  774.063786723  1.8211761435  0.0966164630974
-1.0425297305  440  790  789.832580988  1.80029602104  0.00639322867916
-1.0425297305  440  806  805.767768581  1.76851607717  -0.043794176289
-1.0425297305  440  822  821.875835717  1.83472398578  0.00461079592924
-1.0425297305  440  838  838.135083195  1.8753673326  0.0375200908255
-1.0425297305  440  854  854.478907101  1.72928228195  0.0369752374635
-1.0425297305  439  871  870.865238652  1.88167273525  0.0169224253825
-1.0425297305  439  888  887.535215566  1.78495227647  0.0322604404146
-1.0425297305  439  904  904.339851756  1.81318905954  0.0794304891965
-1.0425297305  439  921  921.28000047  1.88429070112  0.126992056278
-1.0425297305  439  938  938.35629577  1.79633215635  0.126838107058
-1.0425297305  438  955  955.495733879  1.71510634631  0.0993109556372
-1.0425297305  438  973  972.873418234  1.92486313951  0.0553406215381
-1.0425297305  438  990  990.486336156  1.67370007773  0.0808709155321
-1.0425297305  438  1008  1008.27315016  1.86103801337  0.0771829906441
-0.852017730497  438  8  8.46645793558  1.14561259153  0.172635885378
-0.852017730497  438  18  18.499879837  1.15023155459  0.126881896242
-0.852017730497  438  29  28.5751802664  1.2123411028  0.0513954054248
-0.852017730497  438  39  38.718414004  1.30205462297  -0.0496517174198
-0.852017730497  438  49  49.0521674122  1.43848352334  0.074301893159
-0.852017730497  439  59  59.4937271957  1.28333144757  0.168604856246
-0.852017730497  439  70  69.8174136681  1.40901965965  -0.0492193563111
-0.852017730497  439  80  80.397073634  1.20939547128  0.174217271183
-0.852017730497  439  91  90.8218100409  1.46269353927  -0.0213752381056
-0.852017730497  439  101  101.488765452  1.15830190918  0.123314903498
-0.852017730497  439  112  112.20611743  1.45584764027  0.186846389473
-0.852017730497  439  123  122.870108031  1.47928431018  0.0183496000766
-0.852017730497  440  134  133.815322937  1.44365554175  0.0298412026038
-0.852017730497  440  145  144.702000049  1.38160721489  0.0457612305455
-0.852017730497  440  156  155.65825697  1.29476085821  -0.0593093120854
-0.852017730497  440  167  166.719183002  1.41031790238  0.0208469114292
-0.852017730497  440  178  177.854596905  1.46740126769  0.0214533497735
-0.852017730497  440  189  189.101489468  1.51759515731  0.0374465027935
-0.852017730497  440  200  200.414906079  1.23101136004  0.172905560142
-0.852017730497  440  212  211.675849756  1.42508756424  -0.0359143050352
-0.852017730497  441  223  223.316944098  1.4612660269  0.0918895580507
-0.852017730497  441  235  234.7666172  1.52551827894  0.0314753952064
-0.852017730497  441  246  246.439661517  1.33758606876  0.12975342499
-0.852017730497  441  258  258.122879701  1.57479460546  0.119056093883
-0.852017730497  441  270  269.837266644  1.58513208595  0.0672912981166
-0.852017730497  441  282  281.665110481  1.43222772671  0.00628480383491
-0.852017730497  441  294  293.607885159  1.35698570813  0.03310543728
-0.852017730497  441  306  305.635853254  1.3832095883  0.0154268569805
-0.852017730497  441  318  317.743354361  1.512029009  -0.0154192752849
-0.852017730497  441  330  329.993169183  1.63121103294  0.0525037996357
-0.852017730497  441  342  342.325533805  1.48989290183  0.107514784636
-0.852017730497  442  355  354.723657796  1.57139968123  -0.0548194085988
-0.852017730497  442  367  367.286250996  1.58260051137  0.096064856846
-0.852017730497  442  380  379.767335454  1.62306854544  -0.00282040024205
-0.852017730497  442  392  392.490072935  1.17128421993  0.22548095884
-0.852017730497  442  405  405.246279449  1.63768063989  0.127348122458
-0.852017730497  442  418  418.065525027  1.68108836567  0.0890739522738
-0.852017730497  442  431  431.008138366  1.68078683296  0.0768208436233
-0.852017730497  442  444  444.066927572  1.6761897767  0.12556524255
-0.852017730497  442  457  457.225539304  1.65355014135  0.105526321471
-0.852017730497  442  470  470.4684412  1.38295926647  0.0930649559409
-0.852017730497  442  484  483.771733359  1.61456377368  0.00159172772567
-0.852017730497  442  497  497.30144708  1.63000645801  0.0671101663851
-0.852017730497  442  511  510.769559846  1.63429697422  -0.0805553519113
-0.852017730497  442  525  524.508618791  1.49421876807  0.0419594979613
-0.852017730497  442  538  538.316106631  1.62035527338  0.0953211090268
-0.852017730497  442  552  552.192820761  1.6832623341  0.0828624624623
-0.852017730497  442  566  566.196174327  1.69718707506  0.123700078754
-0.852017730497  442  580  580.29757278  1.618126616  0.139586145739
-0.852017730497  442  594  594.493320147  1.45598085562  0.112995481309
-0.852017730497  442  609  608.782881356  1.7011351774  0.0242907532476
-0.852017730497  442  623  623.298498535  1.68036418478  0.0933797686305
-0.852017730497  442  638  637.788772796  1.73343267059  -0.026286961403
-0.852017730497  442  652  652.48105695  1.59713911157  0.0333565544753
-0.852017730497  442  667  667.290103192  1.7822207478  0.0333654813141
-0.852017730497  442  682  682.19026321  1.79811150351  0.0584026390714
-0.852017730497  442  697  697.219224436  1.81529039375  0.0698866533308
-0.852017730497  442  712  712.345399255  1.7085882453  0.0818300098689
-0.852017730497  442  728  727.579994365  1.66238961819  0.0624051332888
-0.852017730497  441  743  742.804741789  1.73126299592  -0.185772925983
-0.852017730497  441  758  758.461782414  1.54769736658  0.102062061968
-0.852017730497  441  774  774.159642405  1.78766800768  0.11528173612
-0.852017730497  441  790  789.92428736  1.82123927224  0.0248118845498
-0.852017730497  441  806  805.853119687  1.81303124999  -0.0328504529227
-0.852017730497  441  822  821.97531151  1.86684330057  0.0218291335636
-0.852017730497  441  838  838.223611302  1.8327288547  0.0460107537314
-0.852017730497  441  855  854.537864751  1.71249442911  -0.0139029994132
-0.852017730497  440  871  870.967971978  1.91743475875  0.0296234555312
-0.852017730497  440  888  887.594964041  1.7847976505  0.013439360194
-0.852017730497  440  904  904.415294002  1.77125792655  0.0870559941272
-0.852017730497  440  921  921.354181362  1.78145990047  0.145162164859
-0.852017730497  440  938  938.424589361  1.71494172903  0.131131654842
-0.852017730497  439  956  955.554826475  1.74127616335  0.0609409965959
-0.852017730497  439  973  972.971090661  1.93582590264  0.0800805335498
-0.852017730497  439  991  990.5403259  1.69706318015  0.0372272505355
-0.852017730497  439  1008  1008.33822549  1.82987976898  0.0774333516109
-0.661505730497  439  9  8.55782644632  1.18719164531  0.0536046969417
-0.661505730497  439  19  18.592649399  1.20435113244  0.0248694083942
-0.661505730497  439  29  28.6821468525  1.29316463681  0.037840389403
-0.661505730497  439  39  38.8859247781  1.42250338978  -0.0122987460975
-0.661505730497  439  49  49.2253168967  1.36037941594  0.128104335241
-0.661505730497  440  60  59.5382504318  1.19271274051  -0.0297068670569
-0.661505730497  440  70  70.0073271057  1.47882102129  0.00603574049904
-0.661505730497  440  80  80.4882836512  1.13116639754  0.126646776455
-0.661505730497  440  91  91.0064809544  1.51347905913  0.0407310383724
-0.661505730497  440  102  101.573722691  1.19327684  0.00506514566129
-0.661505730497  440  112  112.34630462  1.29769366394  0.222206810026
-0.661505730497  440  123  123.037401749  1.51700303372  0.0537686573392
-0.661505730497  441  134  134.00235983  1.52088682201  0.12095712081
-0.661505730497  441  145  144.848038788  1.4845898203  0.0680343172162
-0.661505730497  441  156  155.797422437  1.43218742516  -0.0375353698317
-0.661505730497  441  167  166.872872504  1.48812221876  0.0781083056154
-0.661505730497  441  178  178.019686362  1.52392894796  0.0699938846673
-0.661505730497  441  189  189.248866893  1.4632240372  0.0743671190275
-0.661505730497  441  200  200.497414395  1.19536487678  0.127873947027
-0.661505730497  441  212  211.800267625  1.51935723788  -0.0235184742857
-0.661505730497  442  223  223.439086234  1.32445337194  0.103424572692
-0.661505730497  442  235  234.907286264  1.57712299823  0.0513257139124
-0.661505730497  442  247  246.522441744  1.23424864211  0.0537633627276
-0.661505730497  442  258  258.27792894  1.47863897551  0.160654296881
-0.661505730497  442  270  270.005711986  1.58807178923  0.124603395128
-0.661505730497  442  282  281.803578242  1.53501023345  0.0285735000402
-0.661505730497  442  294  293.7358983  1.50293045444  0.0335649884298
-0.661505730497  442  306  305.768861609  1.51698274748  0.0327155489395
-0.661505730497  442  318  317.894272883  1.57214788106  0.0138266432506
-0.661505730497  442  330  330.149863321  1.56595457328  0.105718920357
-0.661505730497  442  342  342.435304608  1.3636567011  0.0992315857842
-0.661505730497  443  355  354.854525582  1.61373880939  -0.0177092941416
-0.661505730497  443  367  367.383038635  1.53708766511  0.0847347459205
-0.661505730497  443  380  379.893847344  1.68204661589  0.021216436014
-0.661505730497  443  393  392.541691591  1.49523093012  0.0318854112721
-0.661505730497  443  405  405.349435495  1.55776500331  0.136636744025
-0.661505730497  443  418  418.193280855  1.66023315899  0.110435893083
-0.661505730497  443  431  431.131169167  1.68338508384  0.10699788856
-0.661505730497  443  444  444.206973783  1.64311158402  0.170675774409
-0.661505730497  443  457  457.333899407  1.57271887654  0.104552940641
-0.661505730497  443  471  470.531795541  1.43274361763  0.00936216667503
-0.661505730497  443  484  483.887449542  1.68193265503  0.0254278780668
-0.661505730497  443  497  497.388922213  1.58963904424  0.0463194267728
-0.661505730497  443  511  510.901185221  1.6767587266  -0.0450977965038
-0.661505730497  443  525  524.59285525  1.58201957277  0.00790853618527
-0.661505730497  443  538  538.40735475  1.59314206808  0.0849811519245
-0.661505730497  443  552  552.3026199  1.64204178288  0.0865898594875
-0.661505730497  443  566  566.309045638  1.6457201845  0.143002285027
-0.661505730497  443  580  580.395022787  1.56899714798  0.130386917635
-0.661505730497  443  595  594.565280501  1.53355795337  0.0428177462104
-0.661505730497  443  609  608.907403702  1.75073458031  0.0495735655456
-0.661505730497  443  623  623.389740172  1.61186031202  0.0908242289966
-0.661505730497  443  638  637.898877379  1.76173116938  -0.00293218993751
-0.661505730497  443  653  652.559130918  1.68384814539  -0.0198309144827
-0.661505730497  443  667  667.379025401  1.73663966154  0.0328486772267
-0.661505730497  443  682  682.277309418  1.76225822509  0.0543493153648
-0.661505730497  443  697  697.295791639  1.77517937606  0.0610336975015
-0.661505730497  443  712  712.427270874  1.7029372048  0.0755242326278
-0.661505730497  443  728  727.641750782  1.59261756753  0.0541354908394
-0.661505730497  442  743  742.994901806  1.86531183719  0.0636596295027
-0.661505730497  442  759  758.520669316  1.54601397524  0.0356608288225
-0.661505730497  442  774  774.260301349  1.72786897975  0.129377176741
-0.661505730497  442  790  790.044245272  1.81899436418  0.0529002643679
-0.661505730497  442  806  805.972816257  1.8508612569  -0.00703089558156
-0.661505730497  442  822  822.081600762  1.8266183298  0.0413862116859
-0.661505730497  442  838  838.310349866  1.77166021449  0.053890976228
-0.661505730497  442  855  854.590006203  1.57656642252  -0.00510872276615
-0.661505730497  441  871  871.057431448  1.93142892558  0.0500010601203
-0.661505730497  441  888  887.669303961  1.82038854337  0.00298069362739
-0.661505730497  441  904  904.484824529  1.73417102473  0.0703145803531
-0.661505730497  441  921  921.417291763  1.73973341535  0.1307974797
-0.661505730497  441  938  938.480267816  1.63978851027  0.0998002039381
-0.661505730497  440  956  955.613036547  1.78713946661  0.0266353446814
-0.661505730497  440  973  973.073183807  1.94820703165  0.104984640081
-0.661505730497  440  991  990.589040403  1.73892839099  0.00702252391512
-0.661505730497  440  1008  1008.40503815  1.80363024759  0.0763057054983
-0.470993730497  440  9  8.66604650364  1.268947336  0.022879331458
-0.470993730497  440  19  18.706645003  1.27794350779  -0.000672050435793
-0.470993730497  440  29  28.8491467544  1.39699719681  0.0598752987837
-0.470993730497  440  39  39.0771065362  1.42347506395  0.0597963168215
-0.470993730497  440  49  49.3703090644  1.19456102136  0.149424181715
-0.470993730497  440  60  59.6005848552  1.41333252164  -0.0783303932556
-0.470993730497  441  70  70.1790195328  1.43391204132  0.0597600140531
-0.470993730497  441  81  80.5748128683  1.21866223887  0.0136693607788
-0.470993730497  441  91  91.1655690126  1.46757538796  0.0868365312682
-0.470993730497  441  102  101.679308357  1.34413338366  -0.0264099244536
-0.470993730497  441  112  112.461448007  1.17265930206  0.212820603457
-0.470993730497  441  123  123.192500673  1.48320564996  0.0990337075985
-0.470993730497  442  134  134.175119892  1.4486299822  0.197332621876
-0.470993730497  442  145  145.027889522  1.50758846482  0.128222545518
-0.470993730497  442  156  155.965303363  1.49682726667  0.00889590272243
-0.470993730497  442  167  167.034552173  1.50965870601  0.113195498938
-0.470993730497  442  178  178.199901051  1.45313789691  0.130348984299
-0.470993730497  442  189  189.378626818  1.32733794457  0.0696543093338
-0.470993730497  442  201  200.578954605  1.29009919103  0.00391536742805
-0.470993730497  442  212  211.952036657  1.55742677195  0.0180261069409
-0.470993730497  443  224  223.51030701  1.2271219513  0.00982672833772
-0.470993730497  443  235  235.054633723  1.57172466989  0.0901931491471
-0.470993730497  443  247  246.61782513  1.41113489026  0.00611996286417
-0.470993730497  443  258  258.378557309  1.42135669747  0.162594974256
-0.470993730497  443  270  270.147131788  1.57317235035  0.168522877191
-0.470993730497  443  282  281.9514434  1.60903760906  0.0657468285854
-0.470993730497  443  294  293.883498719  1.57974545129  0.0643516834193
-0.470993730497  443  306  305.907470875  1.58706753529  0.0551367223849
-0.470993730497  443  318  318.0406666  1.58065673086  0.0554362280273
-0.470993730497  443  330  330.278407482  1.52867334031  0.116645847694
-0.470993730497  443  343  342.507231385  1.33248579359  0.0235602237983
-0.470993730497  444  355  354.991362462  1.6656619383  0.0006470054492
-0.470993730497  444  367  367.486350511  1.3454164198  0.0905274967023
-0.470993730497  444  380  380.029895011  1.69243604871  0.0493449168424
-0.470993730497  444  393  392.638281738  1.56514393939  -0.000648466718508
-0.470993730497  444  405  405.452185662  1.47106089526  0.131086911895
-0.470993730497  444  418  418.322028042  1.57788224346  0.14639717864
-0.470993730497  444  431  431.265028656  1.63317748166  0.14262150666
-0.470993730497  444  444  444.32366975  1.52540391632  0.204352705394
-0.470993730497  444  457  457.44146985  1.44200617447  0.125688523246
-0.470993730497  444  471  470.613299573  1.49258892761  -0.0343060863871
-0.470993730497  444  484  484.01245153  1.67892558985  0.051904627619
-0.470993730497  444  497  497.488797262  1.42216543869  0.0522890624712
-0.470993730497  444  511  511.034787291  1.73933320579  0.00360980559612
-0.470993730497  444  525  524.67154518  1.62634124903  -0.0165670735005
-0.470993730497  444  538  538.4955431  1.44788458393  0.0760769622624
-0.470993730497  444  552  552.394402013  1.54987346361  0.0940832572402
-0.470993730497  444  566  566.405842138  1.53386411158  0.154455290285
-0.470993730497  444  580  580.481694291  1.42441699713  0.131858038547
-0.470993730497  444  595  594.646968259  1.58101273425  0.00815377597697
-0.470993730497  444  609  609.035105168  1.74727571042  0.0764968651079
-0.470993730497  444  623  623.472689063  1.48101832624  0.0836584419271
-0.470993730497  444  638  638.004827942  1.77803467441  0.0238032681247
-0.470993730497  444  653  652.634656672  1.6923792669  -0.0409781070992
-0.470993730497  444  667  667.466272961  1.67130107424  0.0224411067212
-0.470993730497  444  682  682.366837327  1.68711558999  0.0602641068469
-0.470993730497  444  697  697.403050327  1.72084086061  0.0803206122569
-0.470993730497  444  712  712.503430587  1.6112136134  0.0546987654465
-0.470993730497  443  728  727.663938586  1.7188495805  0.0459500739052
-0.470993730497  443  743  743.105300993  1.84018691852  0.0987674466641
-0.470993730497  443  759  758.597425632  1.68349047198  0.011582687644
-0.470993730497  443  774  774.338461843  1.68475232109  0.125510779092
-0.470993730497  443  790  790.14158297  1.79627785362  0.0770669058856
-0.470993730497  443  806  806.072210617  1.82800386942  0.010201564983
-0.470993730497  443  822  822.172637937  1.82081938605  0.0590843966201
-0.470993730497  443  838  838.387934572  1.73980145462  0.0563980868911
-0.470993730497  442  855  854.649012239  1.70906405161  -0.0523821334402
-0.470993730497  442  871  871.157260127  1.90504165393  0.0705903219421
-0.470993730497  442  888  887.746936114  1.86511803223  0.00430510779589
-0.470993730497  442  905  904.530943807  1.75678279554  0.029402943658
-0.470993730497  442  921  921.489646659  1.70916428521  0.111879617051
-0.470993730497  442  939  938.533516998  1.67404945639  0.0606621217947
-0.470993730497  441  956  955.683317331  1.8203247755  0.0166537760637
-0.470993730497  441  973  973.166389861  1.92098273828  0.119372733368
-0.470993730497  441  991  990.651734627  1.80102354241  -0.00378987734451
-0.470993730497  441  1008  1008.46338482  1.7696787271  0.059102056362
-0.280481730497  441  9  8.80123317613  1.38200842954  0.0240611290241
-0.280481730497  441  19  18.8655690063  1.40969203934  0.0302229160733
-0.280481730497  441  29  29.0304096342  1.43506448603  0.1154906179
-0.280481730497  441  39  39.2410849085  1.35859539171  0.0954857338689
-0.280481730497  441  49  49.4648081074  1.15020609507  0.122696125237
-0.280481730497  441  60  59.6954329919  1.30702320373  -0.0416937251472
-0.280481730497  442  70  70.3343267892  1.30048488729  0.0948443286827
-0.280481730497  442  81  80.6940660664  1.36539729484  0.00380327049509
-0.280481730497  442  91  91.3182214519  1.38950860981  0.124430174031
-0.280481730497  442  102  101.82716364  1.44201433406  -0.00723620719272
-0.280481730497  442  113  112.530900507  1.17793170765  0.0858251029429
-0.280481730497  442  123  123.347814516  1.38091118991  0.145549726823
-0.280481730497  442  134  134.255823645  1.52292539758  0.20506907315
-0.280481730497  443  145  145.20062931  1.44516833521  0.189429026564
-0.280481730497  443  156  156.120980269  1.50144015228  0.043360986576
-0.280481730497  443  167  167.197593023  1.44313945502  0.162319974616
-0.280481730497  443  178  178.331334623  1.33106627017  0.161471312117
-0.280481730497  443  189  189.466527301  1.23320285011  0.033413499127
-0.280481730497  443  201  200.689396979  1.4322595169  0.00856692935669
-0.280481730497  443  212  212.101101922  1.57442920411  0.0518207445075
-0.280481730497  444  224  223.557480953  1.37205723265  -0.0631265823809
-0.280481730497  444  235  235.217121391  1.51648057711  0.133299976233
-0.280481730497  444  247  246.723388089  1.497997102  -0.00447463141757
-0.280481730497  444  258  258.483963008  1.23086388269  0.150089182385
-0.280481730497  444  270  270.290470661  1.44601120497  0.21296512848
-0.280481730497  444  282  282.097784801  1.5749814545  0.0980684943534
-0.280481730497  444  294  294.039757903  1.59704375098  0.106342559486
-0.280481730497  444  306  306.059590136  1.58680502538  0.108388466934
-0.280481730497  444  318  318.186833618  1.54209914863  0.0940735088251
-0.280481730497  444  330  330.400816726  1.35513187969  0.145199217935
-0.280481730497  444  343  342.590256992  1.42219143892  -0.0204390587285
-0.280481730497  445  355  355.152008615  1.61536376951  0.0999122957803
-0.280481730497  445  368  367.558649052  1.4741197926  0.0109080243819
-0.280481730497  445  380  380.145406279  1.66909636327  0.0248289685624
-0.280481730497  445  393  392.744066961  1.60868649323  -0.0150036284413
-0.280481730497  445  406  405.521158836  1.49542341461  0.0688563781331
-0.280481730497  445  418  418.408709095  1.51125563938  0.136172073998
-0.280481730497  445  431  431.360903503  1.56275120709  0.143318682274
-0.280481730497  445  444  444.405464004  1.43177018027  0.186077295803
-0.280481730497  445  458  457.512376974  1.37958130623  0.061022894764
-0.280481730497  445  471  470.707913688  1.59294728978  -0.037128764352
-0.280481730497  445  484  484.140639765  1.67173101995  0.0839379912304
-0.280481730497  445  498  497.544159381  1.47397505563  -0.0188776099486
-0.280481730497  445  511  511.145517196  1.71154795217  0.0163248367935
-0.280481730497  445  525  524.769116944  1.66036492342  -0.00734386059305
-0.280481730497  445  539  538.564376394  1.52345043961  0.00447022640618
-0.280481730497  445  552  552.477435691  1.4990515337  0.0669951742839
-0.280481730497  445  566  566.483014085  1.48746323844  0.135838029794
-0.280481730497  445  581  580.538306739  1.44052623587  0.0500687335616
-0.280481730497  445  595  594.746858866  1.66178781072  0.0208868068193
-0.280481730497  445  609  609.153135139  1.72336819727  0.110500311857
-0.280481730497  445  624  623.534035434  1.45735906027  0.00814669505813
-0.280481730497  445  638  638.119600559  1.75526243727  0.0477930066277
-0.280481730497  445  653  652.718183093  1.76444121699  -0.0396152914362
-0.280481730497  445  668  667.540423904  1.62763658531  -0.0137429633718
-0.280481730497  445  682  682.450431051  1.66652105819  0.0462017509904
-0.280481730497  445  697  697.47898639  1.67509997223  0.0725938542996
-0.280481730497  445  713  712.574375452  1.67443268912  0.00429145482423
-0.280481730497  444  728  727.753281912  1.78249180143  0.0375889527156
-0.280481730497  444  743  743.213415792  1.79469078376  0.122965219267
-0.280481730497  444  759  758.671356439  1.7276064419  -0.00445948929394
-0.280481730497  444  774  774.433586559  1.57069555346  0.142295344395
-0.280481730497  444  790  790.241455459  1.77325194855  0.0930257723333
-0.280481730497  444  806  806.182014635  1.81286153725  0.0381433875806
-0.280481730497  444  822  822.277710366  1.79719588757  0.0835969236109
-0.280481730497  444  838  838.472287847  1.65277567647  0.0479405910203
-0.280481730497  443  855  854.67675751  1.8079766218  -0.0325079679338
-0.280481730497  443  871  871.242848417  1.86663060706  0.0719176518277
-0.280481730497  443  888  887.830267448  1.87735081148  0.010936860758
-0.280481730497  443  905  904.598968101  1.78248084377  0.0109592420019
-0.280481730497  443  922  921.554237586  1.78293664062  0.0730828965573
-0.280481730497  443  939  938.595060551  1.7728518587  0.0296760048854
-0.280481730497  442  956  955.762044238  1.85850083584  0.0287351701698
-0.280481730497  442  973  973.24241069  1.88154565903  0.136362643414
-0.280481730497  442  991  990.722518894  1.86731866409  -0.0124073770496
-0.280481730497  442  1009  1008.506649  1.72797595938  0.0124249520998
-0.0899697304969  442  9  8.97870225656  1.44708092754  0.0720517883615
-0.0899697304969  442  19  19.0455034858  1.44220175956  0.0812803724991
-0.0899697304969  442  29  29.21370761  1.33871630179  0.167947122498
-0.0899697304969  442  39  39.3783296007  1.21109722035  0.101439615731
-0.0899697304969  442  50  49.5576936171  1.17443643375  0.00388246834931
-0.0899697304969  442  60  59.8652678091  1.45675558182  0.0245294475455
-0.0899697304969  443  70  70.4466435374  1.21727242963  0.0898440672331
-0.0899697304969  443  81  80.8395936251  1.46626356168  0.0208523886235
-0.0899697304969  443  91  91.4321881763  1.27027589075  0.104863558449
-0.0899697304969  443  102  101.992764614  1.51486538559  0.0340398602067
-0.0899697304969  443  113  112.635416011  1.3098523301  0.0387649267376
-0.0899697304969  443  123  123.451008757  1.23569024233  0.122575692905
-0.0899697304969  443  134  134.297406517  1.40226118068  0.0930524346907
-0.0899697304969  444  145  145.333814586  1.31896137105  0.223817399831
-0.0899697304969  444  156  156.277483025  1.39651785809  0.0866267649682
-0.0899697304969  444  167  167.345652238  1.30278793298  0.197729757014
-0.0899697304969  444  178  178.426895049  1.2356185429  0.117789274315
-0.0899697304969  444  190  189.549198685  1.21933849187  -0.0729354203552
-0.0899697304969  444  201  200.830278308  1.54158231811  0.024438455746
-0.0899697304969  444  212  212.261110931  1.46692705122  0.0953517258376
-0.0899697304969  444  224  223.60205614  1.335843283  -0.0515158082519
-0.0899697304969  445  235  235.337323208  1.41831292997  0.14744434776
-0.0899697304969  445  247  246.858031225  1.54770861107  0.0135126107104
-0.0899697304969  445  259  258.546052552  1.26642374535  0.0461008605828
-0.0899697304969  445  270  270.394371817  1.35061206432  0.222224446536
-0.0899697304969  445  282  282.240579005  1.53214913823  0.133271034942
-0.0899697304969  445  294  294.181030772  1.55810545671  0.150820135628
-0.0899697304969  445  306  306.208502171  1.54657470398  0.150886740894
-0.0899697304969  445  318  318.309377595  1.46129614415  0.117125921741
-0.0899697304969  445  330  330.482762  1.24652721448  0.121832854452
-0.0899697304969  445  343  342.693762853  1.53426725569  -0.0274086911016
-0.0899697304969  445  355  355.136412248  1.63696961268  0.0481179364483
-0.0899697304969  446  368  367.654398748  1.56808576478  -0.00162107155978
-0.0899697304969  446  380  380.273420348  1.61370346926  0.0150315456247
-0.0899697304969  446  393  392.876940546  1.69341082323  0.0191453416047
-0.0899697304969  446  406  405.626534044  1.58923238522  0.0385490047665
-0.0899697304969  446  418  418.497133746  1.45065597868  0.100667751551
-0.0899697304969  446  431  431.455329386  1.50480736991  0.125269530516
-0.0899697304969  446  444  444.485556597  1.33082685635  0.145473810101
-0.0899697304969  446  458  457.595687878  1.46660875583  0.0248103859877
-0.0899697304969  446  471  470.832289031  1.65610210437  -0.0146176446968
-0.0899697304969  446  484  484.252229293  1.57415035906  0.102067523421
-0.0899697304969  446  498  497.643593019  1.54127934718  -0.0310360722103
-0.0899697304969  446  511  511.261061228  1.67206035419  0.0303864505692
-0.0899697304969  446  525  524.872624624  1.70955096263  -0.00922416865208
-0.0899697304969  446  539  538.6463843  1.61008199796  -0.0234883295723
-0.0899697304969  446  553  552.551839445  1.54189041385  0.0107027871233
-0.0899697304969  446  567  566.545653708  1.53724459886  0.052853904737
-0.0899697304969  446  581  580.621585422  1.59101694309  0.015131439746
-0.0899697304969  446  595  594.853844516  1.72808248384  0.0281257023751
-0.0899697304969  446  609  609.271101183  1.68310107344  0.129910825524
-0.0899697304969  446  624  623.618839871  1.6117686219  -0.0206501258919
-0.0899697304969  446  638  638.22760535  1.69707522238  0.0568052005114
-0.0899697304969  446  653  652.829938181  1.78558558529  -0.0308453865857
-0.0899697304969  446  668  667.609684033  1.6824547501  -0.0369916434333
-0.0899697304969  446  683  682.528350484  1.70749356972  0.00179093229772
-0.0899697304969  446  698  697.544571395  1.69236232749  0.027271997012
-0.0899697304969  446  713  712.654886155  1.74853006163  -0.00834830112316
-0.0899697304969  445  728  727.845179278  1.80808598184  0.050790808604
-0.0899697304969  445  743  743.312977971  1.73667867058  0.14337724625
-0.0899697304969  445  759  758.769283494  1.76581551524  -0.00111109367938
-0.0899697304969  445  774  774.487451055  1.44918129358  0.110638030392
-0.0899697304969  445  790  790.333543673  1.70235864799  0.105227877449
-0.0899697304969  445  806  806.270357566  1.76721810746  0.0544598140249
-0.0899697304969  445  822  822.354539768  1.71287076964  0.0860521915124
-0.0899697304969  445  839  838.517427889  1.65792079324  -0.00681480727627
-0.0899697304969  444  855  854.759162239  1.81330490261  -0.0428757350078
-0.0899697304969  444  871  871.324232512  1.81137377412  0.089135199936
-0.0899697304969  444  888  887.913843478  1.90855913113  0.0281874142926
-0.0899697304969  444  905  904.670222534  1.82507348587  -0.00204122875558
-0.0899697304969  444  922  921.611205245  1.79879700185  0.0482465271297
-0.0899697304969  444  939  938.674144244  1.8547076372  0.0432224333757
-0.0899697304969  443  956  955.851732817  1.88819256407  0.04176257242
-0.0899697304969  443  973  973.325187002  1.83804723832  0.146264582712
-0.0899697304969  443  991  990.815663912  1.89106371784  0.00215332450054
-0.0899697304969  443  1009  1008.56335739  1.7790987382  -0.00713460766097
0.100542269503  443  9  9.16171783737  1.41403834152  0.115630765871
0.100542269503  443  19  19.2213182939  1.37762463893  0.122266427271
0.100542269503  443  29  29.3521189059  1.2224959126  0.190764062442
0.100542269503  443  39  39.4777656063  1.17861171384  0.0732869356
0.100542269503  443  50  49.6571207145  1.28221352881  -0.0295715380007
0.100542269503  443  60  60.039792884  1.48931832288  0.0726821746753
0.100542269503  444  71  70.5276802239  1.17986079328  -0.0323307290597
0.100542269503  444  81  81.0132868298  1.48379726046  0.0770307369314
0.100542269503  444  92  91.5201217378  1.20228585306  0.00971225351074
0.100542269503  444  102  102.16704843  1.47346064096  0.080198980066
0.100542269503  444  113  112.767893289  1.45688126993  0.045823205815
0.100542269503  444  124  123.535932821  1.20131373143  0.0187644915149
0.100542269503  444  134  134.427931728  1.1785767581  0.205464179708
0.100542269503  445  145  145.435101686  1.19136736196  0.201773865706
0.100542269503  445  156  156.38991952  1.31082926685  0.0824077296768
0.100542269503  445  167  167.434462941  1.21796244369  0.148284208372
0.100542269503  445  179  178.505871332  1.23250076267  0.0383883741078
0.100542269503  445  190  189.639523044  1.3171227099  -0.114479506499
0.100542269503  445  201  200.980169928  1.54070377203  0.0522823246518
0.100542269503  445  212  212.375489889  1.40288271485  0.0969804731126
0.100542269503  445  224  223.716403121  1.47802586395  -0.0591782669349
0.100542269503  446  235  235.443969555  1.27703363049  0.138389608367
0.100542269503  446  247  247.012433414  1.59467842342  0.0384919459145
0.100542269503  446  259  258.657003073  1.45927977464  0.00445961186501
0.100542269503  446  270  270.484022377  1.22045612583  0.184979373618
0.100542269503  446  282  282.363288044  1.41967240576  0.156137533186
0.100542269503  446  294  294.308562716  1.45310238644  0.16938659135
0.100542269503  446  306  306.331500149  1.43199993934  0.16470697792
0.100542269503  446  318  318.413444498  1.34482163739  0.102971290136
0.100542269503  446  331  330.554307176  1.32994670899  0.00878612681183
0.100542269503  446  343  342.824501098  1.61038476074  -0.0100035845315
0.100542269503  446  355  355.254649284  1.59870229391  0.0544396656441
0.100542269503  447  368  367.774302376  1.65229319229  0.017911020616
0.100542269503  447  380  380.3891455  1.57480482312  0.0770828854215
0.100542269503  447  393  392.9985208  1.70306965367  0.0304186304398
0.100542269503  447  406  405.731605241  1.66874685669  0.0553692825102
0.100542269503  447  419  418.574416477  1.58710672625  0.0361892921625
0.100542269503  447  432  431.527719371  1.55125438463  0.0593559991801
0.100542269503  447  445  444.560247655  1.52363102745  0.055772330823
0.100542269503  447  458  457.682545789  1.58762189661  -0.0010207219519
0.100542269503  447  471  470.945044996  1.68462913701  -0.00396291863717
0.100542269503  447  484  484.357880272  1.55446265328  0.0889277708084
0.100542269503  447  498  497.7414899  1.64026785355  -0.0289504771799
0.100542269503  447  511  511.362400839  1.62756751842  0.0196855092235
0.100542269503  447  525  525.018786754  1.71912805203  0.0360119941766
0.100542269503  447  539  538.753035451  1.68786070861  -0.0122712803165
0.100542269503  447  553  552.658270914  1.64752493585  0.00451207083311
0.100542269503  447  567  566.641770474  1.64047520986  0.034369364076
0.100542269503  447  581  580.723413487  1.67829655293  0.0297274269575
0.100542269503  447  595  594.966732638  1.73658856981  0.0533100781971
0.100542269503  447  609  609.357977393  1.6235562423  0.129737133354
0.100542269503  447  624  623.713899175  1.67731521583  -0.0135370887418
0.100542269503  447  638  638.319066259  1.69309190996  0.0507380162565
0.100542269503  447  653  652.942108071  1.80572474996  -0.00712551794271
0.100542269503  447  668  667.688372401  1.72725841563  -0.045324728377
0.100542269503  447  683  682.597978772  1.75558958615  -0.00536973961854
0.100542269503  447  698  697.61943373  1.72254307097  0.0125041935622
0.100542269503  447  713  712.714470171  1.69761588995  -0.0148403844219
0.100542269503  446  728  727.970508885  1.83521847701  0.0761321571633
0.100542269503  446  743  743.402883538  1.66788353087  0.143873947731
0.100542269503  446  759  758.859406837  1.82086553848  0.00589052999969
0.100542269503  446  775  774.541948461  1.57852768769  0.0331410790124
0.100542269503  446  790  790.404369267  1.63730986928  0.0926509276131
0.100542269503  446  806  806.356189754  1.73284943969  0.0553742761121
0.100542269503  446  822  822.429429079  1.6777284877  0.0746546261639
0.100542269503  446  839  838.583234961  1.71494822079  -0.0241448235949
0.100542269503  445  855  854.84368692  1.86183885963  -0.0322897857621
0.100542269503  445  871  871.402110381  1.75470740575  0.0826538104552
0.100542269503  445  888  888.01667566  1.90641760487  0.0497319942546
0.100542269503  445  905  904.753423792  1.86162198761  0.00080808593869
0.100542269503  445  922  921.68059027  1.81671886396  0.0539655260303
0.100542269503  445  939  938.720359432  1.78082788988  0.0401031337864
0.100542269503  444  956  955.935388411  1.92413167827  0.0495899096662
0.100542269503  444  973  973.394259391  1.75165111174  0.148001838454
0.100542269503  444  991  990.889804603  1.93960871957  0.0140221558817
0.100542269503  444  1009  1008.63320134  1.79782513037  -0.0173143672513
0.291054269503  444  9  9.32988703362  1.26190470688  0.163833948354
0.291054269503  444  19  19.3689150217  1.23420233654  0.151271533426
0.291054269503  444  29  29.4594895707  1.15242236673  0.162924931274
0.291054269503  444  40  39.5672350743  1.20647064612  -0.0261009907565
0.291054269503  444  50  49.8022570202  1.39751222074  -0.0155995833333
0.291054269503  444  60  60.2219523856  1.3764993665  0.125803412997
0.291054269503  445  71  70.6188918515  1.25100423177  -0.0671811870503
0.291054269503  445  81  81.1648793235  1.4501452947  0.113867855376
0.291054269503  445  92  91.6144545934  1.27568526093  -0.0337822593457
0.291054269503  445  102  102.307916798  1.39613277688  0.113797007954
0.291054269503  445  113  112.926730464  1.52016876717  0.0805332848778
0.291054269503  445  124  123.618907861  1.29889243595  -0.0366867358747
0.291054269503  445  135  134.510837953  1.18458700501  0.120585664917
0.291054269503  446  146  145.520254792  1.21438726899  0.0879810932399
0.291054269503  446  156  156.48743661  1.2241270943  0.0398226799984
0.291054269503  446  168  167.515701219  1.2000540793  0.0476161267211
0.291054269503  446  179  178.591762683  1.29463256511  -0.017215814386
0.291054269503  446  190  189.778798408  1.45126801026  -0.0838426000022
0.291054269503  446  201  201.137932448  1.54071671127  0.0797920533487
0.291054269503  446  212  212.47876614  1.21949277573  0.0870365447649
0.291054269503  446  224  223.856021425  1.53065222216  -0.0338523148211
0.291054269503  447  236  235.520396942  1.37582583638  0.0476780687918
0.291054269503  447  247  247.145396216  1.57153700494  0.0651628172017
0.291054269503  447  259  258.773714359  1.53139810103  0.00236926219277
0.291054269503  447  271  270.551402592  1.26466129945  0.0761956224736
0.291054269503  447  282  282.463038087  1.30429383627  0.140979840618
0.291054269503  447  294  294.407834393  1.37119262859  0.172378682478
0.291054269503  447  306  306.436566927  1.30970150646  0.159545743316
0.291054269503  447  318  318.498326133  1.24889371834  0.0576237399169
0.291054269503  447  331  330.650764514  1.47561581243  -0.00270421521203
0.291054269503  447  343  342.957807065  1.63434454059  0.0100906143432
0.291054269503  447  355  355.359190158  1.56707079181  0.0530428448511
0.291054269503  448  368  367.895863926  1.66315533822  0.00479796562511
0.291054269503  448  380  380.47965448  1.4573895742  0.0694966699394
0.291054269503  448  393  393.131387889  1.6997604629  0.0618655971489
0.291054269503  448  406  405.864805734  1.68622782754  0.0942444065961
0.291054269503  448  419  418.663233716  1.58330558015  0.0188920924861
0.291054269503  448  432  431.619301457  1.52912007005  0.0133069824124
0.291054269503  448  445  444.645934482  1.56991009624  0.0271472898369
0.291054269503  448  458  457.796633544  1.65019278056  0.00498856587115
0.291054269503  448  471  471.08747069  1.70218547435  0.041065569797
0.291054269503  448  484  484.453317057  1.38459273978  0.0985655071357
0.291054269503  448  498  497.844609588  1.6468618625  -0.0296991715427
0.291054269503  448  511  511.467534535  1.49478365292  0.0349424999879
0.291054269503  448  525  525.150268346  1.71036454202  0.0670984974269
0.291054269503  448  539  538.856357162  1.70728350186  -0.000235578192597
0.291054269503  448  553  552.734921728  1.66875586557  -0.0182015954841
0.291054269503  448  567  566.733042338  1.66159208809  0.0191682835162
0.291054269503  448  581  580.825971439  1.71209318679  0.0314506222708
0.291054269503  448  595  595.096588743  1.74735838735  0.0834124058805
0.291054269503  448  609  609.445271156  1.53698215196  0.128291316592
0.291054269503  448  624  623.815904461  1.71618597138  -0.0182231807292
0.291054269503  448  638  638.420243799  1.58422581532  0.065054027657
0.291054269503  448  653  653.058487206  1.81367186517  0.0150162746274
0.291054269503  448  668  667.785723171  1.75519921078  -0.0415491361752
0.291054269503  448  683  682.685881414  1.75826415792  -0.0263381493876
0.291054269503  448  698  697.710149027  1.76948749084  0.00619520567706
0.291054269503  447  713  712.746337937  1.79944335822  0.00567363482583
0.291054269503  447  728  728.06964653  1.83277228317  0.093422004646
0.291054269503  447  743  743.463813279  1.62939169393  0.113635886789
0.291054269503  447  759  758.970704011  1.8359078423  0.0329401822947
0.291054269503  447  775  774.626997607  1.72783819882  0.00683327345602
0.291054269503  447  790  790.463801975  1.61330747622  0.0646846496972
0.291054269503  447  806  806.411776863  1.69931049256  0.0270498864039
0.291054269503  447  822  822.483226903  1.69345189248  0.0298723917722
0.291054269503  447  839  838.650484107  1.79449106995  -0.0380226961175
0.291054269503  446  855  854.936756021  1.90861715272  -0.0221783166225
0.291054269503  446  871  871.472462715  1.75117981851  0.0678756575232
0.291054269503  446  888  888.106813911  1.9173085782  0.0650198043945
0.291054269503  446  905  904.82575369  1.890483068  0.0122503212344
0.291054269503  446  922  921.757982172  1.88313775489  0.0427301087422
0.291054269503  445  939  938.731200923  1.85592064389  -0.00748162894159
0.291054269503  445  956  956.026818464  1.92194130775  0.0715651796844
0.291054269503  445  973  973.456515966  1.70750579436  0.136059091048
0.291054269503  445  991  990.973114037  1.96564331384  0.0240118978212
0.291054269503  445  1009  1008.69456905  1.81512964813  -0.0312217050373
0.481566269503  445  9  9.43978983687  1.18550086987  0.151314290643
0.481566269503  445  19  19.4736435922  1.16970069003  0.119907170922
0.481566269503  445  30  29.539650251  1.22415826672  0.0470458157526
0.481566269503  445  40  39.6811162366  1.27412175179  -0.0419694343145
0.481566269503  445  50  49.9787959607  1.45343867506  0.042701270305
0.481566269503  445  60  60.3622509024  1.24844385754  0.150767294889
0.481566269503  446  71  70.7433312326  1.37193707984  -0.0746500305681
0.481566269503  446  81  81.328544147  1.32977792816  0.143311190431
0.481566269503  446  92  91.7416167079  1.37752530983  -0.0195802805711
0.481566269503  446  102  102.430246734  1.22793783973  0.122138493385
0.481566269503  446  113  113.099853901  1.5017023222  0.144501760972
0.481566269503  446  124  123.767691249  1.40847947476  -0.0177100277257
0.481566269503  446  135  134.649860428  1.60262471907  0.135653149882
0.481566269503  447  146  145.605841059  1.28422215294  0.0530166985594
0.481566269503  447  157  156.568893891  1.1916908648  -0.0471658076483
0.481566269503  447  168  167.601489497  1.27917212517  0.0021996137979
0.481566269503  447  179  178.714161452  1.43459406164  -0.0175282384007
0.481566269503  447  190  189.918887582  1.52992397338  -0.071935182307
0.481566269503  447  201  201.282334742  1.41842887751  0.124441911979
0.481566269503  447  213  212.552582585  1.25191552245  -0.00356217550401
0.481566269503  447  224  223.995856812  1.57124963457  -0.012575791555
0.481566269503  448  236  235.613454126  1.39413225791  -0.00187559461258
0.481566269503  448  247  247.284574402  1.51354902329  0.102653917357
0.481566269503  448  259  258.919211156  1.59238637259  0.0339376854231
0.481566269503  448  271  270.651427099  1.43125776364  0.0327443703019
0.481566269503  448  283  282.531112384  1.25107730222  0.0359662881034
0.481566269503  448  294  294.4968894  1.22607319414  0.137161361045
0.481566269503  448  306  306.509276587  1.24444208043  0.112188483067
0.481566269503  448  319  318.575986126  1.32660112696  -0.020871679585
0.481566269503  448  331  330.758545884  1.56760158534  -0.0214450183947
0.481566269503  448  343  343.101582199  1.63854518854  0.0356697650767
0.481566269503  448  355  355.467704398  1.42992314395  0.0540291366791
0.481566269503  448  368  367.899456427  1.66656339724  0.0275455616517
0.481566269503  449  381  380.565401371  1.52124073984  0.00178058126496
0.481566269503  449  393  393.249035178  1.64938411388  0.0790048787037
0.481566269503  449  406  405.98668585  1.70535512679  0.100762321372
0.481566269503  449  419  418.774209317  1.65753278319  0.0321720832221
0.481566269503  449  432  431.715314785  1.60405177505  0.00888516258936
0.481566269503  449  445  444.755134723  1.63112730974  0.0355560867377
0.481566269503  449  458  457.928418955  1.68362785486  0.0366169670178
0.481566269503  449  471  471.206235687  1.67562302949  0.0607900745543
0.481566269503  449  485  484.516919306  1.42067078272  0.0171765325299
0.481566269503  449  498  497.962623925  1.69965181538  -0.00997680892928
0.481566269503  449  512  511.530748738  1.42868591615  -0.0352682809077
0.481566269503  449  525  525.258527455  1.65786801883  0.090357629152
0.481566269503  449  539  538.981702072  1.72931639898  0.0259422348951
0.481566269503  449  553  552.85030938  1.7070959112  0.00304221839396
0.481566269503  449  567  566.84640678  1.72988315767  0.0422172006021
0.481566269503  449  581  580.953390882  1.73876536323  0.0613020505701
0.481566269503  449  595  595.211708832  1.71398316378  0.109983613555
0.481566269503  449  610  609.507363441  1.44743226759  0.0620862962599
0.481566269503  449  624  623.920089254  1.74370617625  -0.00172802067763
0.481566269503  449  638  638.484043528  1.60476040697  0.0238094304682
0.481566269503  449  653  653.170867096  1.77170370152  0.0419467511399
0.481566269503  449  668  667.893684415  1.80733633077  -0.0245678070279
0.481566269503  449  683  682.781782624  1.801497607  -0.0137577007468
0.481566269503  449  698  697.793933106  1.77634296041  0.00455630189093
0.481566269503  448  713  712.822288349  1.83673830303  -0.00293927711057
0.481566269503  448  728  728.170793007  1.80246967942  0.115714221095
0.481566269503  448  744  743.524247522  1.59252265337  0.0657531066523
0.481566269503  448  759  759.076716409  1.85062287906  0.0578318101809
0.481566269503  448  775  774.704970275  1.75130017572  0.00684252922971
0.481566269503  448  791  790.524211361  1.56569063494  2.05664806657e-05
0.481566269503  448  806  806.484496419  1.60298837611  0.0067679886914
0.481566269503  448  823  822.544690831  1.65830904546  -0.00412405617543
0.481566269503  448  839  838.738746001  1.83479486279  -0.0260021091939
0.481566269503  447  855  855.026810732  1.90154762303  -0.00721668227607
0.481566269503  447  872  871.537741149  1.77554245785  0.0340638640962
0.481566269503  447  888  888.185477021  1.88079139703  0.0769053023721
0.481566269503  447  905  904.913395035  1.90801081081  0.024518575549
0.481566269503  447  922  921.85296861  1.88653024382  0.0590623626624
0.481566269503  446  939  938.813202658  1.9163203119  0.0196659852936
0.481566269503  446  956  956.105319148  1.89215767569  0.0777351791231
0.481566269503  446  973  973.499423526  1.66427984933  0.104217812789
0.481566269503  446  991  991.071678607  1.96561464277  0.0514831405539
0.481566269503  446  1009  1008.73072486  1.75422992162  -0.0205128749586
0.672078269503  446  10  9.53502552736  1.21320954811  0.0547985944635
0.672078269503  446  20  19.5670754295  1.19699776686  0.023517242096
0.672078269503  446  30  29.6526007289  1.26034537782  0.029452498181
0.672078269503  446  40  39.8251433223  1.38026885768  -0.0235375197643
0.672078269503  446  50  50.1609745657  1.40815574209  0.0999263765592
0.672078269503  446  60  60.4605416724  1.1522005633  0.119407350886
0.672078269503  447  71  70.9193915658  1.45760802128  -0.013756341526
0.672078269503  447  81  81.4361230607  1.16168596859  0.133980294916
0.672078269503  447  92  91.9063246956  1.48536226435  0.0293668972755
0.672078269503  447  103  102.51731234  1.16631474836  0.00564416045356
0.672078269503  447  113  113.251520358  1.44018261824  0.170239371868
0.672078269503  447  124  123.906761411  1.51221421449  0.0106242092201
0.672078269503  447  135  134.826807287  1.67252711377  0.217841266419
0.672078269503  448  146  145.726524823  1.3967417306  0.0270610624951
0.672078269503  448  157  156.674009879  1.34853932664  -0.0777178811619
0.672078269503  448  168  167.735872504  1.40570327497  0.00395211294139
0.672078269503  448  179  178.864870717  1.51093269347  0.0281000189976
0.672078269503  448  190  190.102152693  1.51890396623  0.0183545720158
0.672078269503  448  201  201.403941629  1.31106461626  0.134635931226
0.672078269503  448  213  212.654439094  1.43288976574  -0.0572678196008
0.672078269503  448  224  224.156598986  1.53063992535  0.0377878613717
0.672078269503  449  236  235.66649718  1.57279917237  -0.00559960387644
0.672078269503  449  247  247.402323154  1.40789367577  0.114255954612
0.672078269503  449  259  259.060538447  1.58283273555  0.0708994165478
0.672078269503  449  271  270.789665407  1.54469556156  0.0547799382488
0.672078269503  449  283  282.621936737  1.3557387057  0.00741063849398
0.672078269503  449  295  294.566206397  1.27340207522  0.0408670698477
0.672078269503  449  307  306.580223589  1.35195056377  0.00661915886938
0.672078269503  449  319  318.678625143  1.44876168061  -0.030777058116
0.672078269503  449  331  330.892038564  1.60926298453  0.0121124910016
0.672078269503  449  343  343.243548239  1.59627203834  0.0826347512097
0.672078269503  449  356  355.54199989  1.43747333511  -0.0250024365936
0.672078269503  449  368  368.035387865  1.6699449633  0.0504141952639
0.672078269503  450  381  380.657688935  1.57783979293  -0.0173316937077
0.672078269503  450  393  393.353453929  1.60605291823  0.0701346399913
0.672078269503  450  406  406.112989248  1.68241854835  0.114337861906
0.672078269503  450  419  418.901830081  1.72090849874  0.0392600150659
0.672078269503  450  432  431.844338249  1.65929542185  0.0316100806366
0.672078269503  450  445  444.882922258  1.68668854961  0.0538309246786
0.672078269503  450  458  458.056882166  1.66983564922  0.0608182551085
0.672078269503  450  471  471.320948878  1.61566742747  0.077056542727
0.672078269503  450  485  484.600788364  1.56000936016  -0.0151017864456
0.672078269503  450  498  498.088203139  1.67861470878  0.0083825056438
0.672078269503  450  512  511.610300494  1.47679243622  -0.069796555966
0.672078269503  450  525  525.361904132  1.58841932913  0.0922258698212
0.672078269503  450  539  539.112574242  1.73259674009  0.0551117070312
0.672078269503  450  553  552.967590096  1.73728693074  0.0245054597597
0.672078269503  450  567  566.970272481  1.7566720493  0.0673479242985
0.672078269503  450  581  581.068054741  1.741568548  0.0861392875683
0.672078269503  450  595  595.322293053  1.65496937128  0.124651096319
0.672078269503  450  610  609.58142346  1.50818711494  0.0162807759891
0.672078269503  450  624  624.034944524  1.74749550812  0.0286092553671
0.672078269503  450  639  638.558742468  1.57735309635  -0.0296570694732
0.672078269503  450  653  653.265198682  1.75140419322  0.0431782894583
0.672078269503  450  668  667.995214847  1.82105502783  -0.0176113345634
0.672078269503  450  683  682.876715219  1.82612444185  -0.00578527024567
0.672078269503  450  698  697.912543546  1.82621953061  0.0462431720973
0.672078269503  449  713  712.940341625  1.84130762005  0.019899707101
0.672078269503  449  728  728.25997199  1.74092801066  0.12449724024
0.672078269503  449  744  743.605750745  1.65191281061  0.0413694397684
0.672078269503  449  759  759.190819573  1.81881081652  0.0878238917759
0.672078269503  449  775  774.796943943  1.80911832341  0.0086328442086
0.672078269503  449  791  790.592622348  1.65139407359  -0.0224319557172
0.672078269503  449  807  806.541974224  1.64514716037  -0.0453213761257
0.672078269503  449  823  822.619515858  1.71142502435  -0.0192419746234
0.672078269503  449  839  838.827143067  1.86311992215  -0.020887575143
0.672078269503  448  855  855.13296021  1.89762300147  0.0194554084426
0.672078269503  448  872  871.592328451  1.78038374789  0.00236003690587
0.672078269503  448  888  888.272067692  1.84128352654  0.0838297185533
0.672078269503  448  905  905.010680756  1.91613698252  0.0403502213233
0.672078269503  448  922  921.929032616  1.91642093788  0.0660966741965
0.672078269503  447  939  938.910979645  1.9533806661  0.0444935841566
0.672078269503  447  956  956.181498378  1.86758671933  0.0883403100318
0.672078269503  447  974  973.566454409  1.74349182573  0.062271779415
0.672078269503  447  991  991.16410054  1.91989620176  0.0687957529594
0.672078269503  446  1009  1008.79940538  1.83204829591  -0.0415215415834
0.862590269503  447  10  9.63429231462  1.26385575762  0.0435786090835
0.862590269503  447  20  19.6624902756  1.23808118753  -0.0128427118163
0.862590269503  447  30  29.808176987  1.39897355222  0.0785044360763
0.862590269503  447  40  40.0145529318  1.4550877002  0.0439209871611
0.862590269503  447  50  50.3210812963  1.28254291013  0.144109264276
0.862590269503  447  61  60.544387354  1.18655720555  0.0147634010161
0.862590269503  448  71  71.0096144505  1.6174083454  -0.0340020383523
0.862590269503  448  82  81.5263405263  1.19239132582  0.0326160824301
0.862590269503  448  92  92.0873081067  1.48378897368  0.0763115760821
0.862590269503  448  103  102.607029491  1.24429823473  -0.0440541258333
0.862590269503  448  113  113.3979269  1.27467769696  0.199894008983
0.862590269503  448  124  124.08987418  1.47957382491  0.0765278230941
0.862590269503  448  135  134.867079728  1.51684224835  0.0579445743644
0.862590269503  449  146  145.789067291  1.5952734411  0.0273229269992
0.862590269503  449  157  156.808520102  1.46433768566  -0.0435980429966
0.862590269503  449  168  167.871040338  1.49110422934  0.0181559286365
0.862590269503  449  179  179.028203471  1.52887872622  0.0674100866156
0.862590269503  449  190  190.24551869  1.47498623907  0.0390758058458
0.862590269503  449  201  201.48331255  1.19291859122  0.0913439784487
0.862590269503  449  213  212.787030331  1.51070968688  -0.0257029044074
0.862590269503  449  224  224.306212861  1.46655289216  0.0658701165447
0.862590269503  449  236  235.743165124  1.52391511943  0.00654659457722
0.862590269503  450  247  247.498920027  1.24674213429  0.0792833292237
0.862590269503  450  259  259.207735608  1.5518267906  0.095181751334
0.862590269503  450  271  270.938031482  1.61224120121  0.0812811031057
0.862590269503  450  283  282.739017664  1.49834727676  -0.00220011417211
0.862590269503  450  295  294.67844941  1.42051799451  0.011987599175
0.862590269503  450  307  306.697058624  1.50034925859  0.000335690065265
0.862590269503  450  319  318.808048046  1.56722519646  -0.0200188924915
0.862590269503  450  331  331.047038041  1.62051842561  0.0576238347964
0.862590269503  450  343  343.353857788  1.49730223948  0.0818673961483
0.862590269503  450  356  355.649679475  1.51897081554  -0.0453640130182
0.862590269503  450  368  368.166412651  1.61879783594  0.0780918563178
0.862590269503  450  381  380.684282898  1.74391528325  -0.0331009912552
0.862590269503  451  393  393.451996699  1.57533591104  0.0584336311781
0.862590269503  451  406  406.224147977  1.65391221291  0.119950375407
0.862590269503  451  419  419.03419767  1.70874023159  0.0703204822026
0.862590269503  451  432  431.976977476  1.69287558838  0.0660807722198
0.862590269503  451  445  445.015453198  1.67950817957  0.0925867309285
0.862590269503  451  458  458.173495737  1.65928440643  0.0796938919056
0.862590269503  451  471  471.406490399  1.55813622507  0.062019773922
0.862590269503  451  485  484.704312919  1.62988971792  -0.0111490980357
0.862590269503  451  498  498.204306247  1.65933595902  0.0375118062946
0.862590269503  451  512  511.709436272  1.59244353909  -0.0556015425186
0.862590269503  451  525  525.43248821  1.58625910367  0.0519962821245
0.862590269503  451  539  539.227173172  1.69518281963  0.0748542972866
0.862590269503  451  553  553.085677025  1.73208602141  0.0501438871031
0.862590269503  451  567  567.08011842  1.73222366416  0.0892605995245
0.862590269503  451  581  581.206264735  1.70582057551  0.131658555178
0.862590269503  451  595  595.407578507  1.59474811701  0.114539747411
0.862590269503  451  610  609.672718272  1.61276223908  0.0200061031417
0.862590269503  451  624  624.147970142  1.74369109086  0.0436923510296
0.862590269503  451  639  638.63861942  1.67526388511  -0.0314586003146
0.862590269503  451  653  653.356037158  1.72160390077  0.0433646744415
0.862590269503  451  668  668.094204914  1.81504450923  -0.00468797056579
0.862590269503  451  683  682.999202357  1.82494097075  0.0168403536601
0.862590269503  450  698  697.899139693  1.81586965982  0.00814677233529
0.862590269503  450  713  713.047999066  1.84583612904  0.0400112609221
0.862590269503  450  728  728.347767042  1.69101006707  0.127099239851
0.862590269503  450  744  743.681684809  1.73391177413  0.0313188433337
0.862590269503  450  759  759.286476754  1.75571911778  0.0944946608771
0.862590269503  450  775  774.888791401  1.8276221963  0.0194488888731
0.862590269503  450  791  790.679971795  1.74903023536  -0.0285442601997
0.862590269503  450  807  806.617696744  1.69891092459  -0.0642499060658
0.862590269503  450  823  822.686113093  1.77738177037  -0.0371607751784
0.862590269503  449  839  838.818083722  1.85131490778  -0.0568561283555
0.862590269503  449  855  855.235084677  1.85755598002  0.0393912794838
0.862590269503  449  872  871.664440932  1.82022335499  -0.00030227027171
0.862590269503  449  888  888.35605486  1.76001422618  0.0804174349468
0.862590269503  449  905  905.101683184  1.90951292832  0.0561644979757
0.862590269503  449  922  922.040543471  1.9038872067  0.0985575525504
0.862590269503  448  939  939.0021812  1.97154696713  0.0606123237671
0.862590269503  448  956  956.275074217  1.82866120427  0.0993467638391
0.862590269503  448  974  973.630272459  1.77932541407  0.0351729692333
0.862590269503  448  991  991.249294642  1.88719389887  0.0805579600737
0.862590269503  447  1009  1008.84210127  1.91003782847  -0.0136698913549
1.0531022695  448  10  9.77162610102  1.33573996791  0.0410332783942
1.0531022695  448  20  19.8192178498  1.36563312937  -0.0081847096741
1.0531022695  448  30  29.9840462113  1.4052919463  0.127101570117
1.0531022695  448  40  40.1888045134  1.36800591917  0.0892768376378
1.0531022695  448  50  50.4349334522  1.1484364853  0.111976232897
1.0531022695  448  61  60.6504050167  1.3066308045  -0.019587074461
1.0531022695  448  71  71.0874772226  1.46649869105  -0.0119354993005
1.0531022695  449  82  81.6233947578  1.29927178094  -0.0176403632648
1.0531022695  449  92  92.240832944  1.43141582112  0.121544806793
1.0531022695  449  103  102.729540729  1.38873615988  -0.047531205727
1.0531022695  449  113  113.485153813  1.12820885098  0.164218669722
1.0531022695  449  124  124.247114882  1.44383074185  0.122339787373
1.0531022695  449  135  135.023482094  1.50163017332  0.0766345127713
1.0531022695  449  146  145.875246136  1.50230475126  0.0478726075166
1.0531022695  450  157  156.977281717  1.51632913634  -0.0037233517205
1.0531022695  450  168  168.054708102  1.50949321648  0.0801210403787
1.0531022695  450  179  179.202875493  1.47554921063  0.126046156482
1.0531022695  450  190  190.368618219  1.36505481591  0.0381922305398
1.0531022695  450  202  201.57229842  1.26777476472  -0.0125057426088
1.0531022695  450  213  212.934057886  1.56277820898  0.00780446888384
1.0531022695  450  224  224.412642564  1.34667603419  0.0655248432371
1.0531022695  450  236  235.887682089  1.56863421478  0.0377568247433
1.0531022695  451  248  247.577267926  1.39873682985  -0.00450201460124
1.0531022695  451  259  259.332811337  1.46491054401  0.114754715727
1.0531022695  451  271  271.083465022  1.58603135421  0.120936442931
1.0531022695  451  283  282.872872445  1.58103089848  0.0148273172178
1.0531022695  451  295  294.805782279  1.54446174596  0.0176559859915
1.0531022695  451  307  306.830110958  1.57023900466  0.031624078332
1.0531022695  451  319  318.932066046  1.60399300699  -0.00737458766785
1.0531022695  451  331  331.184022958  1.56979259678  0.0907059885971
1.0531022695  451  343  343.441383137  1.41964045974  0.0584103461555
1.0531022695  451  356  355.749055652  1.59603300597  -0.047991392053
1.0531022695  451  368  368.279151572  1.58329310705  0.0832093097903
1.0531022695  451  381  380.770057291  1.64321136751  -0.010557536013
1.0531022695  452  394  393.555845173  1.49792333024  0.0118324215306
1.0531022695  452  406  406.350397494  1.5522038039  0.137747557768
1.0531022695  452  419  419.154560626  1.68621467461  0.08998997174
1.0531022695  452  432  432.097196027  1.68439260067  0.0840736428561
1.0531022695  452  445  445.153002588  1.67839400221  0.123246933518
1.0531022695  452  458  458.29416848  1.54544080182  0.0971705709874
1.0531022695  452  472  471.506571939  1.4152589795  0.0134659249224
1.0531022695  452  485  484.813120882  1.67084350028  -0.0182902611253
1.0531022695  452  498  498.327823223  1.57980427037  0.0622004388848
1.0531022695  452  512  511.815010729  1.65417521453  -0.0607882861758
1.0531022695  452  526  525.518429148  1.5254155834  0.0238894702542
1.0531022695  452  539  539.331785754  1.63466334772  0.0817575050013
1.0531022695  452  553  553.215296509  1.69479677773  0.0754884988014
1.0531022695  452  567  567.207671586  1.70010188174  0.117033782953
1.0531022695  452  581  581.303706474  1.65232533618  0.130373157624
1.0531022695  452  595  595.486454145  1.45648804103  0.094258008994
1.0531022695  452  610  609.775213523  1.68301498906  0.00936841179755
1.0531022695  452  624  624.258545447  1.6781308001  0.0633260318166
1.0531022695  452  639  638.732168335  1.71501123476  -0.0546742356147
1.0531022695  452  653  653.44047471  1.66521712849  0.0269380608576
1.0531022695  452  668  668.219660778  1.75350210518  0.0259619900713
1.0531022695  452  683  683.106778683  1.836366687  0.035795300137
1.0531022695  451  698  698.014632418  1.82026361465  0.0418564037359
1.0531022695  451  713  713.15350737  1.81795655924  0.0572739642863
1.0531022695  451  728  728.416159867  1.67659696906  0.0995785748597
1.0531022695  451  744  743.778927626  1.78742240847  0.0394068425613
1.0531022695  451  759  759.366196419  1.71584071122  0.0854780283524
1.0531022695  451  775  775.0058303  1.85765081456  0.053504411993
1.0531022695  451  791  790.771899395  1.79280604086  -0.00806851010659
1.0531022695  451  807  806.704058081  1.75653178669  -0.0622508683216
1.0531022695  451  823  822.787367394  1.84058959268  -0.0287773525826
1.0531022695  450  839  838.925273777  1.88350250015  -0.0151767359652
1.0531022695  450  855  855.312853981  1.82663283831  0.0357026040668
1.0531022695  450  872  871.738809703  1.86433273591  -0.00384849399563
1.0531022695  450  888  888.424543159  1.7594233399  0.066431644145
1.0531022695  450  905  905.202107992  1.8802210621  0.0705805207696
1.0531022695  450  922  922.129197723  1.89419767577  0.113396006597
1.0531022695  449  939  939.098583496  1.94855252712  0.0838772656808
1.0531022695  449  956  956.34933803  1.79513937247  0.100686296299
1.0531022695  449  974  973.683626557  1.82728849292  0.0221440338423
1.0531022695  449  991  991.325572162  1.84332394906  0.0822847248335
1.0531022695  448  1009  1008.91921056  1.93288150373  -0.0223413550221
1.2436142695  448  10  9.86242336892  1.58966122176  0.0439991836475
1.2436142695  449  20  20.0048481617  1.41481074763  0.0619370624131
1.2436142695  449  30  30.1763896954  1.34908743008  0.171978340951
1.2436142695  449  40  40.3513055926  1.22159011644  0.128773069605
1.2436142695  449  51  50.5151539494  1.18343878509  -0.000443707051629
1.2436142695  449  61  60.7993488578  1.41101745275  0.0050430276996
1.2436142695  449  71  71.2660209942  1.3899823084  0.0664298114847
1.2436142695  450  82  81.7740733675  1.4078408785  0.00969928123441
1.2436142695  450  92  92.3851624662  1.2230786394  0.148596859994
1.2436142695  450  103  102.903492989  1.48601826253  0.000619440405596
1.2436142695  450  114  113.57030918  1.21491586349  0.0509878853902
1.2436142695  450  124  124.379142454  1.26156194817  0.141368983733
1.2436142695  450  135  135.192132597  1.44783751437  0.117226793222
1.2436142695  450  146  146.070915835  1.49676284857  0.136205818237
1.2436142695  451  157  157.156976486  1.47891470722  0.0587034721302
1.2436142695  451  168  168.219104321  1.43557594032  0.128501315951
1.2436142695  451  179  179.334624232  1.34253707052  0.148893680581
1.2436142695  451  190  190.481255508  1.22091458062  0.0252759723542
1.2436142695  451  202  201.687643613  1.43843336346  -0.021769305488
1.2436142695  451  213  213.089452923  1.5437016251  0.0392788444512
1.2436142695  451  225  224.50239202  1.23358131192  -0.0101139971504
1.2436142695  451  236  236.044811699  1.59408517274  0.08482799748
1.2436142695  452  248  247.703489445  1.4829047159  -0.0155359756298
1.2436142695  452  259  259.457039524  1.31855117801  0.116895538381
1.2436142695  452  271  271.251279676  1.51322376721  0.16395254969
1.2436142695  452  283  283.040591999  1.60682105764  0.0624126738876
1.2436142695  452  295  294.954965023  1.57763139828  0.0463401007822
1.2436142695  452  307  306.9794705  1.60797769845  0.0683708650991
1.2436142695  452  319  319.104944057  1.60572739341  0.0590448029059
1.2436142695  452  331  331.320120655  1.47355496375  0.104544308861
1.2436142695  452  344  343.533806573  1.31872192109  -0.00486693387255
1.2436142695  452  356  355.88801797  1.62298047902  -0.0198859856005
1.2436142695  452  368  368.397803081  1.44453254408  0.0858439256003
1.2436142695  452  381  380.899815572  1.68706404746  0.00347888356798
1.2436142695  453  394  393.59992022  1.62972039394  0.00584476434137
1.2436142695  453  406  406.443579242  1.49448762116  0.106903314591
1.2436142695  453  419  419.288618992  1.59970041407  0.116065557856
1.2436142695  453  432  432.237210693  1.62335766782  0.112197953868
1.2436142695  453  445  445.27718827  1.59937980952  0.135182898831
1.2436142695  453  458  458.399804392  1.47740692507  0.103590016455
1.2436142695  453  472  471.579201481  1.50831684705  -0.0301714047932
1.2436142695  453  485  484.951147105  1.6964328031  0.0191968885748
1.2436142695  453  498  498.43155422  1.50406082048  0.0549790273192
1.2436142695  453  512  511.941612794  1.67155731732  -0.0391956489693
1.2436142695  453  526  525.597813323  1.56986123377  -0.00872746545732
1.2436142695  453  539  539.423692691  1.58335374406  0.0680947711735
1.2436142695  453  553  553.313938227  1.63553514482  0.0819791850092
1.2436142695  453  567  567.316360206  1.63911889618  0.119701397373
1.2436142695  453  581  581.39688148  1.58115791869  0.120669508831
1.2436142695  453  596  595.556886274  1.46067339128  0.0293242254644
1.2436142695  453  610  609.857256965  1.71415904835  -0.0349436519779
1.2436142695  453  624  624.361239042  1.6323748663  0.0627366344619
1.2436142695  453  639  638.841643376  1.75170920538  -0.0305993549202
1.2436142695  453  654  653.52056637  1.63944544247  -0.0138176770897
1.2436142695  453  668  668.314003495  1.71726767178  0.0281634327542
1.2436142695  452  683  683.083921755  1.84998679367  -0.017386337412
1.2436142695  452  698  698.118575589  1.81059644716  0.0534808744053
1.2436142695  452  713  713.260644732  1.7825245933  0.063842621918
1.2436142695  452  728  728.495301545  1.58434993503  0.073070911798
1.2436142695  452  744  743.88302219  1.81655554841  0.0413596497999
1.2436142695  452  759  759.453761329  1.63040772815  0.0757436252541
1.2436142695  452  775  775.120058126  1.81403500579  0.0760105921835
1.2436142695  452  791  790.87830997  1.8418085774  0.00223909931816
1.2436142695  452  807  806.802016358  1.79823541824  -0.0596335001894
1.2436142695  452  823  822.883972556  1.84889546307  -0.00840795987848
1.2436142695  451  839  839.022445146  1.8958060568  0.0077248103172
1.2436142695  451  855  855.38599346  1.78228455086  0.0289813123518
1.2436142695  451  872  871.843168122  1.83776737387  0.0148766643614
1.2436142695  451  888  888.479869742  1.74852771484  0.0310071049452
1.2436142695  451  905  905.287997053  1.84376401693  0.0627077594987
1.2436142695  451  922  922.229586988  1.83349686996  0.121735234311
1.2436142695  450  939  939.192304616  1.91305821924  0.101854921318
1.2436142695  450  956  956.423826295  1.70307188515  0.0723656630806
1.2436142695  450  974  973.793113046  1.87952590969  0.0307053063103
1.2436142695  450  991  991.406005131  1.76873581344  0.0868475650913
1.2436142695  449  1009  1009.02229379  1.92649798745  0.00941069425975
1.4341262695  449  10  9.96855009041  1.44430495872  0.122125020175
1.4341262695  450  20  20.1765361519  1.29636682142  0.104283103751
1.4341262695  450  30  30.3228767023  1.12803737465  0.204878734827
1.4341262695  450  40  40.4474516912  1.12859749988  0.0922926747833
1.4341262695  450  51  50.6108662371  1.21496660069  -0.0204131228015
1.4341262695  450  61  60.9754669662  1.46303504453  0.0614755620484
1.4341262695  450  71  71.4014474807  1.25664683829  0.0862251587903
1.4341262695  451  82  81.9081294742  1.45002055187  0.0399797211498
1.4341262695  451  92  92.4734796616  1.12451313388  0.114698769342
1.4341262695  451  103  103.064978919  1.49715716882  0.0442559617457
1.4341262695  451  114  113.677571772  1.3984818562  0.0236452779732
1.4341262695  451  124  124.481984226  1.17295424626  0.11112379533
1.4341262695  451  135  135.336485665  1.35457056483  0.143581890735
1.4341262695  451  146  146.237684579  1.40160758744  0.197749155651
1.4341262695  452  157  157.295170912  1.39258725375  0.0820177468558
1.4341262695  452  168  168.348473389  1.25915688603  0.160727529822
1.4341262695  452  179  179.442678822  1.19496614797  0.132721864302
1.4341262695  452  191  190.549790995  1.17401848956  -0.0907691560309
1.4341262695  452  202  201.83142346  1.49134747986  0.00275939749239
1.4341262695  452  213  213.258241899  1.45542791856  0.089821826234
1.4341262695  452  225  224.598640214  1.33351465665  -0.0732237478396
1.4341262695  452  236  236.208211034  1.49977393238  0.133342190551
1.4341262695  452  248  247.74139429  1.61654314235  0.014057882379
1.4341262695  453  260  259.522669918  1.35244493941  0.0292931034122
1.4341262695  453  271  271.35869945  1.42903974819  0.171927586387
1.4341262695  453  283  283.181715657  1.54914829074  0.110635026668
1.4341262695  453  295  295.113564934  1.55515040742  0.111424919493
1.4341262695  453  307  307.135305777  1.55524601743  0.12424796026
1.4341262695  453  319  319.241919626  1.53483348953  0.0834270082355
1.4341262695  453  331  331.422914834  1.40554480007  0.108093349696
1.4341262695  453  344  343.633356557  1.48110131718  -0.0209385893558
1.4341262695  453  356  356.039129502  1.6412652199  0.0140576569323
1.4341262695  453  368  368.494652175  1.40791580168  0.0530708238233
1.4341262695  453  381  381.048740556  1.67625081784  0.0415353692048
1.4341262695  453  394  393.647178746  1.58068066686  -0.0102196433822
1.4341262695  454  407  406.537329202  1.57030868272  0.0495625441971
1.4341262695  454  419  419.406238806  1.56676563305  0.111747319039
1.4341262695  454  432  432.343027093  1.58325576588  0.112856068431
1.4341262695  454  445  445.380819393  1.53441748582  0.143273594807
1.4341262695  454  458  458.478831551  1.45711563519  0.0501919035991
1.4341262695  454  472  471.697571427  1.56266742753  -0.0217566499941
1.4341262695  454  485  485.088468564  1.67585742413  0.059520127555
1.4341262695  454  499  498.509078332  1.51059346313  0.00206391115065
1.4341262695  454  512  512.071869963  1.64849891008  -0.0291780283392
1.4341262695  454  526  525.713811753  1.61898945243  -0.0089037968795
1.4341262695  454  540  539.512546479  1.56892289731  0.0292988171378
1.4341262695  454  553  553.415248292  1.60704855833  0.0731877105144
1.4341262695  454  567  567.412896979  1.58448694121  0.118344296399
1.4341262695  454  581  581.485623552  1.56127769781  0.0939687481851
1.4341262695  454  596  595.655699504  1.59833179162  0.0151526729014
1.4341262695  454  610  610.006914008  1.72093046626  0.0636218605332
1.4341262695  454  624  624.445497537  1.56149989108  0.0570565360651
1.4341262695  454  639  638.97241188  1.76458954015  0.00378693647004
1.4341262695  454  654  653.617385749  1.66078909266  -0.0136925928929
1.4341262695  454  668  668.416776026  1.68738476944  0.0228846132492
1.4341262695  453  683  683.212969658  1.81555957082  0.0476334015413
1.4341262695  453  698  698.227820914  1.77173588852  0.0728438698995
1.4341262695  453  713  713.356325307  1.71591184653  0.0567837429531
1.4341262695  453  729  728.572929882  1.69946242089  0.0263236441472
1.4341262695  453  744  743.992941121  1.79588640067  0.0743548769505
1.4341262695  453  760  759.523512554  1.60808446947  0.0391852532769
1.4341262695  453  775  775.22586242  1.78047580188  0.0996167026123
1.4341262695  453  791  790.980960442  1.82595521946  0.0284570981259
1.4341262695  453  807  806.892137873  1.81822179422  -0.0375695411764
1.4341262695  453  823  822.990207328  1.8467220277  0.0265270734104
1.4341262695  452  839  839.130424677  1.89146116739  0.0286598491072
1.4341262695  452  855  855.466649516  1.74249320277  0.0119142191095
1.4341262695  452  872  871.957959616  1.86566961326  0.0334301437283
1.4341262695  452  889  888.552935582  1.7719445448  0.00884082920669
1.4341262695  452  905  905.36942344  1.78886789044  0.0826828673247
1.4341262695  452  922  922.307628234  1.76737304583  0.133037210949
1.4341262695  451  939  939.28755804  1.8569829344  0.108866038042
1.4341262695  451  956  956.487514837  1.74226795895  0.0638509649373
1.4341262695  451  974  973.886825106  1.89374035941  0.0605423963657
1.4341262695  451  991  991.470046988  1.75036346118  0.0995380141902
1.4341262695  450  1009  1009.11751504  1.92557745905  0.0298654729262
