# Band 1C   Etalon 1A   Slice 10
# Distortion map version 06.04.00 - date 2018-10-04
# Trace (isoalpha): Take pixel trace along specified slice, specified alpha position trace is built by taking the pixel in every detector row with alpha value closest to the one specified 
# xpos[i] = np.argmin(alpha_img[i,:])+funcs.find_nearest(alpha_img[i,:][(slice_img[i,:]!=0)],alpha_pos)
#    alpha       x  y      center         FWHM          skewness
0.0  75  9  8.83533886178  1.50403022837  0.000242182343327
0.0  75  19  19.4283354395  1.33170604558  0.122746833992
0.0  75  30  29.9768870697  1.53146831586  0.0634060955333
0.0  75  41  40.5962794796  1.26589878467  -0.0384394157378
0.0  76  51  51.4052988935  1.35787274791  0.144387892834
0.0  76  62  62.3115951366  1.34877509844  0.483796261712
0.0  76  73  72.8874824441  1.59422517615  -0.308035316452
0.0  76  84  84.0086168815  1.55496946852  0.109076519718
0.0  76  95  95.0485498716  1.57357270838  0.128458672927
0.0  76  106  106.175377218  1.51113449533  0.147440291771
0.0  76  117  117.376126871  1.3809886705  0.239257002062
0.0  76  129  128.532978663  1.22909368975  0.0760039765534
0.0  77  140  139.830278538  1.53326667186  0.032745358178
0.0  77  151  151.329201671  1.43520590249  0.202358703798
0.0  77  163  162.707772281  1.4788788226  0.0233219140102
0.0  77  174  174.364440425  1.42521527378  0.110398341594
0.0  77  186  185.982633947  1.58103450549  0.0744329947908
0.0  77  198  197.667609668  1.47948596698  0.00204166737511
0.0  77  210  209.514047648  1.27459252045  0.0182233952791
0.0  77  221  221.457354419  1.34563842262  0.142963393761
0.0  77  233  233.448383193  1.35973509478  0.155274870443
0.0  77  245  245.496832581  1.2925989705  0.10742416545
0.0  77  258  257.595934356  1.38545339228  0.0456160164628
0.0  78  270  269.810042548  1.59637106694  0.0797762054388
0.0  78  282  282.201261238  1.57706128364  0.160672380173
0.0  78  295  294.537022388  1.23974416939  0.0958298591936
0.0  78  307  307.108566176  1.64466524954  0.152134353846
0.0  78  320  319.627202443  1.43861517131  0.0223774728117
0.0  78  332  332.402585017  1.41138328866  0.177815382894
0.0  78  345  345.151137235  1.62923683307  0.102044836194
0.0  78  358  357.996922098  1.66267752071  0.0400227623035
0.0  78  371  370.951491795  1.69949329783  0.0314816345955
0.0  78  384  384.036845309  1.67723562651  0.0618041020194
0.0  78  397  397.218423114  1.65561824499  0.0793097267832
0.0  78  410  410.460782972  1.53592478445  0.0794038994112
0.0  78  424  423.794082946  1.68204477348  0.0399785226381
0.0  78  437  437.300303932  1.66336543476  0.107702189902
0.0  78  451  450.801475594  1.70920493011  0.0416341684202
0.0  78  464  464.492663194  1.39943954401  0.141527476825
0.0  78  478  478.287572876  1.63109420603  0.143170302186
0.0  78  492  492.15228659  1.67035313377  0.111568678225
0.0  78  506  506.131299529  1.69146483511  0.118211077793
0.0  78  520  520.230999566  1.66363939966  0.106680200616
0.0  78  534  534.422370286  1.58680054351  0.0850125315934
0.0  78  549  548.66897652  1.66382912958  -0.0197237042284
0.0  78  563  563.152038654  1.75834177269  0.058908966938
0.0  78  578  577.650084974  1.71091676231  0.000895681420659
0.0  78  592  592.335725335  1.68925433675  0.0887355746329
0.0  78  607  607.084416628  1.82548364858  0.0826659344274
0.0  78  622  621.929679885  1.80153819517  0.0561830179301
0.0  78  637  636.898595384  1.82519848975  0.0515726696585
0.0  78  652  652.055382237  1.79029075401  0.104209843836
0.0  78  667  667.305228983  1.73952714296  0.0994932788963
0.0  78  683  682.598351622  1.65582776027  0.00787802170903
0.0  78  698  698.154067659  1.8317947295  0.0752568232373
0.0  78  714  713.690076897  1.7736246356  -0.0356601216082
0.0  78  729  729.485639221  1.71923547103  0.0409545178771
0.0  78  745  745.370701064  1.78115171609  0.0617748932099
0.0  78  761  761.356430405  1.80566883711  0.0569097903143
0.0  78  777  777.480556727  1.75678781144  0.0649781050065
0.0  78  794  793.704741661  1.83081755179  0.0377003410974
0.0  77  810  810.261433879  1.82718146313  0.11398834852
0.0  77  827  826.730229695  1.86362924612  0.0155974659227
0.0  77  843  843.487382638  1.61247595401  0.129946026624
0.0  77  860  860.347229001  1.77053795707  0.0680222859026
0.0  77  877  877.345083088  1.83844431493  0.0630648095469
0.0  77  894  894.458010636  1.69581914135  0.0547209055445
0.0  77  912  911.702040149  1.85506304555  -0.0304621211245
0.0  77  929  929.155819945  1.94953439773  0.0290027905011
0.0  76  947  946.799871587  1.93660498543  0.0195671728203
0.0  76  965  964.532456591  1.81365806727  0.0332984358609
0.0  76  982  982.441401434  1.7838861458  0.0771622806468
0.0  76  1000  1000.47740022  1.73970172896  0.0935774884073
0.0  76  1019  1018.68220591  1.96770099349  0.0351744728369
-1.39158906554  68  9  9.04401849828  1.56238251167  0.0531360662517
-1.39158906554  68  20  19.5389659872  1.22190473202  -0.00220875448978
-1.39158906554  68  30  30.2016910358  1.46258167388  0.120785132158
-1.39158906554  68  41  40.7827981684  1.47784882576  -0.0377475906141
-1.39158906554  68  52  51.5530750629  1.24448235421  0.00649432540219
-1.39158906554  68  62  62.425595782  1.29794193242  0.139167849942
-1.39158906554  68  73  73.3202937016  1.4933645715  0.114756154505
-1.39158906554  68  84  84.2832279075  1.48580530061  0.150735952026
-1.39158906554  69  95  95.306494695  1.46902847435  0.185250099904
-1.39158906554  69  106  106.407275402  1.38374632347  0.139175109721
-1.39158906554  69  118  117.536292539  1.23355487188  0.103835018207
-1.39158906554  69  129  128.769411028  1.52964303768  0.0484210104588
-1.39158906554  69  140  140.173705387  1.55897337723  0.081914204751
-1.39158906554  69  152  151.547292865  1.24850750695  0.0555438771482
-1.39158906554  69  163  163.081594086  1.59909693177  0.079077434294
-1.39158906554  69  175  174.58824688  1.30606882589  -0.0575355331276
-1.39158906554  69  186  186.350073896  1.44389620105  0.136014897346
-1.39158906554  70  198  198.031597423  1.55745047793  0.0639288487451
-1.39158906554  70  210  209.78293407  1.53194373111  -0.02615418916
-1.39158906554  70  222  221.696501636  1.50070816201  0.00551886904611
-1.39158906554  70  234  233.697686102  1.52285736573  0.0272867672535
-1.39158906554  70  246  245.78084939  1.56201989723  0.0153717288965
-1.39158906554  70  258  257.966671144  1.62013940053  0.0954553413689
-1.39158906554  70  270  270.268864201  1.5424399743  0.182367562004
-1.39158906554  70  283  282.527929324  1.25665040034  0.061648463791
-1.39158906554  70  295  294.977110041  1.6568193682  0.105186514899
-1.39158906554  70  307  307.500524121  1.28889630428  0.1479491071
-1.39158906554  70  320  320.089604796  1.63870585862  0.0570006311424
-1.39158906554  70  333  332.737214279  1.59725671534  0.0123390740019
-1.39158906554  70  346  345.541923305  1.3381121094  0.0203740499144
-1.39158906554  70  358  358.464092775  1.43266527594  0.0632250735561
-1.39158906554  71  371  371.400981645  1.5483384591  0.084015524423
-1.39158906554  71  384  384.454338291  1.54295655305  0.0533924216073
-1.39158906554  71  398  397.598796806  1.57073875783  0.00533314784772
-1.39158906554  71  411  410.864534942  1.70246822828  0.0165286588539
-1.39158906554  71  424  424.272483195  1.65079645805  0.0904692094664
-1.39158906554  71  438  437.687144739  1.65945090869  0.0267235050256
-1.39158906554  71  451  451.316853044  1.65496452062  0.106935948045
-1.39158906554  71  465  464.946376423  1.80153436245  0.0738357359955
-1.39158906554  71  479  478.692008194  1.66309596833  0.0321625161579
-1.39158906554  71  493  492.582207633  1.5721174102  0.0328158088486
-1.39158906554  71  507  506.565315826  1.55042528583  0.022186440526
-1.39158906554  71  521  520.663396531  1.63192580192  -0.00791198671257
-1.39158906554  71  535  534.883619209  1.73000277233  -0.0201521790764
-1.39158906554  71  549  549.263122041  1.71557779563  0.0613531515044
-1.39158906554  71  564  563.659207705  1.66564432523  0.0121157037757
-1.39158906554  71  578  578.226578007  1.76093129854  0.0379162819189
-1.39158906554  71  593  592.855107718  1.80064901264  0.00773321831296
-1.39158906554  71  608  607.631788531  1.74505335657  0.0326215167284
-1.39158906554  71  623  622.507783456  1.6835801701  0.0381936973451
-1.39158906554  71  638  637.517259986  1.66130489101  0.0797052349344
-1.39158906554  71  653  652.593588027  1.69878936535  0.0319962775828
-1.39158906554  71  668  667.855519671  1.77298968789  0.0314534906769
-1.39158906554  71  683  683.293717997  1.73855570404  0.102839387689
-1.39158906554  71  699  698.721631909  1.75808737911  -0.0164831347802
-1.39158906554  70  714  714.476887013  1.62809906788  0.0226530676611
-1.39158906554  70  730  730.257756836  1.78417352017  0.0503099771289
-1.39158906554  70  746  746.134913433  1.83792412756  0.0509173469342
-1.39158906554  70  762  762.127327731  1.86432951391  0.0260325750478
-1.39158906554  70  778  778.284329838  1.7939788727  0.0826256348875
-1.39158906554  70  795  794.511701514  1.69759274715  0.0585834610623
-1.39158906554  70  811  810.894678827  1.91595617471  0.0285999853394
-1.39158906554  70  827  827.494159743  1.63142939701  0.101364187521
-1.39158906554  70  844  844.238501676  1.82858428834  0.132156480102
-1.39158906554  70  861  861.066306922  1.9181537953  0.0360507106932
-1.39158906554  69  878  878.205734947  1.87984812152  0.0516761943542
-1.39158906554  69  895  895.368110295  1.82628006117  0.0753252407339
-1.39158906554  69  913  912.598205205  1.78078605636  -0.0329239681515
-1.39158906554  69  930  930.075550733  1.94501002064  0.0317052149527
-1.39158906554  69  948  947.622845667  1.86089530932  0.0139164044616
-1.39158906554  69  965  965.399207772  1.86644527156  0.0821176694214
-1.39158906554  69  983  983.308932788  1.86265500643  0.0351460996557
-1.39158906554  68  1001  1001.46913309  1.80258314466  0.116197618287
-1.39158906554  68  1020  1019.6963014  1.9570103315  0.079912152334
-1.21166106554  69  9  9.00415520201  1.55322961289  0.0280212487229
-1.21166106554  69  20  19.5278723087  1.22620675813  0.00369275444283
-1.21166106554  69  30  30.1664524679  1.5095208504  0.111236809649
-1.21166106554  69  41  40.7455149147  1.46717034648  -0.0424441325851
-1.21166106554  69  52  51.5280836112  1.22743048216  0.0244496286284
-1.21166106554  69  62  62.4012786582  1.3876114975  0.155285510953
-1.21166106554  69  73  73.2793725054  1.51989793963  0.0935286454778
-1.21166106554  69  84  84.2633792696  1.49378623077  0.158677077771
-1.21166106554  70  95  95.2700219682  1.5092129021  0.170315683845
-1.21166106554  70  106  106.371934522  1.42504920225  0.136976489543
-1.21166106554  70  118  117.513726985  1.27050800276  0.137633209353
-1.21166106554  70  129  128.731339855  1.48905422876  0.0432306907244
-1.21166106554  70  140  140.125497163  1.55910676552  0.0724203718668
-1.21166106554  70  152  151.535538032  1.37123190011  0.157842133517
-1.21166106554  70  163  163.020487015  1.59657925362  0.066813428589
-1.21166106554  70  175  174.566330138  1.24416045875  -0.0471305170453
-1.21166106554  70  186  186.306409034  1.48838801271  0.121831381788
-1.21166106554  70  198  198.018043229  1.59709233526  0.0725832910697
-1.21166106554  71  210  209.725946663  1.52813222722  -0.0409212618661
-1.21166106554  71  222  221.655166396  1.48738119266  0.0106083220901
-1.21166106554  71  234  233.64984794  1.51843318347  0.0263247669872
-1.21166106554  71  246  245.724511468  1.56021989362  0.00599639533253
-1.21166106554  71  258  257.908715011  1.64270211935  0.0844560327437
-1.21166106554  71  270  270.207700988  1.58217657576  0.177602846304
-1.21166106554  71  283  282.511056126  1.33186405594  0.104927736945
-1.21166106554  71  295  294.93166028  1.65727728449  0.117413364665
-1.21166106554  71  307  307.462335578  1.37211099008  0.170901109902
-1.21166106554  71  320  320.001579648  1.66070906066  -0.0263802133111
-1.21166106554  71  333  332.692788247  1.54577915623  0.0167958333563
-1.21166106554  71  346  345.50802123  1.39113521241  0.0523389876155
-1.21166106554  71  358  358.403087825  1.52725467286  0.0625197455355
-1.21166106554  71  371  371.399759651  1.56261484618  0.0753615359641
-1.21166106554  72  384  384.406089719  1.52576411667  0.0762555415934
-1.21166106554  72  398  397.544272892  1.49529033408  0.00866108932991
-1.21166106554  72  411  410.784231727  1.66159454071  -0.0103613832647
-1.21166106554  72  424  424.219277747  1.65525028938  0.109056949493
-1.21166106554  72  438  437.626721553  1.57872634365  0.025003455091
-1.21166106554  72  451  451.263031733  1.65194120021  0.128173999389
-1.21166106554  72  465  464.849811548  1.75526756046  0.0345844290931
-1.21166106554  72  479  478.611764179  1.51907739644  0.0159826275347
-1.21166106554  72  493  492.525645961  1.34783275224  0.0478085637381
-1.21166106554  72  507  506.524021358  1.3514977597  0.0686000471415
-1.21166106554  72  521  520.578461979  1.50365583815  -0.0129098026772
-1.21166106554  72  535  534.794133686  1.70362678296  -0.0471222969454
-1.21166106554  72  549  549.201864879  1.75104852981  0.0715413106597
-1.21166106554  72  564  563.582459253  1.60544428365  0.000412053740852
-1.21166106554  72  578  578.157663061  1.77345054751  0.0512314118762
-1.21166106554  72  593  592.755470552  1.76031432124  -0.00871153989342
-1.21166106554  72  608  607.553124074  1.66183481667  0.0359468863463
-1.21166106554  72  622  622.445641898  1.59060133117  0.0968394890719
-1.21166106554  72  637  637.451716654  1.62123321987  0.123367332085
-1.21166106554  72  653  652.525116514  1.47035461229  0.0708071540423
-1.21166106554  72  668  667.751206735  1.73834548182  0.0154751534207
-1.21166106554  72  683  683.193287699  1.79233646623  0.0916423085893
-1.21166106554  71  699  698.730219719  1.76697221258  0.00854642362812
-1.21166106554  71  714  714.40346251  1.74247267099  0.0348730862554
-1.21166106554  71  730  730.153416276  1.83145531633  0.0547595138537
-1.21166106554  71  746  746.024389934  1.84998173059  0.0324604801454
-1.21166106554  71  762  762.023323262  1.87936214665  0.0151420668575
-1.21166106554  71  778  778.182307882  1.83181147113  0.0746586528157
-1.21166106554  71  794  794.449935384  1.71022595838  0.102325992887
-1.21166106554  71  811  810.794253312  1.85452510835  0.0214410025916
-1.21166106554  71  827  827.420290944  1.73078604989  0.12267035996
-1.21166106554  71  844  844.126904761  1.85202463484  0.118132582316
-1.21166106554  71  861  860.931058438  1.89502061226  -0.00073452860367
-1.21166106554  70  878  878.06217323  1.91815165781  0.0100258208941
-1.21166106554  70  895  895.243682151  1.88465153049  0.0610738742285
-1.21166106554  70  913  912.49990868  1.7642072892  -0.00385394958923
-1.21166106554  70  930  929.937095904  1.94307489513  0.00787848302082
-1.21166106554  70  948  947.524404276  1.83410936784  0.0362314087124
-1.21166106554  70  965  965.292307464  1.90887602224  0.100275562248
-1.21166106554  69  983  983.333125513  1.7815567646  0.142509111539
-1.21166106554  69  1001  1001.37188651  1.85643189221  0.136048606333
-1.21166106554  69  1020  1019.57554618  1.9026167269  0.0765737006279
-1.03173306554  70  9  8.97546113449  1.56569606436  0.0169152597054
-1.03173306554  70  20  19.512523338  1.23356213065  0.0115263536902
-1.03173306554  70  30  30.139368679  1.49141381223  0.103319708255
-1.03173306554  70  41  40.7153916928  1.42916138813  -0.0526170184429
-1.03173306554  70  52  51.5206036582  1.24387160936  0.0494587489246
-1.03173306554  70  62  62.3765635902  1.36954137736  0.158901926522
-1.03173306554  70  73  73.2548687107  1.5165950571  0.101247707204
-1.03173306554  70  84  84.2195366249  1.4995489342  0.147561016485
-1.03173306554  71  95  95.2455445307  1.49045308135  0.190699527647
-1.03173306554  71  106  106.344031851  1.4577943278  0.166171643824
-1.03173306554  71  117  117.489903501  1.2192799398  0.181218831615
-1.03173306554  71  129  128.698988982  1.45685896313  0.0534365269137
-1.03173306554  71  140  140.087947308  1.59138098361  0.075590968867
-1.03173306554  71  151  151.501771854  1.22087214079  0.14688111567
-1.03173306554  71  163  162.983213976  1.59120957109  0.0720568436205
-1.03173306554  71  175  174.534326497  1.22580017518  -0.01312792552
-1.03173306554  71  186  186.261616659  1.52089826692  0.113037466822
-1.03173306554  71  198  197.945077838  1.60235143632  0.0436285197618
-1.03173306554  72  210  209.682024552  1.43319546922  -0.0539555984354
-1.03173306554  72  222  221.61389062  1.42336179553  0.00286328710755
-1.03173306554  72  234  233.614044414  1.44281371185  0.040431830363
-1.03173306554  72  246  245.674091464  1.4941414953  0.0112757588372
-1.03173306554  72  258  257.85130141  1.60017574059  0.0699419588089
-1.03173306554  72  270  270.15437112  1.61672617419  0.15839049861
-1.03173306554  72  282  282.475441108  1.32560186574  0.143614434461
-1.03173306554  72  295  294.84203138  1.62270224782  0.0594998158018
-1.03173306554  72  307  307.429541521  1.4061142485  0.185493930232
-1.03173306554  72  320  319.975083672  1.63515184541  0.05712835407
-1.03173306554  72  333  332.634295764  1.45856329127  0.00594412580433
-1.03173306554  72  345  345.476268681  1.35035610532  0.109571731588
-1.03173306554  72  358  358.368909684  1.50565683852  0.0910380580776
-1.03173306554  72  371  371.353012389  1.57360593091  0.0936725202881
-1.03173306554  72  384  384.343282089  1.49502559834  0.076237955683
-1.03173306554  73  397  397.501371433  1.49306009592  0.0427796105252
-1.03173306554  73  411  410.730420174  1.64592166764  0.00204388311677
-1.03173306554  73  424  424.139434148  1.68566701871  0.084612444776
-1.03173306554  73  438  437.562190811  1.57253734687  0.0281205676405
-1.03173306554  73  451  451.180764537  1.70141290104  0.103924383823
-1.03173306554  73  465  464.785671087  1.70188382744  0.038951385203
-1.03173306554  73  479  478.562323725  1.50345781036  0.0422170507009
-1.03173306554  73  492  492.478587035  1.43884458757  0.105424182139
-1.03173306554  73  506  506.476890337  1.42699357849  0.123143448947
-1.03173306554  73  521  520.531739296  1.41313381804  0.0137591998701
-1.03173306554  73  535  534.721634283  1.67736023951  -0.0440871666651
-1.03173306554  73  549  549.105018098  1.76826998722  0.0439556061192
-1.03173306554  73  564  563.513785489  1.58909085443  0.017671355352
-1.03173306554  73  578  578.066223189  1.76825271357  0.0361622599691
-1.03173306554  73  593  592.672351136  1.73217847869  -0.0133510696067
-1.03173306554  73  607  607.48693983  1.65454725009  0.0742555389847
-1.03173306554  73  622  622.380694703  1.65477894601  0.115309340627
-1.03173306554  73  637  637.384383827  1.68788926632  0.142811455895
-1.03173306554  73  652  652.466702122  1.52223476366  0.120891021769
-1.03173306554  73  668  667.671780475  1.70129292803  0.0182093392549
-1.03173306554  73  683  683.093721112  1.82470296413  0.0764812628698
-1.03173306554  72  699  698.621597759  1.68971762151  -0.0279602164554
-1.03173306554  72  714  714.322059502  1.7568100074  0.0429068067272
-1.03173306554  72  730  730.058838142  1.85029978338  0.0410547960974
-1.03173306554  72  746  745.914297316  1.8794636693  0.00372863388539
-1.03173306554  72  762  761.906988746  1.85938684149  -0.00170106959521
-1.03173306554  72  778  778.080408544  1.84864905127  0.0619721011232
-1.03173306554  72  794  794.364799352  1.76500979481  0.133339117492
-1.03173306554  72  811  810.682115208  1.8199929814  0.001382343492
-1.03173306554  72  827  827.329296516  1.78678032844  0.137613417348
-1.03173306554  72  844  843.995879353  1.89995970087  0.0831020351297
-1.03173306554  72  861  860.810131427  1.88659715643  -0.0216635731005
-1.03173306554  71  878  877.946235851  1.90815600723  -0.00246701381234
-1.03173306554  71  895  895.133312097  1.94077210296  0.0462971535159
-1.03173306554  71  912  912.407777249  1.81878199917  0.0183324122835
-1.03173306554  71  930  929.817694633  1.94392391209  -0.00200962648226
-1.03173306554  71  947  947.434317809  1.8484850582  0.0694942682492
-1.03173306554  71  965  965.156414244  1.94314898693  0.0744888537445
-1.03173306554  70  983  983.178672718  1.97597693124  0.0957107731696
-1.03173306554  70  1001  1001.23591484  1.95388190481  0.115210840598
-1.03173306554  70  1019  1019.47566722  1.83792411513  0.124850734863
-0.851805065536  70  9  8.95854818606  1.5197830841  0.0504812456202
-0.851805065536  71  19  19.4934282732  1.22490630207  0.0777680198257
-0.851805065536  71  30  30.1083717878  1.53915874871  0.104123606146
-0.851805065536  71  41  40.697581103  1.40969498939  -0.0399645335861
-0.851805065536  71  51  51.4967861487  1.24617911174  0.096741727558
-0.851805065536  71  62  62.3500485578  1.41204989841  0.152994119253
-0.851805065536  71  73  73.2183641364  1.53926680992  0.0991723189177
-0.851805065536  71  84  84.1916542715  1.53794864477  0.149045690583
-0.851805065536  71  95  95.2281510414  1.52683797924  0.142912658778
-0.851805065536  72  106  106.301015889  1.45267346408  0.157519221466
-0.851805065536  72  117  117.467321199  1.26426814481  0.190401146242
-0.851805065536  72  129  128.651680148  1.41616270904  0.0302254544795
-0.851805065536  72  140  140.034325568  1.58263551207  0.0638051702389
-0.851805065536  72  151  151.482920723  1.25729342946  0.158710712805
-0.851805065536  72  163  162.928543626  1.59331184293  0.0548087480633
-0.851805065536  72  175  174.511675189  1.23847594427  0.0121447095117
-0.851805065536  72  186  186.226068861  1.51318260521  0.126910508291
-0.851805065536  72  198  197.887305195  1.57957323448  0.0267227903034
-0.851805065536  73  210  209.66344645  1.42593246834  -0.0325313498154
-0.851805065536  73  222  221.571767591  1.33848229107  0.0161191003262
-0.851805065536  73  234  233.571252127  1.3365177858  0.0461192855168
-0.851805065536  73  246  245.622133389  1.45586959732  0.00710662435682
-0.851805065536  73  258  257.789254851  1.59606370538  0.0533313988828
-0.851805065536  73  270  270.095295176  1.62877312723  0.153268182804
-0.851805065536  73  282  282.436537164  1.41562618777  0.162925812915
-0.851805065536  73  295  294.784157512  1.59143206735  0.0507638877761
-0.851805065536  73  307  307.377862479  1.46934116482  0.192114658955
-0.851805065536  73  320  319.911874273  1.62714676641  0.0439654595434
-0.851805065536  73  333  332.582207096  1.36144271029  0.0330288915659
-0.851805065536  73  345  345.442322712  1.4501568512  0.134243107353
-0.851805065536  73  358  358.319165419  1.56319725536  0.092481174909
-0.851805065536  73  371  371.286050911  1.60486387677  0.0829430449076
-0.851805065536  73  384  384.339388782  1.59621453259  0.0747560538819
-0.851805065536  74  397  397.456230307  1.54226125167  0.0716881170426
-0.851805065536  74  411  410.66888551  1.62282483078  0.00369444463104
-0.851805065536  74  424  424.068775915  1.69895951522  0.0745505820782
-0.851805065536  74  438  437.513276354  1.58487434955  0.0521572459463
-0.851805065536  74  451  451.096334275  1.74032743107  0.0881170629237
-0.851805065536  74  465  464.712300667  1.678684738  0.0398181230709
-0.851805065536  74  479  478.51608564  1.48755883649  0.0789007486623
-0.851805065536  74  492  492.426441302  1.51604049292  0.115216828281
-0.851805065536  74  506  506.418370567  1.51358696698  0.127275342162
-0.851805065536  74  520  520.484907221  1.41391637533  0.084658298529
-0.851805065536  74  535  534.646951922  1.60870347793  -0.0371422282208
-0.851805065536  74  549  549.007294436  1.78292248822  0.0206563787408
-0.851805065536  74  563  563.458277226  1.65041549595  0.0627083395437
-0.851805065536  74  578  577.971739095  1.78579507702  0.0174249983504
-0.851805065536  74  593  592.599847469  1.6787421053  -0.00296328658346
-0.851805065536  74  607  607.417991668  1.70502092377  0.0944504942031
-0.851805065536  74  622  622.302572954  1.71456372845  0.114648410561
-0.851805065536  74  637  637.298556602  1.74059451687  0.130922902556
-0.851805065536  74  652  652.407040931  1.59860389181  0.144004912891
-0.851805065536  74  668  667.586825877  1.61563888833  0.026826563811
-0.851805065536  73  683  683.093650913  1.82508918842  0.0762855328046
-0.851805065536  73  699  698.544549357  1.57538168643  -0.000587861722009
-0.851805065536  73  714  714.21926971  1.8305569938  0.0369594057139
-0.851805065536  73  730  729.940710106  1.85964396221  0.00814320384723
-0.851805065536  73  746  745.802076736  1.83645735263  -0.00118113145323
-0.851805065536  73  762  761.808604372  1.85285418834  -0.0115989069534
-0.851805065536  73  778  777.97393271  1.86966589417  0.0564114471626
-0.851805065536  73  794  794.27192957  1.79292518608  0.130010943305
-0.851805065536  73  811  810.590078534  1.7320937664  0.0111064540277
-0.851805065536  73  827  827.228582583  1.86420168758  0.121603609744
-0.851805065536  73  844  843.874133589  1.88389383471  0.0576861716929
-0.851805065536  73  861  860.702023302  1.78826569122  -0.0510359250775
-0.851805065536  72  878  877.817650128  1.90424069308  -0.024958919452
-0.851805065536  72  895  894.999835855  1.97897722779  0.024625980496
-0.851805065536  72  912  912.296713833  1.85019612978  0.0302564474185
-0.851805065536  72  930  929.694909925  1.88370427839  -0.0201861404346
-0.851805065536  72  947  947.333426859  1.87533814988  0.0936343096495
-0.851805065536  72  965  965.016847732  1.99022986736  0.0529093234567
-0.851805065536  71  983  983.040707661  1.97629116445  0.0722329044563
-0.851805065536  71  1001  1001.10846518  1.99564315508  0.0928482545428
-0.851805065536  71  1019  1019.37912352  1.89753297757  0.126810537817
-0.671877065536  71  9  8.93139177501  1.53805718093  -0.00185222053444
-0.671877065536  72  19  19.4829244111  1.23917383901  0.094969456013
-0.671877065536  72  30  30.0763209458  1.52681620154  0.092646965137
-0.671877065536  72  41  40.6669295179  1.40094842924  -0.0440543650273
-0.671877065536  72  51  51.4776321125  1.26036990319  0.113470962695
-0.671877065536  72  62  62.3248796684  1.41837684616  0.160089781991
-0.671877065536  72  73  73.198723419  1.54276648669  0.0952066712353
-0.671877065536  72  84  84.151520318  1.53250906297  0.139241097933
-0.671877065536  72  95  95.2058084272  1.54140889535  0.162831313596
-0.671877065536  73  106  106.278422823  1.47768712704  0.169470242577
-0.671877065536  73  117  117.443976691  1.24932553085  0.212847094061
-0.671877065536  73  129  128.61725431  1.33556566356  0.0484684255106
-0.671877065536  73  140  139.990362237  1.60869337909  0.0561953172699
-0.671877065536  73  151  151.450907543  1.29885819792  0.184069415494
-0.671877065536  73  163  162.87962223  1.57702669675  0.0478246253421
-0.671877065536  73  174  174.485358527  1.27134116152  0.0706330099824
-0.671877065536  73  186  186.17832351  1.55998235945  0.121343963279
-0.671877065536  73  198  197.840712037  1.57400097045  0.0244816116904
-0.671877065536  73  210  209.649348138  1.43872356722  -0.0319973575431
-0.671877065536  74  222  221.546769135  1.28144274891  0.0484750637312
-0.671877065536  74  234  233.533759834  1.27144585658  0.072705404938
-0.671877065536  74  246  245.584233074  1.36151466067  0.0237151091255
-0.671877065536  74  258  257.743839735  1.55205548621  0.0582539265033
-0.671877065536  74  270  270.036365985  1.63279764663  0.136022230537
-0.671877065536  74  282  282.396889006  1.39609477376  0.178508164086
-0.671877065536  74  295  294.720218349  1.54854393956  0.0340627411446
-0.671877065536  74  307  307.326564364  1.53671265906  0.187544401893
-0.671877065536  74  320  319.843426417  1.59705470083  0.0251448427067
-0.671877065536  74  333  332.530323092  1.30333469441  0.0409292645204
-0.671877065536  74  345  345.387555536  1.50908448466  0.128450802342
-0.671877065536  74  358  358.251463298  1.59741435515  0.0837668768393
-0.671877065536  74  371  371.223345046  1.63716945877  0.0809524800291
-0.671877065536  74  384  384.300368183  1.60109779247  0.0889027160267
-0.671877065536  74  397  397.45610338  1.54512106211  0.0712811843098
-0.671877065536  75  411  410.61018904  1.60886787587  0.0171698442932
-0.671877065536  75  424  423.996572365  1.71672817942  0.0675278672954
-0.671877065536  75  437  437.462953648  1.61516278135  0.0819895029661
-0.671877065536  75  451  451.026773583  1.73680383135  0.0825632071628
-0.671877065536  75  465  464.657062735  1.64267458967  0.0591063277595
-0.671877065536  75  478  478.468785299  1.51604413573  0.12544445053
-0.671877065536  75  492  492.359318456  1.58842813144  0.127011118526
-0.671877065536  75  506  506.343273662  1.59854696117  0.125420070471
-0.671877065536  75  520  520.43340165  1.5470835816  0.104045861345
-0.671877065536  75  535  534.581864198  1.58925065385  -0.029532418997
-0.671877065536  75  549  548.912184244  1.77180444845  -0.00118858643703
-0.671877065536  75  563  563.396976735  1.69733339032  0.081475453781
-0.671877065536  75  578  577.884093039  1.75892863144  0.0107993816493
-0.671877065536  75  593  592.536242347  1.68087365581  0.025411031911
-0.671877065536  75  607  607.348089425  1.73641460698  0.0946823424607
-0.671877065536  75  622  622.211634655  1.7711239905  0.108788220138
-0.671877065536  75  637  637.220537214  1.78139201252  0.126861116397
-0.671877065536  75  652  652.326343709  1.67609640175  0.138980769462
-0.671877065536  75  668  667.520536292  1.56826788057  0.0398881362221
-0.671877065536  74  683  682.978530421  1.83241889679  0.054960462201
-0.671877065536  74  698  698.483740756  1.54817632376  0.0575950242575
-0.671877065536  74  714  714.113152758  1.85633599564  0.0229866160851
-0.671877065536  74  730  729.838951711  1.85445103686  -0.00620902898872
-0.671877065536  74  746  745.70063188  1.80446665056  -0.00322174048276
-0.671877065536  74  762  761.698796851  1.81506141807  -0.0209613196672
-0.671877065536  74  778  777.858130459  1.86854348573  0.0371568378391
-0.671877065536  74  794  794.151436653  1.86660545111  0.116898215869
-0.671877065536  74  811  810.517319186  1.66071455693  0.0480797870419
-0.671877065536  74  827  827.089863053  1.91632482685  0.0926763913405
-0.671877065536  74  844  843.762387498  1.82605186875  0.0402766728332
-0.671877065536  73  861  860.711689299  1.80963479812  -0.0234195887734
-0.671877065536  73  878  877.707084391  1.81395570488  -0.0271170094508
-0.671877065536  73  895  894.86503587  1.94534790291  -0.000857160575918
-0.671877065536  73  912  912.210030721  1.91633086523  0.0407577196629
-0.671877065536  73  930  929.591372457  1.82548337796  -0.0138870371427
-0.671877065536  73  947  947.219351015  1.93121823486  0.0883306398575
-0.671877065536  73  965  964.875705244  1.98315939156  0.0195386175399
-0.671877065536  72  983  982.889137712  1.9923521845  0.0400450720144
-0.671877065536  72  1001  1000.95581226  2.01354585494  0.0699132814517
-0.671877065536  72  1019  1019.26229065  1.94702573931  0.148522706586
-0.491949065536  72  9  8.92034109377  1.54050562286  0.0187701111112
-0.491949065536  73  19  19.4660521419  1.2732164941  0.109170758897
-0.491949065536  73  30  30.0423663621  1.55117553495  0.0829935441447
-0.491949065536  73  41  40.6386361546  1.34472394728  -0.0385022741359
-0.491949065536  73  51  51.4492756377  1.31521376168  0.127888921693
-0.491949065536  73  62  62.2914214644  1.45602531555  0.152272245013
-0.491949065536  73  73  73.1562177707  1.56521517834  0.0775286950104
-0.491949065536  73  84  84.1140054643  1.56586313932  0.122039892905
-0.491949065536  73  95  95.1629291754  1.56069475999  0.159748159677
-0.491949065536  74  106  106.234997963  1.49110982676  0.152373891541
-0.491949065536  74  117  117.418598382  1.3380027254  0.216922179533
-0.491949065536  74  129  128.590381983  1.29498524199  0.0563440951872
-0.491949065536  74  140  139.955297385  1.58214849065  0.0639664895175
-0.491949065536  74  151  151.420061204  1.31862156537  0.181264476944
-0.491949065536  74  163  162.842427531  1.56945437228  0.0404832410641
-0.491949065536  74  174  174.455863071  1.29257582744  0.0761249953472
-0.491949065536  74  186  186.122616567  1.54591250386  0.107086535459
-0.491949065536  74  198  197.803385512  1.5342452446  0.0329497914518
-0.491949065536  74  210  209.612020414  1.33382855766  -0.0243150024974
-0.491949065536  75  222  221.512969911  1.38442369443  0.0795010264449
-0.491949065536  75  233  233.506250648  1.30158511355  0.123275619711
-0.491949065536  75  246  245.541758605  1.34309281702  0.0373161028534
-0.491949065536  75  258  257.693584277  1.53644467391  0.0459736388448
-0.491949065536  75  270  269.976041287  1.65985356785  0.115317585381
-0.491949065536  75  282  282.35200937  1.48909243634  0.177413695013
-0.491949065536  75  295  294.676969216  1.51543359904  0.0467557766883
-0.491949065536  75  307  307.268062509  1.57523911657  0.177446483586
-0.491949065536  75  320  319.77606981  1.57814088319  0.021212413754
-0.491949065536  75  332  332.507591183  1.26845544368  0.119747717207
-0.491949065536  75  345  345.329025476  1.55043815282  0.125475965759
-0.491949065536  75  358  358.180935746  1.6533316196  0.0636611807844
-0.491949065536  75  371  371.153746635  1.66803649161  0.0650115751369
-0.491949065536  75  384  384.22860262  1.65407297458  0.0753282856092
-0.491949065536  75  397  397.38690921  1.6030804918  0.0690790876875
-0.491949065536  75  411  410.592122139  1.48948433276  -0.00601956696538
-0.491949065536  76  424  423.926152394  1.71992455451  0.0639930117279
-0.491949065536  76  437  437.425790697  1.57098286165  0.115419594738
-0.491949065536  76  451  450.942551251  1.74574572766  0.0624013554221
-0.491949065536  76  465  464.582090468  1.50739216478  0.0571313420134
-0.491949065536  76  478  478.412441529  1.48863918035  0.156795067676
-0.491949065536  76  492  492.296552937  1.61993808383  0.131252985753
-0.491949065536  76  506  506.290970765  1.61780975339  0.151230151384
-0.491949065536  76  520  520.374974893  1.56451818041  0.12279190516
-0.491949065536  76  535  534.52500746  1.46632918558  0.00552045689795
-0.491949065536  76  549  548.831427476  1.7566499377  -0.00696693397222
-0.491949065536  76  563  563.321475535  1.72213112418  0.0892510923763
-0.491949065536  76  578  577.786215463  1.75833944271  -0.00830807003109
-0.491949065536  76  592  592.469818518  1.61394622854  0.0639324452434
-0.491949065536  76  607  607.265970916  1.78078456283  0.106289769284
-0.491949065536  76  622  622.125883077  1.79278889614  0.0963005581661
-0.491949065536  76  637  637.112190965  1.82581311254  0.112195713326
-0.491949065536  76  652  652.231664606  1.75133901826  0.125379182647
-0.491949065536  75  668  667.520249303  1.63829934912  0.0591137447841
-0.491949065536  75  683  682.885023322  1.83181815142  0.0349355492562
-0.491949065536  75  698  698.416250793  1.67963335416  0.0720912861259
-0.491949065536  75  714  714.010843362  1.84657446297  0.00655887375288
-0.491949065536  75  730  729.73304173  1.81657702066  -0.00942681969
-0.491949065536  75  746  745.622546321  1.7791948609  0.0114142359173
-0.491949065536  75  762  761.619531605  1.77743529835  -0.00153539422066
-0.491949065536  75  778  777.750710574  1.85984543146  0.023100934927
-0.491949065536  75  794  794.048033494  1.88506935643  0.0962695103879
-0.491949065536  75  810  810.439313464  1.70480741903  0.0888400905319
-0.491949065536  75  827  826.970836787  1.90503261374  0.0654920133542
-0.491949065536  75  844  843.66222514  1.79190938355  0.0452587747245
-0.491949065536  74  861  860.597192141  1.73381468834  -0.0280924428807
-0.491949065536  74  878  877.612044203  1.77114871347  -0.00885896666374
-0.491949065536  74  895  894.712783811  1.89933423759  -0.0332817416382
-0.491949065536  74  912  912.065597306  1.94248056264  0.02337351118
-0.491949065536  74  929  929.489541593  1.82504931602  0.0224672914882
-0.491949065536  74  947  947.079354845  1.97280370117  0.0683844009863
-0.491949065536  74  965  964.743610417  1.92797713206  0.00215497022279
-0.491949065536  73  983  982.74426486  1.94399657791  0.00576419900797
-0.491949065536  73  1001  1000.82214321  1.95995775971  0.0551300490635
-0.491949065536  73  1019  1019.11811967  2.03162539478  0.115169446004
-0.312021065536  73  9  8.88910398582  1.52581093017  0.0184057583888
-0.312021065536  74  19  19.4464010163  1.32082012449  0.105843932885
-0.312021065536  74  30  30.0183865702  1.51507916986  0.0782503565075
-0.312021065536  74  41  40.6174018811  1.31317276733  -0.038314797508
-0.312021065536  74  51  51.4441738063  1.32212571134  0.128184852632
-0.312021065536  74  62  62.2723146534  1.45836552733  0.161872527588
-0.312021065536  74  73  73.1202947282  1.56270796968  0.0806535062576
-0.312021065536  74  84  84.0815891859  1.56476750077  0.119382403185
-0.312021065536  74  95  95.1305312782  1.56143252513  0.15543479719
-0.312021065536  74  106  106.229853532  1.47110337096  0.192893019475
-0.312021065536  75  117  117.397456297  1.37672740215  0.233987165173
-0.312021065536  75  129  128.561507755  1.25031215201  0.0652003941549
-0.312021065536  75  140  139.908695555  1.57308544733  0.0414469546669
-0.312021065536  75  151  151.388296739  1.39507697495  0.190172223833
-0.312021065536  75  163  162.795192518  1.55340630293  0.0299825680083
-0.312021065536  75  174  174.431047602  1.38079558053  0.108521222249
-0.312021065536  75  186  186.075467118  1.57734280749  0.101488939974
-0.312021065536  75  198  197.752047476  1.54419737825  0.0208654994676
-0.312021065536  75  210  209.575747069  1.34178975858  -0.0153377097378
-0.312021065536  76  222  221.509306905  1.32253732385  0.0742570762045
-0.312021065536  76  233  233.485927069  1.30837602258  0.151226107676
-0.312021065536  76  246  245.52425251  1.2699786159  0.0655156916808
-0.312021065536  76  258  257.64942811  1.45012829744  0.0477695195465
-0.312021065536  76  270  269.925855617  1.62886118424  0.109513824792
-0.312021065536  76  282  282.303798181  1.50126655668  0.175947653879
-0.312021065536  76  295  294.619139651  1.41746028671  0.0480092776003
-0.312021065536  76  307  307.221923707  1.5988949211  0.17168938461
-0.312021065536  76  320  319.72120816  1.53230005275  0.0236176030909
-0.312021065536  76  332  332.473904251  1.29583864093  0.15474157372
-0.312021065536  76  345  345.281741698  1.57384828346  0.143399229175
-0.312021065536  76  358  358.116022603  1.65614011068  0.0639306835168
-0.312021065536  76  371  371.093759377  1.684622092  0.0656308728028
-0.312021065536  76  384  384.172806189  1.6415186953  0.0908910242191
-0.312021065536  76  397  397.340869943  1.58561217303  0.0870937038975
-0.312021065536  76  411  410.548968749  1.52044901151  0.0221195980516
-0.312021065536  77  424  423.846077845  1.69712915018  0.0483095247505
-0.312021065536  77  437  437.352281881  1.61017080509  0.110381134604
-0.312021065536  77  451  450.848813492  1.71154230622  0.0317086619634
-0.312021065536  77  465  464.53345027  1.4178303782  0.090880358768
-0.312021065536  77  478  478.355338762  1.56837032074  0.159206135009
-0.312021065536  77  492  492.231089255  1.64489293304  0.129304220778
-0.312021065536  77  506  506.211954475  1.65475435159  0.135809292812
-0.312021065536  77  520  520.309903521  1.6201688583  0.125770937152
-0.312021065536  77  534  534.475592273  1.526104824  0.0482850073645
-0.312021065536  77  549  548.747625105  1.70258025529  -0.013009372715
-0.312021065536  77  563  563.243548432  1.75170489585  0.0843263701609
-0.312021065536  77  578  577.708248965  1.71648537659  -0.0125447023003
-0.312021065536  77  592  592.406291625  1.6264216402  0.0889997258178
-0.312021065536  77  607  607.183375974  1.80790941196  0.101058135008
-0.312021065536  77  622  622.027377766  1.79400358964  0.0791079889097
-0.312021065536  77  637  637.00981562  1.82666328691  0.0804369336476
-0.312021065536  76  652  652.230626437  1.75633559428  0.122515959182
-0.312021065536  76  667  667.451221747  1.58344173652  0.0946296591511
-0.312021065536  76  683  682.762982093  1.78745509767  0.00422307369528
-0.312021065536  76  698  698.332417185  1.69606421532  0.100479451956
-0.312021065536  76  714  713.899200116  1.82868975078  -0.00835896314578
-0.312021065536  76  730  729.640542493  1.76727490362  -0.0128169310361
-0.312021065536  76  746  745.535550293  1.74551910094  0.0194616752037
-0.312021065536  76  762  761.534804715  1.73761396092  0.0170590984381
-0.312021065536  76  778  777.638566033  1.81548453004  0.0076819623669
-0.312021065536  76  794  793.920826452  1.90392814989  0.0675200168015
-0.312021065536  76  810  810.355771026  1.74955467354  0.118668410505
-0.312021065536  76  827  826.847302589  1.90729209719  0.0406177404741
-0.312021065536  76  844  843.562717405  1.66223396384  0.0745209604328
-0.312021065536  75  861  860.521327351  1.69614944957  0.00971549777203
-0.312021065536  75  878  877.533909559  1.78961806565  0.0157719420067
-0.312021065536  75  895  894.615739295  1.8111531154  -0.0300589121303
-0.312021065536  75  912  911.934649659  1.93554990593  -0.00445673474542
-0.312021065536  75  929  929.400530641  1.86324233615  0.0527549152932
-0.312021065536  75  947  946.93811399  1.97917715233  0.0359375121127
-0.312021065536  75  965  964.649400535  2.02982019326  -0.0455334352191
-0.312021065536  74  983  982.624056537  1.87533217389  0.00278976396913
-0.312021065536  74  1001  1000.7011129  1.92836773283  0.040903641453
-0.312021065536  74  1019  1018.96545385  2.02822845655  0.0798888924627
-0.132093065536  74  9  8.85876310355  1.50088178976  0.0130283022528
-0.132093065536  74  19  19.435310751  1.28797114887  0.147902507979
-0.132093065536  75  30  29.9768870697  1.53146831586  0.0634060955333
-0.132093065536  75  41  40.5976570695  1.28131109283  -0.0306943774807
-0.132093065536  75  51  51.4043535014  1.39132236429  0.112143279408
-0.132093065536  75  62  62.2408164561  1.50173128933  0.161275409116
-0.132093065536  75  73  73.0789952021  1.57167445137  0.0533224133977
-0.132093065536  75  84  84.0452621584  1.57539759193  0.121921556537
-0.132093065536  75  95  95.0976469452  1.57155698641  0.149316703193
-0.132093065536  75  106  106.209827401  1.53656759986  0.150033582609
-0.132093065536  76  117  117.376126871  1.3809886705  0.239257002062
-0.132093065536  76  129  128.532978663  1.22909368975  0.0760039765534
-0.132093065536  76  140  139.868029447  1.5459525618  0.0399288198023
-0.132093065536  76  151  151.362246994  1.39858304961  0.191019572209
-0.132093065536  76  163  162.746827029  1.52560199803  0.0130130069246
-0.132093065536  76  174  174.402351777  1.38617219303  0.11305943489
-0.132093065536  76  186  186.031868644  1.5708790208  0.0886994456502
-0.132093065536  76  198  197.708955354  1.47987001936  0.00843212379634
-0.132093065536  76  210  209.545189357  1.25385620778  -0.00381177973768
-0.132093065536  76  221  221.498498898  1.29731242896  0.142383509923
-0.132093065536  77  233  233.448383193  1.35973509478  0.155274870443
-0.132093065536  77  245  245.496832581  1.2925989705  0.10742416545
-0.132093065536  77  258  257.595934356  1.38545339228  0.0456160164628
-0.132093065536  77  270  269.861522246  1.63721064725  0.0975856296531
-0.132093065536  77  282  282.252138937  1.54530718166  0.172122189158
-0.132093065536  77  295  294.577622786  1.31368635311  0.0658011463905
-0.132093065536  77  307  307.164309191  1.62694437309  0.161997476798
-0.132093065536  77  320  319.667038528  1.50799139151  0.0115840568801
-0.132093065536  77  332  332.435126334  1.37751511113  0.168577087852
-0.132093065536  77  345  345.218844861  1.61091568214  0.112486668635
-0.132093065536  77  358  358.057485568  1.6621741131  0.0538376744836
-0.132093065536  77  371  371.020293831  1.68968565212  0.050398152623
-0.132093065536  77  384  384.104513377  1.69018728986  0.071484830529
-0.132093065536  77  397  397.278303577  1.64476135904  0.0847220729742
-0.132093065536  77  411  410.513020347  1.56452091765  0.0462479888423
-0.132093065536  77  424  423.845845094  1.69703031009  0.0453786333631
-0.132093065536  78  437  437.300369735  1.66301149812  0.108066353132
-0.132093065536  78  451  450.801475594  1.70920493011  0.0416341684202
-0.132093065536  78  464  464.492663194  1.39943954401  0.141527476825
-0.132093065536  78  478  478.287572876  1.63109420603  0.143170302186
-0.132093065536  78  492  492.15228659  1.67035313377  0.111568678225
-0.132093065536  78  506  506.131299529  1.69146483511  0.118211077793
-0.132093065536  78  520  520.230999566  1.66363939966  0.106680200616
-0.132093065536  78  534  534.422370286  1.58680054351  0.0850125315934
-0.132093065536  78  549  548.66897652  1.66382912958  -0.0197237042284
-0.132093065536  78  563  563.152038654  1.75834177269  0.058908966938
-0.132093065536  78  578  577.650084974  1.71091676231  0.000895681420659
-0.132093065536  78  592  592.335725335  1.68925433675  0.0887355746329
-0.132093065536  78  607  607.084416628  1.82548364858  0.0826659344274
-0.132093065536  78  622  621.929679885  1.80153819517  0.0561830179301
-0.132093065536  78  637  636.894923209  1.81736896102  0.0312606112725
-0.132093065536  77  652  652.149378643  1.77445963506  0.123464046332
-0.132093065536  77  667  667.382395938  1.66619627676  0.120532130204
-0.132093065536  77  683  682.682492308  1.72705810083  0.00473572350596
-0.132093065536  77  698  698.245379255  1.79379160911  0.0882092800726
-0.132093065536  77  714  713.78396765  1.79220846654  -0.0338872156826
-0.132093065536  77  730  729.567035393  1.73538684192  0.0115499488993
-0.132093065536  77  745  745.459290733  1.72844676456  0.0515709198213
-0.132093065536  77  761  761.451931367  1.7492900123  0.0404086627037
-0.132093065536  77  778  777.560356863  1.77549890676  0.0335538041801
-0.132093065536  77  794  793.811733099  1.88953665944  0.0451202778692
-0.132093065536  77  810  810.26127548  1.82796523618  0.112981889371
-0.132093065536  77  827  826.730229695  1.86362924612  0.0155974659227
-0.132093065536  77  843  843.487605952  1.61660841144  0.123810192416
-0.132093065536  76  860  860.440138057  1.69400116226  0.0681758821279
-0.132093065536  76  877  877.442656928  1.76237886789  0.0648241669604
-0.132093065536  76  895  894.548605026  1.76530975924  0.0173217863174
-0.132093065536  76  912  911.82240636  1.90755311776  -0.0170322073914
-0.132093065536  76  929  929.293598098  1.9031936822  0.0645823475386
-0.132093065536  76  947  946.799871587  1.93660498543  0.0195671728203
-0.132093065536  75  965  964.630763613  1.86706476125  0.0264562870568
-0.132093065536  75  983  982.542453918  1.84759683881  0.031142762776
-0.132093065536  75  1001  1000.58991016  1.86608683464  0.046495995053
-0.132093065536  75  1019  1018.82396672  2.01352403883  0.0427621081979
0.0478349344638  75  9  8.83533886178  1.50403022837  0.000242182343327
0.0478349344638  75  19  19.4281258652  1.33496434758  0.119054667703
0.0478349344638  76  30  29.9554146096  1.51967446508  0.0611871418693
0.0478349344638  76  41  40.5779228222  1.25721856965  -0.0209701960347
0.0478349344638  76  51  51.4052988935  1.35787274791  0.144387892834
0.0478349344638  76  62  62.3115951366  1.34877509844  0.483796261712
0.0478349344638  76  73  72.8874824441  1.59422517615  -0.308035316452
0.0478349344638  76  84  84.0086168815  1.55496946852  0.109076519718
0.0478349344638  76  95  95.0485498716  1.57357270838  0.128458672927
0.0478349344638  76  106  106.175377218  1.51113449533  0.147440291771
0.0478349344638  77  117  117.336292173  1.44069879909  0.223711016189
0.0478349344638  77  129  128.522505915  1.22776792072  0.131740962035
0.0478349344638  77  140  139.804974365  1.5475092152  -0.000912115401214
0.0478349344638  77  151  151.329201671  1.43520590249  0.202358703798
0.0478349344638  77  163  162.707772281  1.4788788226  0.0233219140102
0.0478349344638  77  174  174.364440425  1.42521527378  0.110398341594
0.0478349344638  77  186  185.982633947  1.58103450549  0.0744329947908
0.0478349344638  77  198  197.667609668  1.47948596698  0.00204166737511
0.0478349344638  77  210  209.514047648  1.27459252045  0.0182233952791
0.0478349344638  77  221  221.457354419  1.34563842262  0.142963393761
0.0478349344638  78  233  233.413293233  1.41219545057  0.152647339214
0.0478349344638  78  245  245.462267387  1.36486134801  0.128633773381
0.0478349344638  78  258  257.564468449  1.29077345818  0.0786431173885
0.0478349344638  78  270  269.810136915  1.59686636731  0.0776832787285
0.0478349344638  78  282  282.201261238  1.57706128364  0.160672380173
0.0478349344638  78  295  294.537022388  1.23974416939  0.0958298591936
0.0478349344638  78  307  307.108566176  1.64466524954  0.152134353846
0.0478349344638  78  320  319.627202443  1.43861517131  0.0223774728117
0.0478349344638  78  332  332.402585017  1.41138328866  0.177815382894
0.0478349344638  78  345  345.151137235  1.62923683307  0.102044836194
0.0478349344638  78  358  357.996922098  1.66267752071  0.0400227623035
0.0478349344638  78  371  370.951491795  1.69949329783  0.0314816345955
0.0478349344638  78  384  384.036845309  1.67723562651  0.0618041020194
0.0478349344638  78  397  397.218423114  1.65561824499  0.0793097267832
0.0478349344638  78  410  410.460782972  1.53592478445  0.0794038994112
0.0478349344638  78  424  423.794082946  1.68204477348  0.0399785226381
0.0478349344638  78  437  437.300303932  1.66336543476  0.107702189902
0.0478349344638  79  451  450.734330393  1.69699002285  0.0322366162014
0.0478349344638  79  464  464.445956307  1.50393955206  0.159189844983
0.0478349344638  79  478  478.217755387  1.67190638876  0.142139677017
0.0478349344638  79  492  492.075015096  1.69669173223  0.096622818349
0.0478349344638  79  506  506.034776701  1.71109154717  0.0814956711295
0.0478349344638  79  520  520.149329321  1.72233653473  0.0864840680464
0.0478349344638  79  534  534.354960074  1.63946202251  0.0787566847249
0.0478349344638  79  549  548.613662403  1.62882122225  0.00139918422961
0.0478349344638  79  563  563.068030954  1.79424161184  0.0415163381059
0.0478349344638  79  578  577.576474181  1.69675253131  0.0148926489673
0.0478349344638  79  592  592.255528452  1.74427734485  0.0755097551417
0.0478349344638  79  607  606.993997845  1.81223432223  0.0625907109157
0.0478349344638  79  622  621.838509729  1.78113639878  0.0457530646423
0.0478349344638  78  637  636.898595384  1.82519848975  0.0515726696585
0.0478349344638  78  652  652.055382237  1.79029075401  0.104209843836
0.0478349344638  78  667  667.305228983  1.73952714296  0.0994932788963
0.0478349344638  78  683  682.598351622  1.65582776027  0.00787802170903
0.0478349344638  78  698  698.154067659  1.8317947295  0.0752568232373
0.0478349344638  78  714  713.690076897  1.7736246356  -0.0356601216082
0.0478349344638  78  729  729.485639221  1.71923547103  0.0409545178771
0.0478349344638  78  745  745.370701064  1.78115171609  0.0617748932099
0.0478349344638  78  761  761.356430405  1.80566883711  0.0569097903143
0.0478349344638  78  777  777.480556727  1.75678781144  0.0649781050065
0.0478349344638  78  794  793.704741661  1.83081755179  0.0377003410974
0.0478349344638  78  810  810.150181352  1.86864543446  0.104053503275
0.0478349344638  78  827  826.61690097  1.7605390085  0.0135944337906
0.0478349344638  77  843  843.47760896  1.86025080171  0.156800285258
0.0478349344638  77  860  860.347229001  1.77053795707  0.0680222859026
0.0478349344638  77  877  877.345083088  1.83844431493  0.0630648095469
0.0478349344638  77  894  894.458010636  1.69581914135  0.0547209055445
0.0478349344638  77  912  911.702040149  1.85506304555  -0.0304621211245
0.0478349344638  77  929  929.156035698  1.94939383969  0.0312402968583
0.0478349344638  77  947  946.678135842  1.906125204  -0.00249689966035
0.0478349344638  76  965  964.526160342  1.8331830228  0.0197425851357
0.0478349344638  76  982  982.441401434  1.7838861458  0.0771622806468
0.0478349344638  76  1000  1000.47740022  1.73970172896  0.0935774884073
0.0478349344638  76  1019  1018.68220591  1.96770099349  0.0351744728369
0.227762934464  76  9  8.81441507769  1.4975480979  0.00306065360007
0.227762934464  76  19  19.4123196997  1.36277264868  0.122814230355
0.227762934464  77  30  29.9167146138  1.54136192127  0.0479245436794
0.227762934464  77  41  40.5565737652  1.22307385436  -0.00908979188272
0.227762934464  77  51  51.3741049982  1.39896597898  0.143818139035
0.227762934464  77  62  62.1344319194  0.01833105839  0.148924590137
0.227762934464  77  73  73.0023052731  1.58947319123  0.0423738296541
0.227762934464  77  84  83.9806643671  1.58733814959  0.107755425262
0.227762934464  77  95  95.0153812922  1.58455109442  0.119447331952
0.227762934464  77  106  106.131112282  1.56860862409  0.131210405498
0.227762934464  78  117  117.316371523  1.42423575832  0.242429507046
0.227762934464  78  128  128.501341436  1.20258844022  0.165077520911
0.227762934464  78  140  139.778596029  1.50841310672  0.00701105999496
0.227762934464  78  151  151.296430535  1.49127537164  0.194506283634
0.227762934464  78  163  162.67276383  1.44287819597  0.0207737539973
0.227762934464  78  174  174.324017366  1.46641538398  0.103171162207
0.227762934464  78  186  185.931190633  1.57597388559  0.0692622063596
0.227762934464  78  198  197.635919024  1.44207166794  0.0232763772707
0.227762934464  78  209  209.485729481  1.2327876308  -0.0749930701665
0.227762934464  78  221  221.428693468  1.39928113184  0.160449096591
0.227762934464  78  233  233.388261574  1.39087606783  0.179230568784
0.227762934464  79  245  245.42558036  1.43001006407  0.131135337804
0.227762934464  79  258  257.529561  1.29129098616  0.105316692814
0.227762934464  79  270  269.751133122  1.57799473964  0.0662923349223
0.227762934464  79  282  282.150193257  1.61489134108  0.149888047077
0.227762934464  79  295  294.511340225  1.22344548215  0.132979278773
0.227762934464  79  307  307.041203812  1.64837562254  0.128312489345
0.227762934464  79  320  319.576994188  1.40108267227  0.0351382319328
0.227762934464  79  332  332.34742477  1.51218999907  0.169707356318
0.227762934464  79  345  345.08828025  1.6545130906  0.0782112522215
0.227762934464  79  358  357.919634286  1.65245114224  0.010925338649
0.227762934464  79  371  370.882990413  1.67511539116  0.0168964865257
0.227762934464  79  384  383.963235726  1.70210363932  0.0464467337118
0.227762934464  79  397  397.158769912  1.70624293934  0.0727677072777
0.227762934464  79  410  410.41117629  1.56009280808  0.0975825617672
0.227762934464  79  424  423.730907888  1.68418766926  0.0400772286994
0.227762934464  79  437  437.240461708  1.69222299647  0.1063107887
0.227762934464  79  451  450.734330393  1.69699002285  0.0322366162014
0.227762934464  80  464  464.394104145  1.50639963382  0.190805591982
0.227762934464  80  478  478.145215596  1.69914842153  0.129323783876
0.227762934464  80  492  491.986440146  1.71205498386  0.0725809972768
0.227762934464  80  506  505.962437876  1.72593332503  0.0685431549294
0.227762934464  80  520  520.068660665  1.72319330991  0.0733334898939
0.227762934464  80  534  534.277742305  1.67808108939  0.0809387552277
0.227762934464  80  549  548.546488876  1.52333276455  0.0191129694415
0.227762934464  80  563  562.976341182  1.81165070358  0.0237349682333
0.227762934464  80  578  577.510324994  1.6405512647  0.023036330952
0.227762934464  80  592  592.186815706  1.75425238653  0.0830199054922
0.227762934464  80  607  606.89530137  1.81757694651  0.037223988773
0.227762934464  79  622  621.839484452  1.78375156796  0.0500781808599
0.227762934464  79  637  636.811208049  1.79487210898  0.0395107145448
0.227762934464  79  652  651.945312368  1.82513502979  0.0731349088521
0.227762934464  79  667  667.212004354  1.78976133382  0.103589403363
0.227762934464  79  683  682.520457296  1.64572358952  0.0344651519449
0.227762934464  79  698  698.036433049  1.82950840784  0.0426990068975
0.227762934464  79  714  713.623248681  1.73650963835  -0.0102054833642
0.227762934464  79  729  729.403250703  1.76710895168  0.0530916132903
0.227762934464  79  745  745.276120506  1.83251695505  0.0484002064831
0.227762934464  79  761  761.273483669  1.84702580098  0.0561634127911
0.227762934464  79  777  777.396243798  1.81762818113  0.0748979107037
0.227762934464  79  794  793.611579759  1.80469419461  0.0407718516009
0.227762934464  79  810  810.030040558  1.90551317285  0.0718793295146
0.227762934464  79  827  826.543586881  1.73578576448  0.0492211457587
0.227762934464  78  843  843.40526317  1.75477932365  0.140562518347
0.227762934464  78  860  860.230319157  1.85941541525  0.0573888513089
0.227762934464  78  877  877.224879555  1.90135011357  0.0569073357431
0.227762934464  78  894  894.366303326  1.79100930333  0.0711304784525
0.227762934464  78  912  911.59601458  1.83150181308  -0.016781724953
0.227762934464  78  929  929.030614474  1.97433998211  0.0234328530765
0.227762934464  78  947  946.579909212  1.87122988254  0.0149249499345
0.227762934464  77  964  964.439754996  1.79631712989  0.0611065814662
0.227762934464  77  982  982.340478747  1.85967516354  0.101553431352
0.227762934464  77  1000  1000.39627757  1.79808606104  0.132143439725
0.227762934464  77  1019  1018.57839905  1.88723601158  0.0521508028723
0.407690934464  77  9  8.78557647066  1.47754089087  0.000196280995471
0.407690934464  77  19  19.3931969569  1.3732734891  0.132290940156
0.407690934464  78  30  29.8807397023  1.51731330338  0.0175717475174
0.407690934464  78  41  40.5415200405  1.21372681858  0.00793577243747
0.407690934464  78  51  51.3516467909  1.42566740099  0.146411933106
0.407690934464  78  62  62.124814595  1.53524052796  0.093373678335
0.407690934464  78  73  72.9729122753  1.58665006511  0.047462596128
0.407690934464  78  84  83.9381631755  1.56498938556  0.0844815107812
0.407690934464  78  95  94.9665988541  1.59162349047  0.103030332093
0.407690934464  78  106  106.09962326  1.55770090308  0.129003755361
0.407690934464  78  117  117.334310776  1.39676970115  0.30686743561
0.407690934464  79  128  128.481607621  1.21762089081  0.198400933661
0.407690934464  79  140  139.736633601  1.48856518113  -0.000953954969341
0.407690934464  79  151  151.255069122  1.51269498958  0.191890575131
0.407690934464  79  163  162.643545276  1.41365542523  0.0308860141186
0.407690934464  79  174  174.291880888  1.51229079794  0.0907381312829
0.407690934464  79  186  185.87031387  1.59124987409  0.0320550018651
0.407690934464  79  198  197.603287991  1.42604883426  0.0267991993009
0.407690934464  79  209  209.458704763  1.41545064748  0.0633123503939
0.407690934464  79  221  221.3874532  1.44878007394  0.158031083804
0.407690934464  79  233  233.364621063  1.4824736817  0.137982466281
0.407690934464  80  245  245.394874049  1.43505104051  0.132758526548
0.407690934464  80  257  257.512319413  1.20134681063  0.156628767522
0.407690934464  80  270  269.696437393  1.50293934029  0.0552176929073
0.407690934464  80  282  282.102894548  1.61565373005  0.145060094205
0.407690934464  80  294  294.485370479  1.23103994074  0.171921744045
0.407690934464  80  307  306.973550819  1.6574961467  0.108920445101
0.407690934464  80  320  319.543951974  1.29252992929  0.0580118593337
0.407690934464  80  332  332.297268957  1.50424181838  0.17250299338
0.407690934464  80  345  345.020014518  1.67098000787  0.0654242270002
0.407690934464  80  358  357.795177781  1.54524198809  -0.173075274414
0.407690934464  80  371  370.81945571  1.66923433249  0.00189680513274
0.407690934464  80  384  383.890269232  1.69067555234  0.0240094883513
0.407690934464  80  397  397.075760405  1.72070732347  0.0389011466084
0.407690934464  80  410  410.364510514  1.56067017817  0.101315993885
0.407690934464  80  424  423.657681716  1.61433537744  0.0347294037285
0.407690934464  80  437  437.160385475  1.70955904652  0.0946594755434
0.407690934464  80  451  450.653723087  1.63001512384  0.0135847589232
0.407690934464  80  464  464.400924676  1.49837311399  0.197040285609
0.407690934464  81  478  478.064076399  1.73071709355  0.108485831607
0.407690934464  81  492  491.902992795  1.70805548504  0.0480316879187
0.407690934464  81  506  505.868365306  1.71215039184  0.0456096868386
0.407690934464  81  520  519.970038818  1.73691549005  0.0388122755668
0.407690934464  81  534  534.193889745  1.72809056734  0.0642476401798
0.407690934464  81  548  548.484111503  1.54910925448  0.0589962691352
0.407690934464  81  563  562.883256318  1.80072901285  -0.00062836167482
0.407690934464  81  577  577.445437378  1.65461159062  0.0533931689628
0.407690934464  81  592  592.076695143  1.80601689765  0.0532014940011
0.407690934464  80  607  606.89530137  1.81757694651  0.037223988773
0.407690934464  80  622  621.744346696  1.75949854148  0.0269020629831
0.407690934464  80  637  636.711892146  1.75029276948  0.0199114170236
0.407690934464  80  652  651.836989944  1.78836538717  0.0463465188297
0.407690934464  80  667  667.118678227  1.82889458722  0.0861901607991
0.407690934464  80  682  682.4717314  1.54124511388  0.0993825918096
0.407690934464  80  698  697.92711247  1.8347096414  0.0238790020147
0.407690934464  80  714  713.554550765  1.67820047996  0.00526440036139
0.407690934464  80  729  729.328800742  1.81308692283  0.0746503785895
0.407690934464  80  745  745.179699992  1.87691882234  0.0514139161379
0.407690934464  80  761  761.174654264  1.88308093272  0.0470383807213
0.407690934464  80  777  777.305803587  1.8319115453  0.0976259961982
0.407690934464  80  794  793.533501925  1.74565608513  0.0787752637631
0.407690934464  80  810  809.902420463  1.89594152835  0.0382608933151
0.407690934464  80  826  826.465984574  1.62413955338  0.106821939051
0.407690934464  79  843  843.301220224  1.82644828216  0.135310457982
0.407690934464  79  860  860.112570701  1.90752749461  0.0355669566827
0.407690934464  79  877  877.103975613  1.93117754553  0.0328830800547
0.407690934464  79  894  894.264659694  1.86491368272  0.0774090442947
0.407690934464  79  912  911.502757609  1.84678712283  0.00379916215187
0.407690934464  79  929  928.900425512  1.95703917664  -0.00427983770304
0.407690934464  79  946  946.486613334  1.82868382198  0.0450250739313
0.407690934464  78  964  964.32882149  1.86068082048  0.0821558132833
0.407690934464  78  982  982.221219576  1.9279717194  0.105667465472
0.407690934464  78  1000  1000.27599467  1.88511377239  0.145532526638
0.407690934464  78  1018  1018.47079221  1.82965437397  0.0939938161061
0.587618934464  78  9  8.75672841109  1.47642091164  -0.0048615850696
0.587618934464  78  19  19.3785279479  1.37626732689  0.138120923476
0.587618934464  78  30  29.8747786365  1.4854435685  0.0750741344807
0.587618934464  79  41  40.5202910639  1.21088592509  0.00436127013524
0.587618934464  79  51  51.3160930709  1.46528595857  0.129605978863
0.587618934464  79  62  62.1097260108  1.54585336268  0.119851049368
0.587618934464  79  73  72.9479468204  1.56917731321  0.0524278539866
0.587618934464  79  84  83.8991347212  1.57820242583  0.0738756899393
0.587618934464  79  95  94.931549588  1.59341427329  0.097672152226
0.587618934464  79  106  106.062342123  1.5917244904  0.117015547072
0.587618934464  79  117  117.28497672  1.45554341506  0.238387412472
0.587618934464  80  128  128.452937328  1.23269444586  0.191426873827
0.587618934464  80  140  139.698508703  1.4239944114  -0.00665305900843
0.587618934464  80  151  151.227318688  1.51288014856  0.192627344644
0.587618934464  80  163  162.608878596  1.33877003967  0.0340676130092
0.587618934464  80  174  174.250620997  1.51894313289  0.0883714330334
0.587618934464  80  186  185.833605127  1.54127075152  0.0403419630802
0.587618934464  80  198  197.56663121  1.33667263456  0.0270967078479
0.587618934464  80  209  209.438141106  1.4281950686  0.104451740936
0.587618934464  80  221  221.357566559  1.47375624355  0.159447003564
0.587618934464  80  233  233.33473117  1.48007466754  0.165672658169
0.587618934464  81  245  245.350583913  1.48442827205  0.14476299901
0.587618934464  81  257  257.475223619  1.30266071541  0.171605948307
0.587618934464  81  270  269.64821943  1.48403685078  0.0422685942846
0.587618934464  81  282  282.030297014  1.64583495075  0.118640434199
0.587618934464  81  294  294.456253095  1.30760934077  0.221445386744
0.587618934464  81  307  306.906689258  1.65049403508  0.0793933929125
0.587618934464  81  319  319.506297074  1.28473746428  0.113423849699
0.587618934464  81  332  332.233286281  1.55519184173  0.156455977286
0.587618934464  81  345  344.947850241  1.65545959532  0.04466265124
0.587618934464  81  358  357.786564515  1.60656008324  -0.0237594570741
0.587618934464  81  371  370.754202706  1.6467829143  -0.00596327552067
0.587618934464  81  384  383.819977938  1.68296545196  0.00861543768591
0.587618934464  81  397  397.008449882  1.71157312789  0.0335320137361
0.587618934464  81  410  410.307286488  1.59784980881  0.106040187344
0.587618934464  81  424  423.608858348  1.58062315164  0.0400601906338
0.587618934464  81  437  437.097862554  1.71693206038  0.0826512623878
0.587618934464  81  451  450.59622194  1.58866059003  0.0273693003659
0.587618934464  81  464  464.341934757  1.56825844003  0.192962886347
0.587618934464  81  478  478.063761334  1.73106947676  0.10675394624
0.587618934464  81  492  491.914058229  1.71639048803  0.0681451115956
0.587618934464  82  506  505.785457726  1.68086897383  0.0307846104046
0.587618934464  82  520  519.900705689  1.72755993023  0.0329520540003
0.587618934464  82  534  534.114764502  1.73850655151  0.048465439814
0.587618934464  82  548  548.433646397  1.57994063435  0.0794562900087
0.587618934464  82  563  562.800254063  1.76307907752  -0.00274302664147
0.587618934464  82  577  577.368764163  1.74085383148  0.0266200503113
0.587618934464  81  592  592.076695143  1.80601689765  0.0532014940011
0.587618934464  81  607  606.797013782  1.78522171838  0.0176466269571
0.587618934464  81  622  621.662461096  1.71694767992  0.0291896146001
0.587618934464  81  637  636.629808567  1.71400624536  0.0226014825362
0.587618934464  81  652  651.751361602  1.75918727728  0.0341695085634
0.587618934464  81  667  667.006263592  1.83283914626  0.0529330411261
0.587618934464  81  682  682.39700483  1.62268592604  0.114326755408
0.587618934464  81  698  697.823114721  1.80384644124  0.00406444866187
0.587618934464  81  713  713.482712602  1.693005069  0.0485100711281
0.587618934464  81  729  729.243489735  1.83400771923  0.0690734723325
0.587618934464  81  745  745.067010074  1.88654126344  0.0314497323287
0.587618934464  81  761  761.053902267  1.90475945199  0.0231891610956
0.587618934464  81  777  777.224507754  1.85035497428  0.111146323258
0.587618934464  81  793  793.443539204  1.76225275202  0.0926775903815
0.587618934464  81  810  809.795494092  1.86315765044  0.0211961843577
0.587618934464  81  826  826.391083267  1.72322364021  0.1320770986
0.587618934464  80  843  843.175467919  1.88707280543  0.111740765387
0.587618934464  80  860  859.98190224  1.91590734621  0.00857385775021
0.587618934464  80  877  876.973937669  1.92460038454  0.0128851680902
0.587618934464  80  894  894.136658762  1.92134440094  0.0540505742157
0.587618934464  80  911  911.39948502  1.84877215461  0.0300435206821
0.587618934464  80  929  928.773964247  1.91574345109  -0.0180442751895
0.587618934464  80  946  946.392111879  1.8236553302  0.0867109609928
0.587618934464  79  964  964.236462811  1.9101170664  0.0892264716541
0.587618934464  79  982  982.09363667  1.97428820499  0.0844199196496
0.587618934464  79  1000  1000.15229484  1.94654564458  0.123335189165
0.587618934464  79  1018  1018.37064974  1.88234393947  0.107052764262
0.767546934464  79  9  8.74073202476  1.47517431456  0.000169364040825
0.767546934464  79  19  19.3512025445  1.41273676943  0.141240983403
0.767546934464  79  30  29.8516668634  1.51304495485  0.0266278108687
0.767546934464  80  41  40.511343559  1.22095955571  0.0129657827353
0.767546934464  80  51  51.3002942486  1.47141943065  0.140995743915
0.767546934464  80  62  62.0764381513  1.53548634556  0.111532174664
0.767546934464  80  73  72.9057600184  1.56366290036  0.0273826049075
0.767546934464  80  84  83.8732076703  1.54511848883  0.079261215026
0.767546934464  80  95  94.9025168164  1.58507924293  0.100651723745
0.767546934464  80  106  106.01604543  1.57234701853  0.104817225813
0.767546934464  80  117  117.243451572  1.51117906948  0.221543023526
0.767546934464  81  128  128.440170387  1.26602863049  0.208347234196
0.767546934464  81  140  139.673386303  1.41068757194  0.00327371789264
0.767546934464  81  151  151.183445568  1.53039429752  0.170579798591
0.767546934464  81  163  162.575488181  1.28366517966  0.040682701316
0.767546934464  81  174  174.21032687  1.56266584206  0.079555867673
0.767546934464  81  186  185.78521462  1.53333653514  0.0230970782236
0.767546934464  81  198  197.53797759  1.27978406069  0.05209500559
0.767546934464  81  209  209.389623849  1.46254230428  0.0914415804506
0.767546934464  81  221  221.300711674  1.48644501581  0.145795836894
0.767546934464  81  233  233.291711533  1.5201186169  0.157253255331
0.767546934464  82  245  245.333696803  1.45317614524  0.138290708337
0.767546934464  82  257  257.450195531  1.34913495258  0.184741989752
0.767546934464  82  270  269.611397173  1.42057927541  0.0625141106666
0.767546934464  82  282  281.968848306  1.63884337477  0.0946839464461
0.767546934464  82  294  294.419807809  1.33496341279  0.225630588678
0.767546934464  82  307  306.840788591  1.63214791396  0.0611122638636
0.767546934464  82  319  319.481505166  1.34773120752  0.149957224848
0.767546934464  82  332  332.170439126  1.60073162362  0.135393843782
0.767546934464  82  345  344.899514366  1.65851013378  0.0428212804031
0.767546934464  82  358  357.750533459  1.60630821686  0.00290264971599
0.767546934464  82  371  370.710841608  1.59270621088  0.00482987816143
0.767546934464  82  384  383.77197231  1.63767722024  0.0225734979907
0.767546934464  82  397  396.941233556  1.71695901104  0.0209402065611
0.767546934464  82  410  410.238498609  1.63854471425  0.091028478098
0.767546934464  82  424  423.555364042  1.58604950352  0.0437548797035
0.767546934464  82  437  437.008305426  1.73646462497  0.0551381704927
0.767546934464  82  451  450.545604537  1.57530945002  0.0384132227626
0.767546934464  82  464  464.264672378  1.62452105256  0.164273738561
0.767546934464  82  478  477.987326016  1.71816336486  0.0841627225532
0.767546934464  82  492  491.830723038  1.6847458208  0.0335871047779
0.767546934464  82  506  505.785457726  1.68086897383  0.0307846104046
0.767546934464  82  520  519.900705689  1.72755993023  0.0329520540003
0.767546934464  82  534  534.114764502  1.73850655151  0.048465439814
0.767546934464  82  548  548.433646397  1.57994063435  0.0794562900087
0.767546934464  82  563  562.800254063  1.76307907752  -0.00274302664147
0.767546934464  82  577  577.374735694  1.72154187996  0.0545128029544
0.767546934464  82  592  591.995518793  1.80516558342  0.044188098177
0.767546934464  82  607  606.720534765  1.78081727628  0.0145259927544
0.767546934464  82  622  621.586875754  1.70632439258  0.0286233043676
0.767546934464  82  637  636.552446538  1.67722693769  0.0336790964069
0.767546934464  82  652  651.661964029  1.72437200154  0.0282696655604
0.767546934464  82  667  666.89705015  1.83909549513  0.0175760950477
0.767546934464  82  682  682.313731856  1.69683960952  0.109521123598
0.767546934464  82  698  697.742531979  1.77551821799  0.00020312554707
0.767546934464  82  713  713.398009872  1.76059104952  0.0562939741594
0.767546934464  82  729  729.124588401  1.86208507493  0.0487813276961
0.767546934464  82  745  744.965724072  1.89772559619  0.0137032206536
0.767546934464  82  761  760.954444995  1.89879161983  0.00743241646032
0.767546934464  82  777  777.115029437  1.87993194  0.102760134803
0.767546934464  82  793  793.359385893  1.79849041914  0.108567042169
0.767546934464  82  810  809.681014359  1.82057742977  0.00774152993042
0.767546934464  82  826  826.335515421  1.83644755031  0.119721588428
0.767546934464  81  843  843.071160546  1.92105856491  0.0902372642218
0.767546934464  81  860  859.85675288  1.87930819482  -0.0161674195173
0.767546934464  81  877  876.851027093  1.91511274274  -0.00968267782793
0.767546934464  81  894  894.00404138  1.95355850066  0.0218797919585
0.767546934464  81  911  911.306287938  1.90071681425  0.0322587736747
0.767546934464  81  929  928.662531965  1.88061833828  -0.0272439366295
0.767546934464  81  946  946.350276614  1.94497316253  0.079234283391
0.767546934464  80  964  964.095954537  1.96708149733  0.0660564910337
0.767546934464  80  982  981.944627709  1.99090342751  0.0482547050823
0.767546934464  80  1000  999.995015631  1.99248947028  0.0825273933127
0.767546934464  80  1018  1018.26715854  1.91110087404  0.13465056813
0.947474934464  80  9  8.71173366355  1.42880166774  -0.014580447467
0.947474934464  80  19  19.3175622712  1.43984214112  0.120832209293
0.947474934464  80  30  29.8357989709  1.499039069  0.0339494971397
0.947474934464  81  40  40.4993664624  1.20870165424  0.0779280871095
0.947474934464  81  51  51.2754358909  1.48648640409  0.140037496399
0.947474934464  81  62  62.0488750224  1.57373243276  0.0984264142828
0.947474934464  81  73  72.8744870981  1.55686712348  0.0329298615155
0.947474934464  81  84  83.8317894023  1.55086878935  0.0653564020379
0.947474934464  81  95  94.8523643812  1.58803066174  0.0786264287457
0.947474934464  81  106  105.981633891  1.59989819499  0.092981570985
0.947474934464  81  117  117.204391545  1.52507275737  0.214116894752
0.947474934464  82  128  128.418213441  1.21445901203  0.199758080483
0.947474934464  82  140  139.642888953  1.34703517785  0.00623976873558
0.947474934464  82  151  151.133306737  1.55989695745  0.14645667509
0.947474934464  82  163  162.546657648  1.2590755388  0.0421621126515
0.947474934464  82  174  174.176207342  1.55240547494  0.0831666251163
0.947474934464  82  186  185.751281964  1.51291122104  0.0287094368875
0.947474934464  82  198  197.516473058  1.27335498028  0.0669266250541
0.947474934464  82  209  209.362786742  1.50004893489  0.107506677473
0.947474934464  82  221  221.264806849  1.53591146565  0.137168637042
0.947474934464  82  233  233.257187502  1.54462990991  0.157878788554
0.947474934464  82  245  245.316898568  1.53370154704  0.143265275374
0.947474934464  83  257  257.410577742  1.42753149477  0.18480875805
0.947474934464  83  270  269.568142202  1.35946863284  0.0804807833267
0.947474934464  83  282  281.908979802  1.65111214732  0.081804948864
0.947474934464  83  294  294.376967128  1.42066064647  0.239875156774
0.947474934464  83  307  306.794167271  1.61805909952  0.0553136693623
0.947474934464  83  319  319.440804223  1.40375712259  0.149315424494
0.947474934464  83  332  332.113783381  1.63581265458  0.118465059658
0.947474934464  83  345  344.827455002  1.64735188559  0.0226496625379
0.947474934464  83  358  357.679877029  1.58903874732  -0.0166723585037
0.947474934464  83  371  370.652002113  1.59568613229  0.0023672625077
0.947474934464  83  384  383.7079905  1.63228194021  0.00755676365464
0.947474934464  83  397  396.880925486  1.69653861419  0.00627113993423
0.947474934464  83  410  410.17863267  1.67072115332  0.0968365748561
0.947474934464  83  423  423.499395748  1.6044675803  0.0671233382265
0.947474934464  83  437  436.948321718  1.73932151312  0.0527953999412
0.947474934464  83  450  450.493401832  1.59484157452  0.0636897710291
0.947474934464  83  464  464.191620894  1.67268660187  0.140430060042
0.947474934464  83  478  477.907184489  1.72268253282  0.0615695478799
0.947474934464  83  492  491.748626045  1.67459139918  0.0254838669913
0.947474934464  83  506  505.732463333  1.665947736  0.0372456860095
0.947474934464  83  520  519.807720265  1.70014711803  0.0157213422048
0.947474934464  83  534  534.024383688  1.74026996304  0.0158870273082
0.947474934464  83  548  548.362146577  1.65983679215  0.078169686887
0.947474934464  83  563  562.719252697  1.72216009459  -0.000358339420709
0.947474934464  83  577  577.301680313  1.75215748398  0.0511570636311
0.947474934464  83  592  591.909256621  1.79223990074  0.0352041366653
0.947474934464  83  607  606.647018851  1.75619355402  0.0146670823633
0.947474934464  83  622  621.528724478  1.69720161381  0.0563944113498
0.947474934464  83  636  636.500233913  1.62462880998  0.073960074824
0.947474934464  83  652  651.593725122  1.68790997257  0.0480997021492
0.947474934464  83  667  666.809754443  1.79642001181  0.0126326244015
0.947474934464  83  682  682.218177071  1.77247181896  0.0861976543967
0.947474934464  83  698  697.646532838  1.74070581643  0.00258007422608
0.947474934464  83  713  713.309225326  1.82619717712  0.0453835049271
0.947474934464  83  729  729.031881602  1.88639002884  0.0312550181572
0.947474934464  83  745  744.854988629  1.8862251548  -0.0035468345755
0.947474934464  83  761  760.845037195  1.86613991814  -0.013820428284
0.947474934464  83  777  776.996365745  1.89985591632  0.0776999108453
0.947474934464  83  793  793.254975259  1.8567086401  0.0970573106965
0.947474934464  83  810  809.585167498  1.77603996644  0.0119529307804
0.947474934464  82  826  826.280652389  1.80947714101  0.102148468215
0.947474934464  82  843  842.944263846  1.93321190156  0.0572340464659
0.947474934464  82  860  859.743714317  1.82388654046  -0.0255651595722
0.947474934464  82  877  876.737882608  1.8577766982  -0.0210541147983
0.947474934464  82  894  893.866178818  1.96010978706  -0.00201062491294
0.947474934464  82  911  911.162430469  1.96100274364  0.0118199284094
0.947474934464  82  929  928.548735762  1.85419287105  -0.0228634587663
0.947474934464  81  946  946.290450335  1.88331192101  0.0812885635085
0.947474934464  81  964  963.969968684  1.99257927063  0.0388660213812
0.947474934464  81  982  981.809116808  1.96742416694  0.018775836933
0.947474934464  81  1000  999.864151063  1.97581989864  0.0540786303503
0.947474934464  81  1018  1018.13128075  1.9854261694  0.0999191214968
1.12740293446  81  9  8.69714156323  1.41992995898  -0.00619323553006
1.12740293446  81  19  19.3086758374  1.43386768927  0.124919512397
1.12740293446  81  30  29.8067324008  1.52576349739  0.019060001375
1.12740293446  82  40  40.4865369639  1.19338747533  0.0833636280535
1.12740293446  82  51  51.2501418134  1.49885462975  0.125351230611
1.12740293446  82  62  62.022580807  1.54855364359  0.0988569386595
1.12740293446  82  73  72.8467101972  1.55840765052  0.0195400329701
1.12740293446  82  84  83.8092188849  1.54278483896  0.0672418862283
1.12740293446  82  95  94.8244250669  1.57938269381  0.0742191527091
1.12740293446  82  106  105.945476762  1.56592871823  0.0828017526827
1.12740293446  82  117  117.174849679  1.53702924677  0.207131677258
1.12740293446  82  128  128.416310816  1.27284128929  0.223793134079
1.12740293446  83  140  139.616283953  1.37536133585  0.0087525009789
1.12740293446  83  151  151.093073993  1.57512950654  0.141659039258
1.12740293446  83  163  162.527733261  1.23081165964  0.0770230879916
1.12740293446  83  174  174.121781028  1.58266822116  0.0566465138971
1.12740293446  83  186  185.715126729  1.53068647847  0.0280598772906
1.12740293446  83  197  197.48311737  1.31166216726  0.0998043576588
1.12740293446  83  209  209.319258224  1.52936281505  0.0827565416355
1.12740293446  83  221  221.215813141  1.56139242051  0.124504554506
1.12740293446  83  233  233.195718301  1.5846569283  0.141541567561
1.12740293446  83  245  245.269379218  1.5533773505  0.143342587397
1.12740293446  84  257  257.374611209  1.46638056602  0.175576344056
1.12740293446  84  270  269.5380184  1.24393992171  0.109695606487
1.12740293446  84  282  281.848683358  1.60237497524  0.0685530875503
1.12740293446  84  294  294.345990811  1.45177408596  0.219119534561
1.12740293446  84  307  306.731724085  1.5707959333  0.0414623915485
1.12740293446  84  319  319.403143124  1.45744476947  0.15493134418
1.12740293446  84  332  332.058815032  1.64667530619  0.110786991319
1.12740293446  84  345  344.761604071  1.61364057798  0.0066159237813
1.12740293446  84  358  357.631170672  1.49329031123  -0.000786261911893
1.12740293446  84  371  370.598483347  1.49973274682  0.00122514575277
1.12740293446  84  384  383.65388639  1.56280818737  0.00896228313245
1.12740293446  84  397  396.800302085  1.67897789528  -0.0218976447776
1.12740293446  84  410  410.118153154  1.68146955341  0.0789995804272
1.12740293446  84  423  423.46540623  1.52210930827  0.104090820415
1.12740293446  84  437  436.865239296  1.72990997299  0.0230013606011
1.12740293446  84  450  450.451435119  1.48387392811  0.114829319402
1.12740293446  84  464  464.130617756  1.69522396785  0.141633844317
1.12740293446  84  478  477.82140187  1.69435354905  0.0443997343721
1.12740293446  84  492  491.673143259  1.61417401153  0.00639943155321
1.12740293446  84  506  505.653257224  1.59056206337  0.0269906586457
1.12740293446  84  520  519.735066569  1.66697074935  0.0049649324408
1.12740293446  84  534  533.962801329  1.74698185807  0.0207519565507
1.12740293446  84  548  548.291844176  1.67994539805  0.0786201464033
1.12740293446  84  563  562.63833351  1.67847465194  -0.0313027712889
1.12740293446  84  577  577.223547714  1.77098249691  0.0551996359831
1.12740293446  84  592  591.821915592  1.7909764679  0.0113412648415
1.12740293446  84  607  606.5619316  1.67288709956  0.0134577641564
1.12740293446  84  621  621.453291868  1.66688658787  0.0838160286031
1.12740293446  84  636  636.441772985  1.57870526978  0.11366779312
1.12740293446  84  652  651.517244006  1.57772157179  0.0770279754751
1.12740293446  84  667  666.70118018  1.74483706608  -0.00731700877508
1.12740293446  84  682  682.11999842  1.8173748924  0.0817693763356
1.12740293446  84  698  697.565426082  1.66986459127  0.00110837351311
1.12740293446  84  713  713.217510935  1.85847088746  0.0446826865674
1.12740293446  84  729  728.91420244  1.89801728651  0.00291356904323
1.12740293446  84  745  744.752258901  1.85664618039  -0.0176751048061
1.12740293446  84  761  760.741467914  1.83659114483  -0.0197389165131
1.12740293446  84  777  776.864010351  1.90386781968  0.0216944523992
1.12740293446  84  793  793.138905552  1.90246640964  0.0835559184398
1.12740293446  84  810  809.509772269  1.76242317676  0.0400497546434
1.12740293446  83  826  826.182824894  1.85651165223  0.109660802733
1.12740293446  83  843  842.803355651  1.8839325762  0.0280691804588
1.12740293446  83  860  859.642205642  1.80105541634  -0.0240971047993
1.12740293446  83  877  876.630394459  1.81903651127  -0.0280769447395
1.12740293446  83  894  893.759052649  1.90057077107  -0.00717372480802
1.12740293446  83  911  911.035722526  1.98981545195  -0.00873234002071
1.12740293446  83  928  928.469258254  1.84971896347  0.0025571150526
1.12740293446  82  946  946.159228293  1.94867320925  0.0655824304399
1.12740293446  82  964  963.823726998  1.96282872489  0.0122850068754
1.12740293446  82  982  981.679085279  1.91848057815  0.0117672035357
1.12740293446  82  1000  999.726054265  1.93835041329  0.0356393481091
1.12740293446  82  1018  1017.97454289  2.00594201084  0.067381094493
1.30733093446  82  9  8.67593735976  1.41953820463  -0.0177698226784
1.30733093446  82  19  19.294986419  1.45222689756  0.130851029597
1.30733093446  82  30  29.7937301037  1.48491286362  0.0286759536827
1.30733093446  82  40  40.4949766247  1.17838780631  0.174649926345
1.30733093446  83  51  51.2099218653  1.51677134216  0.102305104596
1.30733093446  83  62  61.9833118189  1.56656867746  0.0857291060404
1.30733093446  83  73  72.8194815507  1.540650307  0.011577355224
1.30733093446  83  84  83.7852146035  1.56038544502  0.0638188711394
1.30733093446  83  95  94.8018196254  1.56127452355  0.0686768237306
1.30733093446  83  106  105.903047638  1.59937745428  0.0592101303159
1.30733093446  83  117  117.144002491  1.55945473166  0.198865405532
1.30733093446  83  128  128.391408729  1.36063478695  0.214429922847
1.30733093446  84  140  139.588264375  1.30372507937  0.0193059146659
1.30733093446  84  151  151.061476076  1.58188986013  0.147301001746
1.30733093446  84  162  162.507098003  1.20701584674  0.118733702158
1.30733093446  84  174  174.08349642  1.58664927064  0.0479454243623
1.30733093446  84  186  185.677662742  1.46725691097  0.0158332008481
1.30733093446  84  197  197.466097176  1.3293136049  0.121209889636
1.30733093446  84  209  209.296601773  1.53883317224  0.0945101517999
1.30733093446  84  221  221.18297568  1.5702457871  0.120579952378
1.30733093446  84  233  233.160453828  1.5993420849  0.13192482232
1.30733093446  84  245  245.226454637  1.57391291559  0.133266313257
1.30733093446  85  257  257.351404371  1.39255798759  0.205729034536
1.30733093446  85  269  269.505723032  1.16915939429  0.148604099438
1.30733093446  85  282  281.795918019  1.62409134149  0.0473945683251
1.30733093446  85  294  294.288436456  1.52544632647  0.205166622746
1.30733093446  85  307  306.691450891  1.55418108292  0.0391508404862
1.30733093446  85  319  319.356597579  1.51886765128  0.152673966441
1.30733093446  85  332  331.999223338  1.66490671748  0.0973454400395
1.30733093446  85  345  344.711697882  1.58601453602  0.0072413610751
1.30733093446  85  358  357.578257777  1.47549288485  -0.00914437621836
1.30733093446  85  371  370.547430127  1.45922071409  0.0223157313394
1.30733093446  85  384  383.605861465  1.54956741374  0.0201348861667
1.30733093446  85  397  396.73316922  1.65116273602  -0.0238794066188
1.30733093446  85  410  410.038884326  1.71089671807  0.0597144645943
1.30733093446  85  423  423.409862286  1.57675782174  0.112121732002
1.30733093446  85  437  436.797739886  1.73180797097  0.015509683657
1.30733093446  85  450  450.400367091  1.54729397727  0.130449024024
1.30733093446  85  464  464.032835939  1.75501274276  0.0992769710619
1.30733093446  85  478  477.74144563  1.68696556264  0.0306166639832
1.30733093446  85  492  491.608547205  1.56708774428  0.0157264440898
1.30733093446  85  506  505.586098937  1.54201474333  0.0322436644072
1.30733093446  85  520  519.665787646  1.59125261409  0.00353072420039
1.30733093446  85  534  533.861212346  1.72922640173  -0.00713115896646
1.30733093446  85  548  548.214398376  1.72728861504  0.0715214513178
1.30733093446  85  563  562.570383191  1.62459845404  -0.00652101514839
1.30733093446  85  577  577.145815602  1.79447555705  0.0521898250986
1.30733093446  85  592  591.735893339  1.76214426218  0.00442504201335
1.30733093446  85  606  606.498031103  1.66629753404  0.0453124878413
1.30733093446  85  621  621.383662111  1.73750161889  0.0939653442617
1.30733093446  85  636  636.363760496  1.68383339578  0.114769562776
1.30733093446  85  651  651.454755391  1.60482502477  0.105360194388
1.30733093446  85  667  666.631493707  1.68849694489  0.00609439222746
1.30733093446  85  682  682.02490784  1.83844295623  0.067134972065
1.30733093446  85  697  697.500569323  1.62620403191  0.0597080903362
1.30733093446  85  713  713.109438738  1.85549816899  0.0177142862678
1.30733093446  85  729  728.806215599  1.86220112117  -0.0102254772272
1.30733093446  85  745  744.65789315  1.81176377239  -0.0202493007184
1.30733093446  85  761  760.64194246  1.80579627994  -0.0250612038497
1.30733093446  85  777  776.76617932  1.8682994137  0.00107697185462
1.30733093446  85  793  793.046569689  1.92125036023  0.0635552060227
1.30733093446  85  809  809.443708258  1.77444671769  0.0712548743424
1.30733093446  84  826  826.063174591  1.87528156633  0.0849848792825
1.30733093446  84  843  842.694972538  1.82506727636  0.0139667757071
1.30733093446  84  860  859.536354187  1.73499034771  -0.0100102283052
1.30733093446  84  877  876.523466993  1.74555228718  -0.00356114098452
1.30733093446  84  894  893.647214201  1.84252923137  -0.00895105789377
1.30733093446  84  911  910.914686819  1.97305163106  -0.0257128454852
1.30733093446  84  928  928.36852858  1.8442254614  0.031122726968
1.30733093446  83  946  946.042367535  1.94331886884  0.0525252184085
1.30733093446  83  964  963.709593559  1.92815612882  0.0116518951083
1.30733093446  83  982  981.579152148  1.9073505577  0.0273328537397
1.30733093446  83  1000  999.62794542  1.90256694921  0.0447486669482
1.30733093446  83  1018  1017.85646225  1.9840667314  0.041188510202
