# Band 1C   Etalon 1A   Slice 15
# Distortion map version 06.04.00 - date 2018-10-04
# Trace (isoalpha): Take pixel trace along specified slice, specified alpha position trace is built by taking the pixel in every detector row with alpha value closest to the one specified 
# xpos[i] = np.argmin(alpha_img[i,:])+funcs.find_nearest(alpha_img[i,:][(slice_img[i,:]!=0)],alpha_pos)
#    alpha       x  y      center         FWHM          skewness
0.0  330  4  3.8922072817  1.40674186689  -0.12596749003
0.0  331  14  14.2378945496  1.50462264494  0.194286492648
0.0  331  24  24.4693352294  1.1691929007  0.109861339334
0.0  331  35  34.6602267106  1.23547514757  -0.0541602205922
0.0  331  45  45.1199001459  1.42468834159  0.0770454814082
0.0  331  56  55.5079688655  1.16199393293  -0.0375276420021
0.0  331  66  66.0070257124  1.49469101678  0.0106999569866
0.0  331  77  76.5544346768  1.18052799334  -0.0058751329467
0.0  332  87  87.3767894284  1.3947437642  0.072597107231
0.0  332  98  98.0640052989  1.5139108494  0.077496300636
0.0  332  109  108.794553954  1.47584101896  -0.0178917430307
0.0  332  120  119.645314834  1.29487348882  -0.0326383169577
0.0  332  131  130.596981438  1.2852803223  0.0377626646436
0.0  332  142  141.60836223  1.22936825033  -0.0233912856174
0.0  332  153  152.682177925  1.3963427428  -0.0358717392186
0.0  332  164  163.884973399  1.51684374913  0.0487728691132
0.0  333  175  175.274010045  1.49151955077  0.0481677764013
0.0  333  187  186.534396408  0.983409471976  0.151822924294
0.0  333  198  197.921336213  1.59065685949  0.00602348550967
0.0  333  209  209.441756832  1.36096637841  0.0220364801177
0.0  333  221  220.952129337  1.6050567354  -0.00950381958012
0.0  333  233  232.580254536  1.39969761135  -0.0226262044101
0.0  333  244  244.37010885  1.51899004686  0.0702958750128
0.0  333  256  256.173473169  1.62397176967  0.0906782940348
0.0  333  268  268.035823726  1.65629050477  0.0546880821383
0.0  334  280  280.108645725  1.61249553892  0.0636205619388
0.0  334  292  292.200858572  1.58082292174  0.130356208438
0.0  334  304  304.352275258  1.49445481569  0.11790912032
0.0  334  317  316.522986544  1.29002640395  -0.00518402696446
0.0  334  329  328.844184664  1.64408156437  -0.0068156863486
0.0  334  341  341.334976565  1.5905250537  0.0529077756452
0.0  334  354  353.758309621  1.61840893391  -0.0665793486697
0.0  334  366  366.43228308  1.50221698398  0.0484071687555
0.0  334  379  379.095207049  1.74994576134  -0.0183445902667
0.0  334  392  391.86100672  1.69512833511  -0.0324503504244
0.0  334  405  404.736163146  1.70398416823  -0.0299186230876
0.0  334  418  417.719805328  1.65995627015  -0.0320027147532
0.0  334  431  430.785571383  1.70789424303  -0.00515975714342
0.0  334  444  444.002304984  1.72015712957  0.0576967961716
0.0  334  457  457.314331624  1.67195367524  0.0847915290691
0.0  334  471  470.637232843  1.58837226149  -0.026094241
0.0  334  484  484.184118711  1.69481613082  0.0701927481402
0.0  334  498  497.687444029  1.6040291608  -0.0736851823518
0.0  334  511  511.457592694  1.60099497029  0.00120864120097
0.0  334  525  525.273157265  1.76053947977  0.040517862518
0.0  334  539  539.152090543  1.81425676067  -0.00498088150615
0.0  334  553  553.158640733  1.81367773052  -0.00273939997896
0.0  334  567  567.304653491  1.78458629848  0.0474351805269
0.0  334  582  581.502713807  1.7132447383  0.028980508582
0.0  334  596  595.803266928  1.7601578792  -0.00885479388401
0.0  334  610  610.332914701  1.6950251745  0.0984506087556
0.0  334  625  624.849683734  1.82534165022  -0.0211022209573
0.0  334  640  639.572278159  1.60725134934  -0.0260187869342
0.0  334  654  654.434635212  1.6707790473  0.0295303034336
0.0  334  669  669.389855468  1.77814819816  0.00629462693629
0.0  334  684  684.427644038  1.73215257368  0.004573246877
0.0  334  700  699.58418769  1.76330016115  -0.0323113513425
0.0  334  715  714.859714885  1.90355695889  -0.0449234083456
0.0  334  730  730.319298615  1.84498207329  0.0387099483459
0.0  334  746  745.823408848  1.88861571157  0.0155510644419
0.0  334  762  761.516370639  1.78266907003  0.0341331337969
0.0  334  777  777.357891143  1.79009479236  0.0902917900824
0.0  334  793  793.345323779  1.79979158468  0.0998554511281
0.0  333  809  809.391115444  1.79294187025  0.0414396435792
0.0  333  826  825.574397639  1.75020342046  -0.0446505652615
0.0  333  842  841.978920755  1.92884912268  -0.0118659719431
0.0  333  858  858.492202046  1.82217993896  -0.0444371456347
0.0  333  875  875.179522212  1.99429169355  0.0150835666411
0.0  333  892  891.950884418  1.9838906618  0.0041734646929
0.0  332  909  908.844427202  1.91683916617  -0.0284024302081
0.0  332  926  925.927233424  1.94474699086  0.0327706236239
0.0  332  943  943.17553638  1.97602968518  0.0842788786001
0.0  332  961  960.539300422  1.7867733429  0.0281441261795
0.0  332  978  978.158641099  1.92467992842  0.0885023699555
0.0  331  996  995.826063058  1.9482648481  0.0202382236975
0.0  331  1014  1013.73381049  1.90132915323  -0.0394967767887
-1.36820588344  323  3  3.22957211547  1.54196509665  -0.037694983521
-1.36820588344  323  13  13.4537095787  1.18295890586  0.185571804063
-1.36820588344  324  24  23.6767475321  1.2745451258  -0.0230016115002
-1.36820588344  324  34  34.0474264696  1.44573892705  0.0689130828769
-1.36820588344  324  44  44.4380580318  1.15196499563  0.142330583526
-1.36820588344  324  55  54.7663996978  1.39485792102  -0.0745013060522
-1.36820588344  324  65  65.3960272276  1.2415637905  0.146741504654
-1.36820588344  324  76  75.908200278  1.47545820029  0.0175040120795
-1.36820588344  324  87  86.5448781995  1.31901864245  -0.0654685623405
-1.36820588344  325  97  97.4274895371  1.27246069324  0.170458679181
-1.36820588344  325  108  108.226992998  1.4996462415  0.116718335514
-1.36820588344  325  119  119.060661836  1.56023057012  0.0725071960201
-1.36820588344  325  130  130.012841301  1.56174646305  0.126863820141
-1.36820588344  325  141  141.010618193  1.57662897723  0.0451422458029
-1.36820588344  325  152  152.159740596  1.50633915185  0.13280047644
-1.36820588344  325  163  163.339987131  1.3757403938  0.178159785953
-1.36820588344  326  175  174.571365141  1.24552503411  -0.00599861780179
-1.36820588344  326  186  185.918571119  1.54958775961  0.0134760370597
-1.36820588344  326  197  197.37402623  1.42039497799  0.101742994852
-1.36820588344  326  209  208.756831702  1.52046547205  -0.0906765496578
-1.36820588344  326  220  220.418992967  1.34453874759  0.10570054261
-1.36820588344  326  232  232.034139584  1.64230400906  0.0414126374408
-1.36820588344  326  244  243.70932809  1.51978830323  -0.0548465241289
-1.36820588344  326  256  255.552543605  1.4528331381  0.0163431881914
-1.36820588344  326  267  267.487019945  1.35635874696  0.0942064195523
-1.36820588344  326  279  279.467816887  1.39852873865  0.0392290003901
-1.36820588344  327  292  291.571868142  1.38647996424  0.0552756089557
-1.36820588344  327  304  303.700590459  1.54134445739  -0.0108366140287
-1.36820588344  327  316  315.985869409  1.6477296431  0.0165544782094
-1.36820588344  327  328  328.372599083  1.4654394602  0.110440475952
-1.36820588344  327  341  340.703993571  1.58013806671  -0.0773528386877
-1.36820588344  327  353  353.309263931  1.62496012892  0.0370355510887
-1.36820588344  327  366  365.846668923  1.6674380322  -0.0393720140295
-1.36820588344  327  379  378.557800252  1.53175005983  -0.0557143432989
-1.36820588344  327  391  391.390486252  1.64273090871  0.0280789765914
-1.36820588344  327  404  404.329912534  1.58976889602  0.149771428811
-1.36820588344  327  417  417.266964137  1.72605167593  0.0303564656859
-1.36820588344  327  430  430.355285631  1.66263351449  0.063668537626
-1.36820588344  327  444  443.517696151  1.63327107287  0.0498992682202
-1.36820588344  327  457  456.774380062  1.69514426037  -0.0151365842518
-1.36820588344  327  470  470.219069869  1.6936066376  0.0617233721413
-1.36820588344  327  484  483.661831853  1.62463669694  -0.00578813110817
-1.36820588344  327  497  497.32096362  1.69381004607  0.0347410434869
-1.36820588344  327  511  510.953586019  1.78265987215  -0.0696646598322
-1.36820588344  327  525  524.763270256  1.74205696309  -0.0543280566822
-1.36820588344  327  539  538.668342901  1.69915000937  -0.0724398096458
-1.36820588344  327  553  552.702957817  1.75965147902  -0.0537344427053
-1.36820588344  327  567  566.826560207  1.80342705188  -0.0199153199342
-1.36820588344  327  581  581.106218691  1.83936138568  0.0371140638225
-1.36820588344  327  595  595.450910115  1.71764379362  0.0583903470858
-1.36820588344  327  610  609.881029547  1.78581765326  0.0255021419739
-1.36820588344  327  624  624.483489838  1.64334791847  0.0500345690294
-1.36820588344  327  639  639.235001651  1.79228449895  0.0577662115285
-1.36820588344  327  654  654.024392935  1.83966055805  -0.00635845368173
-1.36820588344  327  669  668.966249301  1.86727846609  -0.0499677243145
-1.36820588344  327  684  684.047430377  1.87748095615  -0.0221336978497
-1.36820588344  327  699  699.255866806  1.87826007876  0.0157517568258
-1.36820588344  327  715  714.517473366  1.81065963959  -0.0361602647476
-1.36820588344  327  730  729.960396764  1.89417317691  0.00444868388357
-1.36820588344  327  746  745.521636225  1.81440293477  0.0382756390594
-1.36820588344  327  761  761.204332868  1.89344367583  0.0422307112333
-1.36820588344  327  777  777.022124818  1.91788010957  0.0556250735374
-1.36820588344  326  793  792.932128058  1.93415703653  0.0164342281229
-1.36820588344  326  809  809.057056669  1.92928128154  -0.0101308594276
-1.36820588344  326  825  825.317594659  1.90703988223  -0.00802859663311
-1.36820588344  326  842  841.673585514  1.84515623747  -0.0365173611312
-1.36820588344  326  858  858.23961174  1.92943776212  -0.0166356919448
-1.36820588344  326  875  874.86113685  1.97627030285  -0.0446925234527
-1.36820588344  326  892  891.674295951  1.92639886982  -0.0159236313036
-1.36820588344  325  909  908.564122295  1.86175529599  -0.0372249272992
-1.36820588344  325  926  925.667863877  1.91311707354  0.00873854002116
-1.36820588344  325  943  942.909680495  1.9889291787  0.0371119632984
-1.36820588344  325  960  960.359540915  1.84675097861  0.0817853164095
-1.36820588344  325  978  977.88956593  1.95170553973  0.0263021647929
-1.36820588344  324  996  995.615081268  1.79220787992  0.0130105855291
-1.36820588344  324  1014  1013.55407954  1.79906522184  -0.0206053340607
-1.17769388344  324  3  3.35219003099  1.49671325909  0.00368083896225
-1.17769388344  324  14  13.5099580716  1.20900343326  0.0913806416179
-1.17769388344  325  24  23.7708496256  1.35342252575  -0.0194220777568
-1.17769388344  325  34  34.1790359787  1.39686276414  0.112761376672
-1.17769388344  325  44  44.5043304096  1.17580959286  0.120827991475
-1.17769388344  325  55  54.8896012525  1.46049340472  -0.0257450810893
-1.17769388344  325  65  65.4679010337  1.1709768606  0.121944147287
-1.17769388344  325  76  76.0116486068  1.52535743379  0.0430230347537
-1.17769388344  325  87  86.603806588  1.26588196654  -0.0591122365776
-1.17769388344  326  97  97.4936421356  1.19077807248  0.140791236795
-1.17769388344  326  108  108.32008259  1.41276663974  0.130432957216
-1.17769388344  326  119  119.17147752  1.53420834365  0.102922666206
-1.17769388344  326  130  130.132459286  1.51014106028  0.163335221415
-1.17769388344  326  141  141.118510998  1.55181119447  0.0722891426915
-1.17769388344  326  152  152.249958073  1.44041996553  0.154895051436
-1.17769388344  326  163  163.422943869  1.28040177489  0.170583309779
-1.17769388344  327  175  174.600699959  1.37143471547  -0.0619384123809
-1.17769388344  327  186  186.008195022  1.56957217377  0.0348452889645
-1.17769388344  327  197  197.43815252  1.34294876016  0.0850699112675
-1.17769388344  327  209  208.839806201  1.56330385861  -0.0765221767102
-1.17769388344  327  220  220.470807556  1.27885317354  0.0802372764671
-1.17769388344  327  232  232.120581924  1.62943543621  0.0593153885145
-1.17769388344  327  244  243.787793563  1.59104409668  -0.0476927233741
-1.17769388344  327  256  255.611680193  1.50140828419  0.00134245378262
-1.17769388344  327  268  267.532921594  1.40493807497  0.034197196508
-1.17769388344  327  280  279.51775589  1.37155695981  0.0226942469239
-1.17769388344  328  292  291.627298069  1.44094499998  -0.00136748130924
-1.17769388344  328  304  303.780871048  1.58148310544  -0.0122927257418
-1.17769388344  328  316  316.08911984  1.63908304362  0.0591388581221
-1.17769388344  328  328  328.440654052  1.37169853817  0.106594973653
-1.17769388344  328  341  340.785110286  1.62242352316  -0.0682688782903
-1.17769388344  328  353  353.387447969  1.52400526919  0.0690635068992
-1.17769388344  328  366  365.931210664  1.6883228617  -0.0268529308258
-1.17769388344  328  379  378.620308073  1.52963180646  -0.0762863178438
-1.17769388344  328  391  391.460243834  1.54140362352  0.0341605405098
-1.17769388344  328  404  404.34344255  1.66518047493  0.0652516753932
-1.17769388344  328  417  417.355263321  1.67601430948  0.0611945523542
-1.17769388344  328  430  430.422334477  1.55075333688  0.0836275740198
-1.17769388344  328  444  443.576109461  1.53615197048  0.0438310498414
-1.17769388344  328  457  456.842438662  1.72991056219  -0.000947008215298
-1.17769388344  328  470  470.294567751  1.62489441142  0.0862158959044
-1.17769388344  328  484  483.719896239  1.63920133562  -0.0157507593532
-1.17769388344  328  497  497.382098716  1.62125176681  0.0547364888337
-1.17769388344  328  511  511.044831398  1.7718615066  -0.0292598902515
-1.17769388344  328  525  524.821242238  1.75030028006  -0.0484606221957
-1.17769388344  328  539  538.727463897  1.72974153032  -0.0840015474496
-1.17769388344  328  553  552.743344936  1.76023407977  -0.071357237501
-1.17769388344  328  567  566.881876174  1.83577745922  -0.0228055158277
-1.17769388344  328  581  581.167898897  1.85344105101  0.0467798631775
-1.17769388344  328  595  595.502228637  1.67471438357  0.0558581415637
-1.17769388344  328  610  609.936258868  1.83241054295  0.0296634100399
-1.17769388344  328  625  624.526780838  1.51597660136  0.0114014878513
-1.17769388344  328  639  639.293744009  1.76905817967  0.0728858413726
-1.17769388344  328  654  654.100076483  1.83314735565  0.0140783066587
-1.17769388344  328  669  669.030480742  1.88285118243  -0.0287796489292
-1.17769388344  328  684  684.091858449  1.87800034732  -0.00895429991402
-1.17769388344  328  699  699.305289603  1.84611702009  0.0243356535717
-1.17769388344  328  715  714.560771767  1.78683373539  -0.0353222464441
-1.17769388344  328  730  730.009866801  1.92367331936  0.0133880746877
-1.17769388344  328  746  745.552778408  1.79731383935  0.0305177125101
-1.17769388344  328  761  761.259044  1.88694694547  0.0601302237972
-1.17769388344  328  777  777.067872239  1.9303584998  0.0609055052305
-1.17769388344  327  793  792.986704354  1.91490487623  0.0437823884533
-1.17769388344  327  809  809.093286805  1.93096679983  -0.00121025406973
-1.17769388344  327  825  825.375598511  1.84635735093  0.0489771161976
-1.17769388344  327  842  841.708564923  1.86386219824  -0.0376822212218
-1.17769388344  327  858  858.273477054  1.92773630144  -0.0149638272548
-1.17769388344  327  875  874.894448075  1.98037461149  -0.0399321315107
-1.17769388344  327  892  891.698078921  1.94041990638  -0.00872715467139
-1.17769388344  326  909  908.591502173  1.86168043929  -0.041282519365
-1.17769388344  326  926  925.696918398  1.9190573316  0.0141202566715
-1.17769388344  326  943  942.936492876  2.00135058354  0.0384286681077
-1.17769388344  326  960  960.386013637  1.85800321608  0.0863988520855
-1.17769388344  326  978  977.931220548  1.96648871895  0.0408521892
-1.17769388344  325  996  995.642032974  1.79656330806  0.0232488696165
-1.17769388344  325  1014  1013.57774028  1.78339361685  -0.0147502046101
-0.98718188344  325  3  3.44540136785  1.3780928428  0.0186514672488
-0.98718188344  325  14  13.5795949371  1.19875779926  0.0572988878385
-0.98718188344  326  24  23.905125449  1.43073500642  0.0161180189266
-0.98718188344  326  34  34.2832840299  1.33346793296  0.128225782285
-0.98718188344  326  45  44.5627491362  1.20625204043  0.0164060734486
-0.98718188344  326  55  55.0052202771  1.50085160826  -0.0114842848821
-0.98718188344  326  66  65.5212365243  1.1898360098  0.0140788718248
-0.98718188344  326  76  76.1209994289  1.48333303006  0.0648279981861
-0.98718188344  326  87  86.6923341033  1.38085846583  -0.0491277908298
-0.98718188344  327  98  97.5432165267  1.20068659816  0.0393058832586
-0.98718188344  327  108  108.400460594  1.38042791827  0.13712039355
-0.98718188344  327  119  119.26570311  1.48353799893  0.108294447199
-0.98718188344  327  130  130.2408167  1.46723854674  0.20605410401
-0.98718188344  327  141  141.221743859  1.50324169228  0.102037137675
-0.98718188344  327  152  152.335000599  1.39073045399  0.156075031545
-0.98718188344  327  163  163.474600619  1.207998513  0.150825216882
-0.98718188344  327  175  174.653018387  1.49826307195  -0.141641086378
-0.98718188344  328  186  186.124346487  1.54248359104  0.0735944003666
-0.98718188344  328  197  197.504663363  1.28435891592  0.0653208103308
-0.98718188344  328  209  208.94715501  1.61890323981  -0.0592092956877
-0.98718188344  328  221  220.522865507  1.26861620678  -0.00859646220328
-0.98718188344  328  232  232.214802914  1.55954922166  0.0751251764658
-0.98718188344  328  244  243.885826681  1.60707408035  -0.029057964976
-0.98718188344  328  256  255.683897212  1.53632706165  -0.00894252319116
-0.98718188344  328  268  267.592574699  1.3882788415  0.00730426386582
-0.98718188344  328  280  279.570867099  1.31855604158  -0.0145392054291
-0.98718188344  329  292  291.698283117  1.51685141121  0.0579550172767
-0.98718188344  329  304  303.874725726  1.63288561937  0.0126186303705
-0.98718188344  329  316  316.180640303  1.62066136962  0.0802837465476
-0.98718188344  329  328  328.492388906  1.30054857843  0.0685590757693
-0.98718188344  329  341  340.856758616  1.65188957138  -0.0557874135812
-0.98718188344  329  353  353.442250573  1.45706749572  0.0460614910546
-0.98718188344  329  366  366.024079992  1.70756914031  -0.00222816564394
-0.98718188344  329  379  378.673769934  1.6067740839  -0.0812944521054
-0.98718188344  329  392  391.507533353  1.55308291252  -0.0128775470878
-0.98718188344  329  404  404.432725895  1.61172174263  0.0731311601856
-0.98718188344  329  417  417.413136689  1.64965646689  0.0616970635716
-0.98718188344  329  430  430.478627489  1.57512129862  0.0634569151594
-0.98718188344  329  444  443.615291852  1.60657010987  0.0126206816345
-0.98718188344  329  457  456.910134247  1.74746778254  0.00640522050256
-0.98718188344  329  470  470.359223406  1.60079140246  0.0910484598753
-0.98718188344  329  484  483.773268329  1.69651990374  -0.0187543739934
-0.98718188344  329  497  497.438510142  1.55980771481  0.0518637835649
-0.98718188344  329  511  511.112829552  1.78002445706  -0.022861662907
-0.98718188344  329  525  524.891646986  1.78368308416  -0.0349123671668
-0.98718188344  329  539  538.780770075  1.76072516614  -0.0779940655766
-0.98718188344  329  553  552.811965616  1.79696018285  -0.0604984803342
-0.98718188344  329  567  566.945515213  1.84524548203  -0.00200728889357
-0.98718188344  329  581  581.225859367  1.82991324597  0.057506492996
-0.98718188344  329  596  595.547286739  1.63491472203  0.0275227753864
-0.98718188344  329  610  610.004944892  1.82329705186  0.0528861291807
-0.98718188344  329  625  624.562349502  1.59152174358  -0.00902617149502
-0.98718188344  329  639  639.343427411  1.73637787928  0.0687811369625
-0.98718188344  329  654  654.159738141  1.84232225161  0.0311106109743
-0.98718188344  329  669  669.081325714  1.88942836474  -0.0158678340676
-0.98718188344  329  684  684.143074621  1.86356430623  -0.00164171815287
-0.98718188344  329  699  699.360834967  1.8291669938  0.0337119271009
-0.98718188344  329  715  714.597551249  1.77414770389  -0.0458477743021
-0.98718188344  329  730  730.053761479  1.9103554911  0.0221793742254
-0.98718188344  329  746  745.589770226  1.77971787283  0.0200485776884
-0.98718188344  329  761  761.304281195  1.86236069164  0.0604343523024
-0.98718188344  329  777  777.11472901  1.91331181014  0.0635170572724
-0.98718188344  328  793  793.025522745  1.93606047485  0.0382928646501
-0.98718188344  328  809  809.149515702  1.93251266579  0.0185426605689
-0.98718188344  328  825  825.41680098  1.77536079615  0.0425146238373
-0.98718188344  328  842  841.744859818  1.8807195129  -0.0386999805471
-0.98718188344  328  858  858.314002527  1.89611280002  -0.000255592793278
-0.98718188344  328  875  874.939209678  2.0020680349  -0.0282820274886
-0.98718188344  328  892  891.734386941  1.96671880657  -0.0207120055328
-0.98718188344  327  909  908.625754088  1.88174925502  -0.0336966131386
-0.98718188344  327  926  925.730308291  1.93035321541  0.0117155605738
-0.98718188344  327  943  942.980482792  1.98069402539  0.0588855424265
-0.98718188344  327  960  960.410053753  1.85164862354  0.0658394533341
-0.98718188344  327  978  977.979504022  1.94739281269  0.0596675051462
-0.98718188344  326  996  995.667837633  1.85330268528  0.0115002997098
-0.98718188344  326  1014  1013.58291489  1.80098548192  -0.032888785832
-0.79666988344  326  4  3.52412142787  1.02969842841  -0.0536937123047
-0.79666988344  326  14  13.6527150099  1.23198602615  0.0319901646192
-0.79666988344  327  24  24.0414821964  1.43223514212  0.0691786990758
-0.79666988344  327  34  34.3757426009  1.26534005385  0.136486557927
-0.79666988344  327  45  44.6343785543  1.26075549084  -0.0171167639694
-0.79666988344  327  55  55.1311296643  1.48237560698  0.0213391552159
-0.79666988344  327  66  65.5794122462  1.20341116428  -0.0202560638504
-0.79666988344  327  76  76.2382032725  1.4426558363  0.0923725685772
-0.79666988344  327  87  86.7969662489  1.45875118558  -0.0476358449684
-0.79666988344  328  98  97.6222117626  1.30229462414  0.0067812304424
-0.79666988344  328  108  108.472676312  1.21459656165  0.123452275238
-0.79666988344  328  119  119.376157388  1.40812572614  0.141639363475
-0.79666988344  328  130  130.333190074  1.37166845131  0.223163094969
-0.79666988344  328  141  141.336143214  1.4494820483  0.136520187032
-0.79666988344  328  152  152.421601117  1.27687271134  0.150255365984
-0.79666988344  328  164  163.530197736  1.23927532863  0.0753436656064
-0.79666988344  328  175  174.707806816  1.42339154365  -0.0908697826762
-0.79666988344  329  186  186.235487376  1.49186234619  0.0936003163108
-0.79666988344  329  198  197.55096632  1.29662581906  -0.0239442905971
-0.79666988344  329  209  209.060540814  1.62012610908  -0.0251939163083
-0.79666988344  329  221  220.584804189  1.37667731607  -0.0416154946118
-0.79666988344  329  232  232.312477586  1.53305058025  0.106876862966
-0.79666988344  329  244  243.977357263  1.65622792562  -0.00660744636296
-0.79666988344  329  256  255.773685072  1.60049434938  0.00074397764996
-0.79666988344  329  268  267.651544752  1.51739679914  -0.0135221811297
-0.79666988344  329  280  279.634454349  1.44884976285  -0.0242998514509
-0.79666988344  329  292  291.727313168  1.68157699105  -0.00595814426083
-0.79666988344  330  304  303.965140134  1.63826748747  0.0340394714733
-0.79666988344  330  316  316.272247601  1.54827897565  0.0923226217776
-0.79666988344  330  329  328.537850652  1.30451272036  -0.00428285450827
-0.79666988344  330  341  340.9646511  1.69415098482  -0.0207296605015
-0.79666988344  330  354  353.498175367  1.33697720439  -0.0154829694543
-0.79666988344  330  366  366.111601381  1.68074908825  0.0158371958751
-0.79666988344  330  379  378.748772716  1.65313349254  -0.0821365102962
-0.79666988344  330  392  391.573055085  1.56342540832  -0.020190355765
-0.79666988344  330  404  404.480597135  1.57964605972  0.0368821480845
-0.79666988344  330  417  417.478232945  1.61542365555  0.0477510154288
-0.79666988344  330  431  430.525377244  1.58815962187  0.0153047358546
-0.79666988344  330  444  443.688601115  1.63605104312  0.0243564552767
-0.79666988344  330  457  456.98357286  1.7512055427  0.0207045496421
-0.79666988344  330  470  470.418252558  1.55111481929  0.0830427323633
-0.79666988344  330  484  483.863238138  1.69721284428  0.00727410489528
-0.79666988344  330  497  497.491803298  1.50743493131  0.0320367860638
-0.79666988344  330  511  511.182974668  1.78512604409  -0.0118473192838
-0.79666988344  330  525  524.960377555  1.80157910221  -0.0218099273314
-0.79666988344  330  539  538.856415364  1.79204524944  -0.058833565033
-0.79666988344  330  553  552.878115215  1.81267376738  -0.0488941516804
-0.79666988344  330  567  567.020216795  1.86805468483  0.0162396344875
-0.79666988344  330  581  581.29511694  1.80310115581  0.0702429935729
-0.79666988344  330  596  595.59255929  1.67793173799  0.0218679674752
-0.79666988344  330  610  610.079305157  1.81065621292  0.0669420861097
-0.79666988344  330  625  624.603824107  1.64432467233  -0.0350361611383
-0.79666988344  330  639  639.38839753  1.71236255053  0.0616917417721
-0.79666988344  330  654  654.216690498  1.81178259616  0.042721515345
-0.79666988344  330  669  669.137709373  1.89287299966  -0.0183580903546
-0.79666988344  330  684  684.209509286  1.84738189524  0.000886266999337
-0.79666988344  330  699  699.397508884  1.80854916103  0.0254500982842
-0.79666988344  330  715  714.650116044  1.83292578584  -0.0516567563468
-0.79666988344  330  730  730.107670698  1.91193098534  0.0305957756901
-0.79666988344  330  746  745.622161449  1.83865390247  0.00320174035591
-0.79666988344  330  761  761.352889446  1.8552472543  0.0685646409419
-0.79666988344  330  777  777.170842087  1.9043174327  0.0816108072625
-0.79666988344  329  793  793.079044334  1.94043048528  0.0561097228222
-0.79666988344  329  809  809.196834071  1.91188784658  0.0267470321079
-0.79666988344  329  825  825.440313799  1.75444585553  0.0240406872734
-0.79666988344  329  842  841.785518736  1.89965445055  -0.0424518059314
-0.79666988344  329  858  858.354906913  1.86649798341  -0.00110864638077
-0.79666988344  329  875  874.976075341  2.01254169404  -0.0270190452268
-0.79666988344  329  892  891.767941715  1.95942666132  -0.0185741066288
-0.79666988344  328  909  908.658777762  1.89261919443  -0.038760913273
-0.79666988344  328  926  925.76354031  1.94865777837  0.014282268663
-0.79666988344  328  943  943.012606157  1.9832390892  0.0604794775166
-0.79666988344  328  960  960.436710641  1.83491706156  0.0744641160229
-0.79666988344  328  978  977.993458377  1.96209639065  0.0487681784657
-0.79666988344  327  996  995.698197356  1.87527594135  0.0152141958132
-0.79666988344  327  1014  1013.61452961  1.83496173671  -0.0318801482217
-0.60615788344  327  4  3.56775170414  0.947269450747  -0.136774035703
-0.60615788344  327  14  13.7516525206  1.32611922506  0.029391174804
-0.60615788344  328  24  24.1664233001  1.39238468518  0.0754677368933
-0.60615788344  328  34  34.4508277341  1.17853715756  0.10858526512
-0.60615788344  328  45  44.7210896867  1.35959502845  -0.0287134024311
-0.60615788344  328  55  55.2592842962  1.40986412519  0.0616280559988
-0.60615788344  328  66  65.6619637572  1.29553352063  -0.0375201976765
-0.60615788344  328  76  76.3384319345  1.33223926025  0.119036331371
-0.60615788344  328  87  86.9079772107  1.5102846295  -0.0285808732013
-0.60615788344  329  98  97.7070365539  1.42065547562  0.00342588740477
-0.60615788344  329  109  108.526000958  1.19786192123  0.0310791182053
-0.60615788344  329  119  119.436941671  1.30328879854  0.130340922408
-0.60615788344  329  130  130.411668408  1.27610630951  0.224370356496
-0.60615788344  329  141  141.418283452  1.35904652284  0.135591652592
-0.60615788344  329  152  152.485431256  1.22515281239  0.111288738637
-0.60615788344  329  164  163.587714816  1.2925295871  0.0233720094472
-0.60615788344  329  175  174.810147253  1.48774144003  -0.0719730580403
-0.60615788344  330  186  186.325349215  1.40882849853  0.109780416728
-0.60615788344  330  198  197.624923127  1.36007997341  -0.0364519467151
-0.60615788344  330  209  209.172923064  1.59115834559  0.00290532218646
-0.60615788344  330  221  220.661860699  1.46067681562  -0.0484430970357
-0.60615788344  330  232  232.386643326  1.41046931545  0.101295397357
-0.60615788344  330  244  244.080862814  1.62984481317  0.0171965092126
-0.60615788344  330  256  255.862070252  1.63743468078  0.0237677798908
-0.60615788344  330  268  267.751125912  1.57769844027  0.00114429574685
-0.60615788344  330  280  279.719600919  1.52615559667  -0.0205911745392
-0.60615788344  330  292  291.809241472  1.58944814082  0.0407398311286
-0.60615788344  331  304  304.063815949  1.65054999125  0.0684929068095
-0.60615788344  331  316  316.343987425  1.5337316315  0.093794496619
-0.60615788344  331  329  328.595145029  1.41944475747  -0.0206158339008
-0.60615788344  331  341  341.045121928  1.67376790865  -0.0117920783272
-0.60615788344  331  354  353.545053715  1.38443181049  -0.052517469119
-0.60615788344  331  366  366.201081634  1.67938332439  0.0370956084529
-0.60615788344  331  379  378.819516381  1.69073856193  -0.0787246573718
-0.60615788344  331  392  391.632653634  1.62634316211  -0.0405625429779
-0.60615788344  331  405  404.539173813  1.61711493249  0.00975416820412
-0.60615788344  331  418  417.524228524  1.64614049709  0.0271571642027
-0.60615788344  331  431  430.585710699  1.63545290361  0.0099275385353
-0.60615788344  331  444  443.763501723  1.6960583638  0.034765634093
-0.60615788344  331  457  457.064269046  1.7362499532  0.0215674826317
-0.60615788344  331  470  470.4663791  1.53059289422  0.0463262126406
-0.60615788344  331  484  483.926615095  1.72914693998  0.0153973830536
-0.60615788344  331  498  497.525253278  1.57776213258  -0.00764018034499
-0.60615788344  331  511  511.244127009  1.74511982315  -0.0176474662505
-0.60615788344  331  525  525.029317646  1.79462171025  -0.00937694896662
-0.60615788344  331  539  538.913681559  1.81695483565  -0.0524861343953
-0.60615788344  331  553  552.935051967  1.82484489163  -0.0455988761798
-0.60615788344  331  567  567.085621533  1.83224091828  0.0246660469469
-0.60615788344  331  581  581.333222589  1.78725063669  0.055230558153
-0.60615788344  331  596  595.631000549  1.67758113549  -0.000390156052564
-0.60615788344  331  610  610.13464479  1.79183784483  0.078542065148
-0.60615788344  331  625  624.658734783  1.69569298088  -0.0301429013352
-0.60615788344  331  639  639.433550569  1.6742299626  0.0483759542798
-0.60615788344  331  654  654.254068253  1.76728837182  0.0273790708266
-0.60615788344  331  669  669.217825709  1.94274050735  0.0148074103838
-0.60615788344  331  684  684.246241191  1.85164023306  -0.00024527117043
-0.60615788344  331  699  699.43899528  1.80615721767  0.016344198852
-0.60615788344  331  715  714.695925744  1.84831234379  -0.0553597734942
-0.60615788344  331  730  730.157425065  1.89026862613  0.0310623878288
-0.60615788344  331  746  745.672164297  1.83916107301  0.00823014917526
-0.60615788344  331  761  761.393208455  1.82970893355  0.0706133471696
-0.60615788344  331  777  777.210456689  1.87641275847  0.0828730908074
-0.60615788344  330  793  793.142906114  1.92452401545  0.0674797653347
-0.60615788344  330  809  809.249880664  1.89507854211  0.0301307845044
-0.60615788344  330  825  825.481256047  1.75687903177  0.0221836182829
-0.60615788344  330  842  841.832505824  1.90857041767  -0.0323755353349
-0.60615788344  330  858  858.379565036  1.84903535843  -0.021221841252
-0.60615788344  330  875  875.026329125  2.0036898633  -0.0154583352426
-0.60615788344  330  892  891.809606136  1.9748538001  -0.0102363473202
-0.60615788344  329  909  908.68055696  1.90384331252  -0.0459679585652
-0.60615788344  329  926  925.791034142  1.94517870929  0.00819469126304
-0.60615788344  329  943  943.05054014  1.99389133279  0.0619054266536
-0.60615788344  329  960  960.454532678  1.78649225092  0.063748006542
-0.60615788344  329  978  978.040674087  1.95175898445  0.0653335664838
-0.60615788344  328  996  995.72309856  1.87269409086  0.001371991666
-0.60615788344  328  1014  1013.64071702  1.84578689125  -0.0333665412399
-0.41564588344  328  4  3.63705108343  1.03026703356  -0.196454290079
-0.41564588344  328  14  13.8748097836  1.39835594985  0.0489181229088
-0.41564588344  329  24  24.3000985277  1.26797591588  0.136714207229
-0.41564588344  329  35  34.5169680155  1.19411581451  0.00990969708751
-0.41564588344  329  45  44.8495634597  1.41950367421  0.00541783055487
-0.41564588344  329  55  55.3644330523  1.32474398478  0.076861220396
-0.41564588344  329  66  65.7599724862  1.39995704966  -0.0333849256569
-0.41564588344  329  76  76.4244867056  1.24514800488  0.104030858486
-0.41564588344  329  87  87.0307252189  1.52658231102  0.00247617837587
-0.41564588344  330  98  97.8274440687  1.48591945361  0.0348053384481
-0.41564588344  330  109  108.592688566  1.27076995364  -0.0185249041278
-0.41564588344  330  120  119.516738663  1.22421770274  0.0542219837546
-0.41564588344  330  130  130.478485593  1.15319311614  0.202476679926
-0.41564588344  330  141  141.482452828  1.26429518093  0.0929390702224
-0.41564588344  330  153  152.536094474  1.20022891436  0.0243967304675
-0.41564588344  330  164  163.670113676  1.35768528528  0.0109546098229
-0.41564588344  330  175  174.922677344  1.55480791916  -0.0326311913204
-0.41564588344  331  186  186.406958575  1.32878458463  0.103463718422
-0.41564588344  331  198  197.709120327  1.47959791493  -0.0433467318239
-0.41564588344  331  209  209.260248497  1.55742452284  0.0157651779492
-0.41564588344  331  221  220.747689421  1.55192058611  -0.0556829786599
-0.41564588344  331  232  232.463832889  1.37837226977  0.091447927029
-0.41564588344  331  244  244.189775932  1.60724937596  0.0537936877281
-0.41564588344  331  256  255.964107017  1.66032901655  0.0421429590998
-0.41564588344  331  268  267.838488392  1.61906174504  0.0109272257139
-0.41564588344  331  280  279.794435843  1.58684789038  -0.0227200937634
-0.41564588344  331  292  291.877954955  1.63752905518  0.0276479349411
-0.41564588344  332  304  304.171159011  1.60471530583  0.0827584427646
-0.41564588344  332  316  316.417846465  1.39998572335  0.0996706168529
-0.41564588344  332  329  328.657177471  1.49912391389  -0.0510747171257
-0.41564588344  332  341  341.153395025  1.66258600573  0.0226140554689
-0.41564588344  332  354  353.610230418  1.44050751189  -0.0644706123797
-0.41564588344  332  366  366.280589823  1.60372705084  0.0572441748136
-0.41564588344  332  379  378.9179471  1.72277115367  -0.050447215785
-0.41564588344  332  392  391.696227989  1.61068200164  -0.0494968877014
-0.41564588344  332  405  404.586959883  1.56017601736  -0.0261773001267
-0.41564588344  332  418  417.577928378  1.53261856227  -0.00587981581289
-0.41564588344  332  431  430.638376567  1.61260658823  -0.00835238195575
-0.41564588344  332  444  443.828207006  1.70620384003  0.0241900640947
-0.41564588344  332  457  457.154709677  1.74396669612  0.0509080159988
-0.41564588344  332  471  470.512024586  1.36983885624  0.00431930467364
-0.41564588344  332  484  484.02020375  1.73862863786  0.040107608186
-0.41564588344  332  498  497.564455287  1.43189806766  -0.0571677386304
-0.41564588344  332  511  511.333102273  1.68828330986  0.0238404508175
-0.41564588344  332  525  525.112671801  1.80015941358  0.00886266869334
-0.41564588344  332  539  538.990812992  1.83294070468  -0.0350316700575
-0.41564588344  332  553  553.022111765  1.84716705966  -0.0215858799115
-0.41564588344  332  567  567.161232456  1.83461150115  0.0317438518355
-0.41564588344  332  581  581.399844898  1.75283603191  0.0660420291865
-0.41564588344  332  596  595.68572323  1.69050637635  -0.0148824161171
-0.41564588344  332  610  610.202448239  1.77821017107  0.091293908251
-0.41564588344  332  625  624.712394635  1.73474433345  -0.0354986654817
-0.41564588344  332  639  639.489713749  1.58953761699  0.0494154002023
-0.41564588344  332  654  654.325266875  1.75669102193  0.0429282341817
-0.41564588344  332  669  669.29512925  1.92630729453  0.0371764888064
-0.41564588344  332  684  684.322994426  1.78991614604  0.0176230753997
-0.41564588344  332  699  699.488015943  1.74734270406  0.00620557749353
-0.41564588344  332  715  714.732710661  1.8647289811  -0.0646295606227
-0.41564588344  332  730  730.220590487  1.86803133309  0.0429594768089
-0.41564588344  332  746  745.722858392  1.85921648067  0.00437282415396
-0.41564588344  332  761  761.431406383  1.77560809642  0.0598644404944
-0.41564588344  332  777  777.292078896  1.81849741431  0.159123270131
-0.41564588344  331  793  793.187560114  1.88660680073  0.0800196720779
-0.41564588344  331  809  809.295027845  1.85977445186  0.0337325128685
-0.41564588344  331  826  825.505099424  1.77953256066  -0.0015251176013
-0.41564588344  331  842  841.866961224  1.91856439192  -0.0338099405189
-0.41564588344  331  858  858.418250086  1.8316099815  -0.030460918597
-0.41564588344  331  875  875.06183794  1.97826058471  -0.0141086693427
-0.41564588344  331  892  891.846997342  1.94421990289  -0.0165641444694
-0.41564588344  330  909  908.717544306  1.92185940949  -0.0373131132193
-0.41564588344  330  926  925.831486587  1.93575602301  0.00670492881336
-0.41564588344  330  943  943.087231457  1.9886552349  0.0709486292784
-0.41564588344  330  960  960.484478187  1.8023298619  0.0528221603205
-0.41564588344  330  978  978.079893434  1.94771631338  0.0684295900402
-0.41564588344  329  996  995.740871331  1.89483724855  -0.000145505314279
-0.41564588344  329  1014  1013.66871544  1.8409262754  -0.0412961890179
-0.22513388344  329  4  3.7368239866  1.23267843193  -0.200492958695
-0.22513388344  329  14  14.0124776471  1.44085889595  0.0845565916427
-0.22513388344  330  24  24.3716026925  1.3893060964  0.146407968052
-0.22513388344  330  35  34.5782668693  1.17889184806  -0.01965298059
-0.22513388344  330  45  44.9905827507  1.47723256413  0.0428495042592
-0.22513388344  330  55  55.4472914847  1.252622869  0.0733681714845
-0.22513388344  330  66  65.8827534777  1.46101873945  -0.009555742486
-0.22513388344  330  76  76.4944073085  1.1887826234  0.0599361621316
-0.22513388344  330  87  87.1613316587  1.51379463144  0.0398718270461
-0.22513388344  331  98  97.9447331805  1.54422639964  0.0603130408559
-0.22513388344  331  109  108.692951713  1.40162193676  -0.0148369736361
-0.22513388344  331  120  119.564531284  1.17084821036  -0.00304628314579
-0.22513388344  331  131  130.530617508  1.19691002935  0.0997622800592
-0.22513388344  331  142  141.535939262  1.1835868066  0.0123085090477
-0.22513388344  331  153  152.598897935  1.24062925756  -0.0212954428444
-0.22513388344  331  164  163.765881767  1.48173874585  0.0175349604361
-0.22513388344  331  175  175.033158159  1.57360787071  -0.000561848414642
-0.22513388344  332  186  186.474446574  1.24116072096  0.0671601788665
-0.22513388344  332  198  197.81569934  1.52554197743  -0.0220576518488
-0.22513388344  332  209  209.376278554  1.44489161803  0.0432817629933
-0.22513388344  332  221  220.840257254  1.5888467099  -0.0381210727707
-0.22513388344  332  233  232.515130312  1.28002637413  0.00890617548707
-0.22513388344  332  244  244.287465326  1.54150218808  0.0659699781429
-0.22513388344  332  256  256.081374596  1.62592727807  0.0754426816453
-0.22513388344  332  268  267.929958043  1.62470194502  0.0287945995335
-0.22513388344  332  280  279.906470202  1.61494642906  0.0167383944853
-0.22513388344  332  292  291.991812001  1.63475349791  0.063827757149
-0.22513388344  333  304  304.267957818  1.57806107207  0.110193815048
-0.22513388344  333  316  316.488656978  1.32692398746  0.0948762238193
-0.22513388344  333  329  328.751981205  1.58235890952  -0.0233325073396
-0.22513388344  333  341  341.249708233  1.62935931561  0.0373464160458
-0.22513388344  333  354  353.671549529  1.55206139049  -0.0790715014596
-0.22513388344  333  366  366.362082849  1.55739546878  0.0481880344243
-0.22513388344  333  379  378.9999772  1.72829667661  -0.0387270775197
-0.22513388344  333  392  391.769433542  1.67629874286  -0.0401991022951
-0.22513388344  333  405  404.662652581  1.6379814298  -0.0298879143471
-0.22513388344  333  418  417.641619184  1.6248639605  -0.0300541197699
-0.22513388344  333  431  430.70945799  1.66360505237  -0.0170916760378
-0.22513388344  333  444  443.918103317  1.73224157731  0.0453328399574
-0.22513388344  333  457  457.237275637  1.71968252843  0.08366130041
-0.22513388344  333  471  470.565347023  1.47580945831  -0.0170739543033
-0.22513388344  333  484  484.098302143  1.71674012699  0.0498378120011
-0.22513388344  333  498  497.621017006  1.51293733164  -0.0684354945414
-0.22513388344  333  511  511.388467537  1.63906206748  0.020401823891
-0.22513388344  333  525  525.191617532  1.79710985052  0.0172639702916
-0.22513388344  333  539  539.069758442  1.81959971721  -0.019626518269
-0.22513388344  333  553  553.090019066  1.837378228  -0.00634020862988
-0.22513388344  333  567  567.230679686  1.82610631527  0.0444456973192
-0.22513388344  333  581  581.452660162  1.70300048986  0.0591200951959
-0.22513388344  333  596  595.735233376  1.74093681076  -0.0226395767656
-0.22513388344  333  610  610.261740881  1.76327029598  0.087501754391
-0.22513388344  333  625  624.789659785  1.78874944175  -0.0156242179921
-0.22513388344  333  640  639.526137606  1.55007474265  0.00261557890348
-0.22513388344  333  654  654.385584348  1.70493658343  0.0439649803137
-0.22513388344  333  669  669.32700246  1.79627238157  0.0171024492786
-0.22513388344  333  684  684.370667752  1.75707628234  0.00636124838509
-0.22513388344  333  700  699.529488321  1.74327719342  -0.0176819183462
-0.22513388344  333  715  714.785162633  1.87373828087  -0.0603520555614
-0.22513388344  333  730  730.268350183  1.86473964538  0.0407162568921
-0.22513388344  333  746  745.769767126  1.85912288149  0.00376870652651
-0.22513388344  333  761  761.479671227  1.77038740032  0.059465772751
-0.22513388344  332  777  777.26736212  1.88036272257  0.0741600667967
-0.22513388344  332  793  793.247370984  1.86780421202  0.0854000384553
-0.22513388344  332  809  809.347853013  1.8375201116  0.0367754963548
-0.22513388344  332  826  825.551761364  1.72816244297  -0.024678680116
-0.22513388344  332  842  841.929305321  1.94437665666  -0.0143333928317
-0.22513388344  332  858  858.453140709  1.82922929741  -0.0382294697757
-0.22513388344  332  875  875.120542472  1.99734709864  -0.000545145935547
-0.22513388344  332  892  891.910867012  1.97997385949  0.0243729264784
-0.22513388344  331  909  908.765685579  1.9568044712  -0.03426291746
-0.22513388344  331  926  925.874522633  1.94465463367  0.0191518063837
-0.22513388344  331  943  943.133301708  1.98287159319  0.0767220875166
-0.22513388344  331  961  960.520677215  1.81487247977  0.0424124244313
-0.22513388344  331  978  978.118331457  1.92272098895  0.0651681475704
-0.22513388344  330  996  995.786312073  1.92850668582  0.00343668844349
-0.22513388344  330  1014  1013.69850951  1.86970468368  -0.0477633829549
-0.0346218834401  330  4  3.8922072817  1.40674186689  -0.12596749003
-0.0346218834401  330  14  14.1618009167  1.38095499561  0.147731038142
-0.0346218834401  330  24  24.3961206315  1.17415829692  0.122109887457
-0.0346218834401  331  35  34.6602267106  1.23547514757  -0.0541602205922
-0.0346218834401  331  45  45.1199001459  1.42468834159  0.0770454814082
-0.0346218834401  331  56  55.5079688655  1.16199393293  -0.0375276420021
-0.0346218834401  331  66  66.0070257124  1.49469101678  0.0106999569866
-0.0346218834401  331  77  76.5544346768  1.18052799334  -0.0058751329467
-0.0346218834401  331  87  87.2618038966  1.45325249255  0.0498875380663
-0.0346218834401  332  98  97.9909473467  1.6159985587  0.0306446846197
-0.0346218834401  332  109  108.794553954  1.47584101896  -0.0178917430307
-0.0346218834401  332  120  119.645314834  1.29487348882  -0.0326383169577
-0.0346218834401  332  131  130.596981438  1.2852803223  0.0377626646436
-0.0346218834401  332  142  141.60836223  1.22936825033  -0.0233912856174
-0.0346218834401  332  153  152.682177925  1.3963427428  -0.0358717392186
-0.0346218834401  332  164  163.884579471  1.51600566894  0.0470579283429
-0.0346218834401  332  175  175.158650771  1.55739537358  0.0148498684296
-0.0346218834401  333  187  186.53453961  0.988554746482  0.159287179936
-0.0346218834401  333  198  197.921336213  1.59065685949  0.00602348550967
-0.0346218834401  333  209  209.441756832  1.36096637841  0.0220364801177
-0.0346218834401  333  221  220.952129337  1.6050567354  -0.00950381958012
-0.0346218834401  333  233  232.580254536  1.39969761135  -0.0226262044101
-0.0346218834401  333  244  244.37010885  1.51899004686  0.0702958750128
-0.0346218834401  333  256  256.173473169  1.62397176967  0.0906782940348
-0.0346218834401  333  268  268.035823726  1.65629050477  0.0546880821383
-0.0346218834401  333  280  280.001298964  1.64820381057  0.0374505970628
-0.0346218834401  333  292  292.094571565  1.63638462777  0.0945522198066
-0.0346218834401  334  304  304.359572483  1.48437628923  0.125763433122
-0.0346218834401  334  317  316.522986544  1.29002640395  -0.00518402696446
-0.0346218834401  334  329  328.844184664  1.64408156437  -0.0068156863486
-0.0346218834401  334  341  341.334976565  1.5905250537  0.0529077756452
-0.0346218834401  334  354  353.758309621  1.61840893391  -0.0665793486697
-0.0346218834401  334  366  366.43228308  1.50221698398  0.0484071687555
-0.0346218834401  334  379  379.095207049  1.74994576134  -0.0183445902667
-0.0346218834401  334  392  391.86100672  1.69512833511  -0.0324503504244
-0.0346218834401  334  405  404.736163146  1.70398416823  -0.0299186230876
-0.0346218834401  334  418  417.719805328  1.65995627015  -0.0320027147532
-0.0346218834401  334  431  430.785571383  1.70789424303  -0.00515975714342
-0.0346218834401  334  444  444.002304984  1.72015712957  0.0576967961716
-0.0346218834401  334  457  457.314331624  1.67195367524  0.0847915290691
-0.0346218834401  334  471  470.637232843  1.58837226149  -0.026094241
-0.0346218834401  334  484  484.184118711  1.69481613082  0.0701927481402
-0.0346218834401  334  498  497.687444029  1.6040291608  -0.0736851823518
-0.0346218834401  334  511  511.457592694  1.60099497029  0.00120864120097
-0.0346218834401  334  525  525.273157265  1.76053947977  0.040517862518
-0.0346218834401  334  539  539.152090543  1.81425676067  -0.00498088150615
-0.0346218834401  334  553  553.158640733  1.81367773052  -0.00273939997896
-0.0346218834401  334  567  567.304653491  1.78458629848  0.0474351805269
-0.0346218834401  334  582  581.502713807  1.7132447383  0.028980508582
-0.0346218834401  334  596  595.803266928  1.7601578792  -0.00885479388401
-0.0346218834401  334  610  610.332914701  1.6950251745  0.0984506087556
-0.0346218834401  334  625  624.849683734  1.82534165022  -0.0211022209573
-0.0346218834401  334  640  639.572278159  1.60725134934  -0.0260187869342
-0.0346218834401  334  654  654.434635212  1.6707790473  0.0295303034336
-0.0346218834401  334  669  669.389855468  1.77814819816  0.00629462693629
-0.0346218834401  334  684  684.427644038  1.73215257368  0.004573246877
-0.0346218834401  334  700  699.58418769  1.76330016115  -0.0323113513425
-0.0346218834401  334  715  714.859714885  1.90355695889  -0.0449234083456
-0.0346218834401  334  730  730.319298615  1.84498207329  0.0387099483459
-0.0346218834401  334  746  745.823408848  1.88861571157  0.0155510644419
-0.0346218834401  334  762  761.516370639  1.78266907003  0.0341331337969
-0.0346218834401  333  777  777.315586292  1.812002599  0.0900630762022
-0.0346218834401  333  793  793.306412975  1.82610891835  0.0995280175384
-0.0346218834401  333  809  809.391115444  1.79294187025  0.0414396435792
-0.0346218834401  333  826  825.574397639  1.75020342046  -0.0446505652615
-0.0346218834401  333  842  841.978920755  1.92884912268  -0.0118659719431
-0.0346218834401  333  858  858.492202046  1.82217993896  -0.0444371456347
-0.0346218834401  333  875  875.179522212  1.99429169355  0.0150835666411
-0.0346218834401  332  892  891.928568723  1.92824076533  -0.000368600720639
-0.0346218834401  332  909  908.802348333  1.95762036123  -0.0332290523417
-0.0346218834401  332  926  925.927233424  1.94474699086  0.0327706236239
-0.0346218834401  332  943  943.17553638  1.97602968518  0.0842788786001
-0.0346218834401  332  961  960.539300422  1.7867733429  0.0281441261795
-0.0346218834401  332  978  978.135355043  1.89094609909  0.105581520242
-0.0346218834401  331  996  995.825363408  1.94744895265  0.0102714421047
-0.0346218834401  331  1014  1013.73381049  1.90132915323  -0.0394967767887
0.15589011656  331  4  4.03073765832  1.4766904096  -0.0622193776351
0.15589011656  331  14  14.2832725714  1.31610558791  0.172589318427
0.15589011656  331  24  24.4637876261  1.19205045855  0.084495308461
0.15589011656  332  35  34.7667677977  1.3513163659  -0.0498196231277
0.15589011656  332  46  46.230375382  0.687089506492  0.146844477606
0.15589011656  332  56  55.5787594285  1.16516916652  -0.0664463714664
0.15589011656  332  66  66.148422544  1.43226507343  0.0721033944895
0.15589011656  332  77  76.6374940777  1.2827618385  -0.041742643196
0.15589011656  332  87  87.3782206585  1.38261994085  0.0808933256104
0.15589011656  332  98  98.1320751739  1.59470164175  0.0988150377125
0.15589011656  333  109  108.911225596  1.53828042857  0.0035776483558
0.15589011656  333  120  119.740770427  1.41591532478  -0.0365737707448
0.15589011656  333  131  130.694913253  1.37790233601  0.046736662861
0.15589011656  333  142  141.68137367  1.37516035592  -0.0513269657623
0.15589011656  333  153  152.790321096  1.47971362458  -0.0247484861564
0.15589011656  333  164  164.007480478  1.55962702873  0.0813626004045
0.15589011656  333  175  175.274010045  1.49151955077  0.0481677764013
0.15589011656  334  187  186.640189675  1.48978650789  0.190679991701
0.15589011656  334  198  198.046493657  1.56003483083  0.0513000310583
0.15589011656  334  210  209.509046239  1.20740917378  -0.0465568742706
0.15589011656  334  221  221.083368432  1.62941926417  0.0332438057029
0.15589011656  334  233  232.663485587  1.48491617463  -0.0378425454487
0.15589011656  334  244  244.450313958  1.41726348169  0.0575513497238
0.15589011656  334  256  256.273040131  1.54820941431  0.115067028197
0.15589011656  334  268  268.147211027  1.61188442492  0.0908584832886
0.15589011656  334  280  280.10700702  1.61527322932  0.0556051592969
0.15589011656  334  292  292.200858572  1.58082292174  0.130356208438
0.15589011656  335  304  304.42181084  1.58692814189  0.158927480758
0.15589011656  335  317  316.58886432  1.42367197725  -0.0449868833534
0.15589011656  335  329  328.952209268  1.65217184564  0.0207423759663
0.15589011656  335  341  341.401610556  1.53029466942  0.0429159226318
0.15589011656  335  354  353.851239425  1.65774825718  -0.0557883953489
0.15589011656  335  366  366.491629788  1.50324528663  0.0308146277554
0.15589011656  335  379  379.185741019  1.72169396  0.00886170974436
0.15589011656  335  392  391.948204375  1.7320497595  -0.016700179244
0.15589011656  335  405  404.815245581  1.72062306567  -0.00289724041289
0.15589011656  335  418  417.786303902  1.69586019683  -0.0233696076199
0.15589011656  335  431  430.875992712  1.73475348279  0.0104674649149
0.15589011656  335  444  444.084674039  1.72845698545  0.0773490459616
0.15589011656  335  457  457.378977109  1.65783412003  0.0860169039297
0.15589011656  335  471  470.702839408  1.62519344549  -0.0298053065502
0.15589011656  335  484  484.257313074  1.66421961568  0.0780525147583
0.15589011656  335  498  497.767447092  1.68155755616  -0.0592172137936
0.15589011656  335  512  511.511512318  1.54666775342  -0.0339527769358
0.15589011656  335  525  525.334962745  1.71113553906  0.0329000342606
0.15589011656  335  539  539.228045879  1.79956389159  0.00846971474925
0.15589011656  335  553  553.230836878  1.80351650346  0.00570053430243
0.15589011656  335  567  567.364290402  1.76343544424  0.0551702484494
0.15589011656  335  582  581.548834995  1.71229720251  0.0187365730939
0.15589011656  335  596  595.886011811  1.79051169026  0.0145054019032
0.15589011656  335  610  610.380091322  1.67827797388  0.0863196063649
0.15589011656  335  625  624.917845649  1.82539319939  -0.00426295470223
0.15589011656  335  640  639.645912037  1.78312072919  -0.0304599962767
0.15589011656  335  654  654.470091422  1.69433581976  0.0165151690167
0.15589011656  335  669  669.432962701  1.76256744979  0.0036148225919
0.15589011656  335  684  684.465685308  1.76038657794  -0.00512921203912
0.15589011656  335  700  699.620070242  1.77725367377  -0.0368046772167
0.15589011656  335  715  714.927451026  1.90662824035  -0.0247600439211
0.15589011656  335  730  730.367942895  1.83508795021  0.0354021409193
0.15589011656  335  746  745.876281307  1.90147360558  0.0233437387788
0.15589011656  335  762  761.563557611  1.76946019412  0.0257580423413
0.15589011656  334  777  777.357151761  1.79713973906  0.0845537452849
0.15589011656  334  793  793.345356937  1.79940236548  0.100663010462
0.15589011656  334  809  809.435414729  1.74387170647  0.0394331798416
0.15589011656  334  826  825.62780311  1.79172378877  -0.0409746426238
0.15589011656  334  842  842.041989416  1.93193299699  0.0114700447731
0.15589011656  334  859  858.529611609  1.79559118426  -0.0611253215624
0.15589011656  334  875  875.218515453  1.98201978278  0.0216385244084
0.15589011656  333  892  891.950629884  1.98433059812  0.00151921007843
0.15589011656  333  909  908.843241664  1.98963159669  -0.0275455007269
0.15589011656  333  926  925.963363394  1.96670242439  0.0304426714577
0.15589011656  333  943  943.220705694  1.97564683053  0.0961576138773
0.15589011656  333  961  960.566816839  1.81515771016  0.009644179353
0.15589011656  332  978  978.176345496  1.85346923805  0.0830017691758
0.15589011656  332  996  995.868833186  1.94854496443  0.0201199829807
0.15589011656  332  1014  1013.76591797  1.91817920765  -0.0448444377773
0.34640211656  332  4  4.16374470625  1.46632996995  -0.0306377535184
0.34640211656  332  14  14.3859113532  1.19951584706  0.189704282613
0.34640211656  332  25  24.5347544914  1.18433053008  0.00974143138082
0.34640211656  333  35  34.9019417451  1.42232380719  -0.00482370578873
0.34640211656  333  45  45.3691000064  1.32085360359  0.140316020263
0.34640211656  333  56  55.6443218471  1.21035354095  -0.119456455268
0.34640211656  333  66  66.2758586144  1.3974098698  0.107902256294
0.34640211656  333  77  76.7335692236  1.38662160317  -0.0405497828312
0.34640211656  333  87  87.4553566113  1.27629608888  0.0614612044891
0.34640211656  333  98  98.193996844  1.48480418798  0.115023722996
0.34640211656  334  109  109.047534815  1.55218475043  0.0580296670496
0.34640211656  334  120  119.86335562  1.49039237433  -0.00774598882703
0.34640211656  334  131  130.805328442  1.49537522356  0.046187536112
0.34640211656  334  142  141.79945702  1.44763367955  -0.0148098782772
0.34640211656  334  153  152.908389207  1.51456359956  0.0112595786623
0.34640211656  334  164  164.126281471  1.51474165446  0.122492337957
0.34640211656  334  175  175.369864782  1.4311667489  0.0713662639051
0.34640211656  334  187  186.601331096  1.39050325666  -0.0581531276094
0.34640211656  335  198  198.155163757  1.5538861685  0.0668828497624
0.34640211656  335  210  209.554029764  1.24993692381  -0.109126206822
0.34640211656  335  221  221.181071109  1.58553621187  0.0500793605151
0.34640211656  335  233  232.755563775  1.55867571909  -0.0111214102857
0.34640211656  335  245  244.515241059  1.38974381379  0.0160837243328
0.34640211656  335  256  256.358858599  1.52073379844  0.125660948052
0.34640211656  335  268  268.239332721  1.59285034429  0.105137369556
0.34640211656  335  280  280.203078901  1.60704440087  0.0810557176535
0.34640211656  335  292  292.289886588  1.55670708218  0.134825372538
0.34640211656  335  304  304.428859501  1.43755215983  0.092866394975
0.34640211656  336  317  316.664795463  1.48734079577  -0.0397639934296
0.34640211656  336  329  329.057904058  1.67016128948  0.0417532835817
0.34640211656  336  341  341.482508894  1.35450180106  0.0420830329929
0.34640211656  336  354  353.955883711  1.67877091333  -0.0201610072665
0.34640211656  336  367  366.542692748  1.47806240431  -0.0407532206853
0.34640211656  336  379  379.293773174  1.67392989689  0.0423357953817
0.34640211656  336  392  392.034131482  1.72106557159  -0.0019505027812
0.34640211656  336  405  404.921427317  1.76092043055  0.00828100054251
0.34640211656  336  418  417.868379885  1.71433869317  -0.00496680190668
0.34640211656  336  431  430.956911312  1.75660800329  0.0141098025218
0.34640211656  336  444  444.181342906  1.69771189748  0.111489250064
0.34640211656  336  457  457.456459393  1.54395283121  0.093157114241
0.34640211656  336  471  470.767605469  1.66526233502  -0.0250230410063
0.34640211656  336  484  484.338048174  1.57840720631  0.102453852484
0.34640211656  336  498  497.84586187  1.70048945409  -0.0419239103217
0.34640211656  336  512  511.555100533  1.46991591519  -0.0820120904547
0.34640211656  336  525  525.411894581  1.62096571134  0.0392019183801
0.34640211656  336  539  539.298599936  1.76945420676  0.0218710402743
0.34640211656  336  553  553.312336933  1.77235589296  0.0212493265857
0.34640211656  336  567  567.43060762  1.72627378013  0.0576244703739
0.34640211656  336  582  581.598707998  1.66673717466  -0.0124100197163
0.34640211656  336  596  595.951636943  1.81047616928  0.0101271178624
0.34640211656  336  610  610.443261189  1.61266955242  0.0856164814835
0.34640211656  336  625  624.997260249  1.85193132171  0.0183258942048
0.34640211656  336  640  639.714465074  1.8171263743  -0.0379839272119
0.34640211656  336  655  654.525302618  1.56081793257  -0.0307522512493
0.34640211656  336  669  669.481484828  1.651883287  -0.000230974184687
0.34640211656  336  685  684.513933875  1.72734473614  -0.039349098436
0.34640211656  336  700  699.677238404  1.78385298831  -0.04887601296
0.34640211656  336  715  714.986489555  1.94128144514  -0.0211533077304
0.34640211656  336  730  730.423661252  1.79824229694  0.0402675493866
0.34640211656  336  746  745.950228542  1.89237829396  0.034215256845
0.34640211656  336  762  761.610996862  1.7549941984  0.0151328204719
0.34640211656  335  777  777.422797078  1.79977079152  0.101061396386
0.34640211656  335  793  793.382656772  1.78892179216  0.0948104084991
0.34640211656  335  809  809.471734784  1.75620499458  0.0176134611462
0.34640211656  335  826  825.66989068  1.82355835861  -0.0386850007039
0.34640211656  335  842  842.087132955  1.93065832026  0.0133608726067
0.34640211656  335  859  858.569965711  1.82570700943  -0.0699142181892
0.34640211656  335  875  875.267951761  1.9609363782  0.0180512075046
0.34640211656  334  892  891.987780172  1.96923469547  0.00302745921852
0.34640211656  334  909  908.896096987  1.99193271676  -0.0213010473771
0.34640211656  334  926  926.002741125  1.98276738086  0.0386550581765
0.34640211656  334  943  943.262244673  1.96032595076  0.0974004732739
0.34640211656  334  961  960.603429701  1.83112870435  0.00223693311616
0.34640211656  333  978  978.208017609  1.91780814716  0.0881187885883
0.34640211656  333  996  995.917305585  1.98033364767  0.0363672600405
0.34640211656  333  1014  1013.80450882  1.92799336319  -0.0423253645506
0.53691411656  333  4  4.29933509626  1.42857864986  0.0258627198436
0.53691411656  333  14  14.4678558416  1.16721213549  0.161767442229
0.53691411656  333  25  24.606274129  1.20610398375  -0.0248826673502
0.53691411656  334  35  35.0570628928  1.44873266086  0.039497400173
0.53691411656  334  45  45.4484201695  1.20413554537  0.137640040296
0.53691411656  334  56  55.7654240784  1.34555525295  -0.0918453738543
0.53691411656  334  66  66.3773798004  1.26927611742  0.126569993039
0.53691411656  334  77  76.8562578841  1.4807021448  -0.0106107004269
0.53691411656  334  88  87.5285981888  1.15393516677  -0.0165613169571
0.53691411656  334  98  98.3076745842  1.39989717036  0.159147719701
0.53691411656  335  109  109.169285905  1.51027678976  0.0889338012314
0.53691411656  335  120  119.98858038  1.53932757248  0.029896654971
0.53691411656  335  131  130.921296053  1.53898697827  0.0723940583391
0.53691411656  335  142  141.91767114  1.52543904509  0.00285980948259
0.53691411656  335  153  153.031672153  1.54823808262  0.0449908619062
0.53691411656  335  164  164.243772594  1.45712136529  0.156910397662
0.53691411656  335  175  175.453539283  1.29400482862  0.0485978117989
0.53691411656  335  187  186.656994723  1.27893443486  -0.0756970500891
0.53691411656  336  198  198.268981226  1.4342934026  0.0266883811018
0.53691411656  336  210  209.635081619  1.32294591307  -0.118967246582
0.53691411656  336  221  221.287468401  1.54007125591  0.0752035533787
0.53691411656  336  233  232.854569431  1.62676020526  -0.0111306498675
0.53691411656  336  245  244.563471746  1.36345966892  -0.0510587153526
0.53691411656  336  256  256.439156207  1.35380412109  0.114495044395
0.53691411656  336  268  268.342294769  1.50536648046  0.122976168439
0.53691411656  336  280  280.305035464  1.52195499175  0.113138815238
0.53691411656  336  292  292.384217345  1.45234843126  0.152424245254
0.53691411656  336  304  304.493004708  1.2851214177  0.0967435240274
0.53691411656  337  317  316.761301883  1.5641103686  -0.0195797480619
0.53691411656  337  329  329.151065699  1.62527111109  0.0705031280316
0.53691411656  337  342  341.530312086  1.31278299239  -0.023055763244
0.53691411656  337  354  354.041075694  1.69622003106  -0.0015939316491
0.53691411656  337  367  366.618319574  1.55310521936  -0.050410089539
0.53691411656  337  379  379.370788957  1.61259618526  0.0434326691796
0.53691411656  337  392  392.129321957  1.72533876186  0.0219553173625
0.53691411656  337  405  404.99519865  1.73873335819  0.0179970641824
0.53691411656  337  418  417.963010538  1.74305968554  0.014270066506
0.53691411656  337  431  431.050156971  1.75329514116  0.0422464100439
0.53691411656  337  444  444.266326858  1.68085620162  0.113969591774
0.53691411656  337  458  457.510292174  1.49081047853  0.0648355699011
0.53691411656  337  471  470.852230304  1.70100050209  -0.00812357219461
0.53691411656  337  484  484.390869111  1.60449286992  0.0570433914297
0.53691411656  337  498  497.921150999  1.7367872369  -0.0333031453906
0.53691411656  337  512  511.610361797  1.53892995242  -0.0918103827374
0.53691411656  337  525  525.456397149  1.57413273824  0.0303384378287
0.53691411656  337  539  539.37440435  1.7391242675  0.0279201521095
0.53691411656  337  553  553.381523295  1.7436475411  0.0213316754618
0.53691411656  337  567  567.482881311  1.70979369092  0.0411779144889
0.53691411656  337  582  581.661462663  1.73310842927  -0.00633962302057
0.53691411656  337  596  596.035653418  1.80967781546  0.0385966770311
0.53691411656  337  610  610.48804477  1.61839717681  0.0717189871194
0.53691411656  337  625  625.075661529  1.83200160804  0.0435908827904
0.53691411656  337  640  639.728294874  1.68677465288  -0.0289703033454
0.53691411656  337  655  654.562159989  1.60738859033  -0.0403312887135
0.53691411656  337  670  669.515865784  1.63395766032  -0.0429848870679
0.53691411656  337  685  684.566048828  1.72110706155  -0.0496662395296
0.53691411656  337  700  699.730598936  1.82238703908  -0.037854213493
0.53691411656  337  715  715.045574566  1.93073799521  -0.0097563401232
0.53691411656  337  730  730.474191964  1.78584963799  0.0382193465121
0.53691411656  337  746  746.007777924  1.90601423891  0.0395659220838
0.53691411656  337  762  761.660960956  1.76282541111  0.000371935641984
0.53691411656  336  777  777.45920559  1.74226477313  0.0946228105604
0.53691411656  336  793  793.435581189  1.73481180298  0.096302415218
0.53691411656  336  810  809.507963607  1.65688332189  -0.0100525946638
0.53691411656  336  826  825.714471584  1.84100609003  -0.0463892665291
0.53691411656  336  842  842.162053104  1.91901185754  0.0347592758884
0.53691411656  336  859  858.605505523  1.8402240146  -0.0820471094921
0.53691411656  336  875  875.328749855  1.92465464564  0.0344769297792
0.53691411656  335  892  892.046725443  1.9810515054  0.0272203994653
0.53691411656  335  909  908.954911109  1.99327612724  0.00408650460881
0.53691411656  335  926  926.0561915  1.95685756387  0.0506519924349
0.53691411656  335  943  943.307927743  1.93195886888  0.101598579833
0.53691411656  335  961  960.648431644  1.85650590946  0.0128684201338
0.53691411656  334  978  978.232628381  1.91098391531  0.0850193366377
0.53691411656  334  996  995.94578758  1.97027415835  0.0338544375041
0.53691411656  334  1014  1013.83539059  1.95236449224  -0.0319579029139
0.72742611656  334  4  4.41311720008  1.35025138692  0.0504314808467
0.72742611656  334  15  14.5338026062  1.18775695963  0.0493109734014
0.72742611656  334  25  24.6927227903  1.25638643445  -0.049027981757
0.72742611656  335  35  35.2031346254  1.38704192529  0.103841330436
0.72742611656  335  46  45.511987883  1.198584646  0.0291900615524
0.72742611656  335  56  55.8921999382  1.44207238738  -0.0463218092964
0.72742611656  335  66  66.4686212563  1.19067487367  0.11565255261
0.72742611656  335  77  77.002892306  1.50951822847  0.0365997787637
0.72742611656  335  88  87.5877588792  1.16971792672  -0.0798991294004
0.72742611656  335  98  98.4063000789  1.32975595718  0.162201165134
0.72742611656  336  109  109.297485138  1.42788441781  0.127703080519
0.72742611656  336  120  120.123008497  1.51831930108  0.0719294838764
0.72742611656  336  131  131.058839242  1.52809393061  0.125841462675
0.72742611656  336  142  142.061110831  1.51329082559  0.0752288545565
0.72742611656  336  153  153.168065019  1.52022905287  0.0950458363028
0.72742611656  336  164  164.348557126  1.31287379298  0.179361252861
0.72742611656  336  176  175.517053279  1.23005346469  -0.0132141416667
0.72742611656  336  187  186.781523189  1.50015887032  -0.0439485071099
0.72742611656  337  198  198.370389198  1.37741343203  0.12220974258
0.72742611656  337  210  209.729057627  1.47847641247  -0.106626515416
0.72742611656  337  221  221.372782235  1.43661296069  0.0723546236129
0.72742611656  337  233  232.973398718  1.6306389433  0.0217892056947
0.72742611656  337  245  244.652421015  1.49695118509  -0.0437825787975
0.72742611656  337  256  256.508536643  1.29074897119  0.0988752507267
0.72742611656  337  268  268.42230893  1.45917072985  0.133102326223
0.72742611656  337  280  280.390951885  1.4827379679  0.120633016808
0.72742611656  337  292  292.453215501  1.38025430973  0.153516214113
0.72742611656  337  305  304.5465499  1.28571072233  0.0447324128907
0.72742611656  338  317  316.861265563  1.63116373671  -0.00338475738121
0.72742611656  338  329  329.255097136  1.60003799084  0.0938028336061
0.72742611656  338  342  341.593241473  1.38631109873  -0.0530406703408
0.72742611656  338  354  354.156907353  1.65841080739  0.0298776514158
0.72742611656  338  367  366.696759105  1.62927119001  -0.0507680939192
0.72742611656  338  379  379.437326838  1.59152494783  0.033907145013
0.72742611656  338  392  392.220888497  1.68774357792  0.0306757744324
0.72742611656  338  405  405.097021118  1.7346634835  0.038539109684
0.72742611656  338  418  418.062529185  1.7216812125  0.0321796637067
0.72742611656  338  431  431.150450718  1.73633836508  0.0648989932145
0.72742611656  338  444  444.347502151  1.59861554043  0.128262195919
0.72742611656  338  458  457.568655991  1.52918181842  0.029027383285
0.72742611656  338  471  470.94410698  1.733926338  0.00505909475441
0.72742611656  338  484  484.454102536  1.52500436444  0.0697635471322
0.72742611656  338  498  498.015059479  1.73252292838  -0.00971856955255
0.72742611656  338  512  511.680629386  1.60744103372  -0.108344680105
0.72742611656  338  526  525.510933722  1.58234234377  -0.00439295519722
0.72742611656  338  539  539.431738725  1.68874288558  0.0166989001769
0.72742611656  338  553  553.446404136  1.69683006957  0.019508577581
0.72742611656  338  568  567.537713469  1.70035830733  0.018930465821
0.72742611656  338  582  581.732757046  1.76297220384  -0.00284400393445
0.72742611656  338  596  596.112124384  1.80687467442  0.0486753867378
0.72742611656  338  611  610.534997616  1.61896160757  0.0336162636125
0.72742611656  338  625  625.149055412  1.83260867638  0.0547057414213
0.72742611656  338  640  639.736844582  1.78365053246  -0.067203266655
0.72742611656  338  655  654.613352852  1.68337551564  -0.0633328463273
0.72742611656  338  670  669.558072607  1.62028311894  -0.0821372988984
0.72742611656  338  685  684.614539346  1.76716761671  -0.0626109979168
0.72742611656  338  700  699.801564071  1.85856279618  -0.0286048138717
0.72742611656  338  715  715.116860436  1.93521464611  0.00752358999878
0.72742611656  338  731  730.513319297  1.80945477586  0.00064445490002
0.72742611656  338  746  746.08137269  1.91402361517  0.0586988446244
0.72742611656  338  762  761.717833445  1.81800266084  0.00736193497304
0.72742611656  337  777  777.502080918  1.69846063473  0.0783991500756
0.72742611656  337  793  793.475197188  1.6891382953  0.0877903431847
0.72742611656  337  810  809.543937071  1.62863687886  -0.0321597107778
0.72742611656  337  826  825.761203923  1.85652715812  -0.0466373450423
0.72742611656  337  842  842.20906262  1.92061431334  0.0366554014142
0.72742611656  337  859  858.648153234  1.83044210119  -0.0814074244459
0.72742611656  337  875  875.371946605  1.89775574468  0.0317752846606
0.72742611656  336  892  892.098269686  1.98936667198  0.0296229773446
0.72742611656  336  909  909.01695684  2.01389748858  0.028615271427
0.72742611656  336  926  926.100853169  1.95571321922  0.0548787042076
0.72742611656  336  943  943.345512612  1.8970651837  0.102481805167
0.72742611656  336  961  960.671107407  1.86756949908  -0.00306073817466
0.72742611656  335  978  978.281801097  1.8562289771  0.092278725062
0.72742611656  335  996  995.99936177  1.9887016041  0.0460418074564
0.72742611656  335  1014  1013.90003644  1.9415721008  -0.0130007483253
0.91793811656  335  5  4.50202892486  1.17023058836  0.0169940464819
0.91793811656  335  15  14.608979347  1.19887088741  0.0338268676561
0.91793811656  335  25  24.8239463875  1.37224502144  -0.00856819988842
0.91793811656  336  35  35.3212343832  1.32738493053  0.0940892860421
0.91793811656  336  46  45.5952049058  1.19820389748  0.00478295328204
0.91793811656  336  56  56.0549936113  1.47133590565  0.0114866902377
0.91793811656  336  67  66.5260841094  1.19316326762  -0.00798206863106
0.91793811656  336  77  77.1318350998  1.49279123282  0.067082383163
0.91793811656  336  88  87.6856706247  1.29410784414  -0.084595990254
0.91793811656  336  98  98.4790740238  1.1807251372  0.134906106669
0.91793811656  337  109  109.393339226  1.35351224762  0.14301273063
0.91793811656  337  120  120.243707539  1.47407913647  0.108593261558
0.91793811656  337  131  131.190102454  1.49899420088  0.163047287955
0.91793811656  337  142  142.180430035  1.49717008131  0.105966890813
0.91793811656  337  153  153.269648134  1.45965676438  0.11492165872
0.91793811656  337  164  164.430567978  1.27954720154  0.171673927567
0.91793811656  337  176  175.571065146  1.22455620703  -0.0689226676962
0.91793811656  337  187  186.901771041  1.53623297211  -0.0145461475407
0.91793811656  338  198  198.449615894  1.27620663672  0.120400360229
0.91793811656  338  210  209.846743378  1.52369981362  -0.0671169887421
0.91793811656  338  221  221.469354089  1.32910235719  0.0728399567463
0.91793811656  338  233  233.087344516  1.62459058701  0.0562279960353
0.91793811656  338  245  244.74663747  1.54167648116  -0.0437450373034
0.91793811656  338  257  256.572031764  1.40956863908  0.0146628290911
0.91793811656  338  268  268.488100892  1.34233825332  0.10384371191
0.91793811656  338  280  280.463351525  1.40242598438  0.102805155494
0.91793811656  338  292  292.508213343  1.26286253921  0.122689329486
0.91793811656  338  305  304.615282938  1.4268687766  -0.00278476395917
0.91793811656  339  317  316.976308131  1.63704605628  0.0448629329526
0.91793811656  339  329  329.341325407  1.53735127363  0.104102776561
0.91793811656  339  342  341.671710879  1.53692908517  -0.0571172649081
0.91793811656  339  354  354.241536112  1.63112900045  0.0338253897798
0.91793811656  339  367  366.785058447  1.64159373174  -0.0324522808503
0.91793811656  339  380  379.503263116  1.54986833704  -0.000177452185786
0.91793811656  339  392  392.309749723  1.669644462  0.0454977917098
0.91793811656  339  405  405.182591399  1.72403743088  0.0607370144647
0.91793811656  339  418  418.144825362  1.73563074756  0.0397499341407
0.91793811656  339  431  431.237124502  1.70586077488  0.0763835879543
0.91793811656  339  444  444.403059783  1.56666306048  0.107154156037
0.91793811656  339  458  457.629079108  1.59601740121  0.00729058823396
0.91793811656  339  471  471.039122398  1.71829153489  0.0425552775169
0.91793811656  339  485  484.508323936  1.58042529133  0.0153060655164
0.91793811656  339  498  498.113693398  1.75470350053  0.0181585891355
0.91793811656  339  512  511.737643508  1.66002699283  -0.095115493047
0.91793811656  339  526  525.570647186  1.62483499191  -0.0196917767083
0.91793811656  339  539  539.486484431  1.68136495896  -0.00125327540089
0.91793811656  339  553  553.495925965  1.70207315968  0.00841586100568
0.91793811656  339  568  567.594328551  1.7109348089  0.00431845213964
0.91793811656  339  582  581.80731995  1.79709417503  0.0116808001283
0.91793811656  339  596  596.188635483  1.77733559796  0.0679031216808
0.91793811656  339  611  610.59541482  1.68923548382  0.023172314475
0.91793811656  339  625  625.228680739  1.80229894012  0.0708502791764
0.91793811656  339  640  639.862106913  1.78779048511  -0.0236951782237
0.91793811656  339  655  654.677520394  1.76869169458  -0.040267796878
0.91793811656  339  670  669.627991857  1.71549578476  -0.0610071443753
0.91793811656  339  685  684.677065123  1.81641558714  -0.0571957397241
0.91793811656  339  700  699.861379404  1.86410644954  -0.0130174740743
0.91793811656  339  715  715.178498894  1.91804006985  0.0172407185493
0.91793811656  339  731  730.557701464  1.8208823561  -0.00303575967778
0.91793811656  339  746  746.138605623  1.88021650891  0.0698897083864
0.91793811656  338  762  761.702099438  1.78182319698  -0.0485956684453
0.91793811656  338  778  777.547718999  1.73206618889  0.0443176434896
0.91793811656  338  794  793.517215809  1.68592732507  0.0581263445769
0.91793811656  338  810  809.582684475  1.70319506676  -0.0437252387871
0.91793811656  338  826  825.827718177  1.87665367065  -0.0317701648735
0.91793811656  338  842  842.25938911  1.86330032204  0.0439259637157
0.91793811656  338  859  858.701673152  1.88708860263  -0.0749811130598
0.91793811656  338  875  875.404419388  1.89071359036  0.017050881682
0.91793811656  337  892  892.158581229  1.96087987598  0.0437662519164
0.91793811656  337  909  909.063265513  1.97286253829  0.0273206616018
0.91793811656  337  926  926.155015541  1.94715297428  0.0574699032351
0.91793811656  337  943  943.387024566  1.88408521802  0.097289536601
0.91793811656  337  961  960.713673676  1.90105784704  -0.00576878666826
0.91793811656  336  978  978.324042135  1.85687245816  0.0998421140345
0.91793811656  336  996  996.053444186  1.96899639569  0.0584250900078
0.91793811656  336  1014  1013.93977564  1.95901630323  -0.00780067046635
1.10845011656  336  5  4.5681592455  1.10016852215  -0.0487875005773
1.10845011656  336  15  14.711434822  1.28444510603  0.0254366464862
1.10845011656  336  25  24.9655053801  1.44131628706  0.0182291494057
1.10845011656  337  35  35.4054754361  1.41935451713  0.15737941135
1.10845011656  337  46  45.6749125657  1.28849697226  -0.0118856191555
1.10845011656  337  56  56.2004522153  1.42621869236  0.0615122578784
1.10845011656  337  67  66.6091649801  1.2270362601  -0.0201220267718
1.10845011656  337  77  77.2570112789  1.43678201073  0.0995807847997
1.10845011656  337  88  87.7993814359  1.42940979384  -0.0574995489515
1.10845011656  337  99  98.5383402654  1.19289337903  0.0373895866793
1.10845011656  338  109  109.484160973  1.24276592227  0.14822723269
1.10845011656  338  120  120.362419915  1.39109810976  0.139227778214
1.10845011656  338  131  131.305097784  1.4408928502  0.190806875013
1.10845011656  338  142  142.302342268  1.40050630515  0.137054434754
1.10845011656  338  153  153.380068951  1.3765056653  0.128721931948
1.10845011656  338  164  164.49537207  1.2099050936  0.1263522064
1.10845011656  338  176  175.658161856  1.31492189469  -0.0853491626821
1.10845011656  338  187  187.023622837  1.55636397325  0.00865442815951
1.10845011656  339  199  198.521821175  1.24106738995  0.0511381291516
1.10845011656  339  210  209.951865869  1.57966860153  -0.0471185293058
1.10845011656  339  222  221.517359524  1.22989097447  -0.0108240601708
1.10845011656  339  233  233.208870271  1.58884183817  0.0895241683512
1.10845011656  339  245  244.854991628  1.60358576497  -0.0267420435684
1.10845011656  339  257  256.648156327  1.47756515686  0.00242499063156
1.10845011656  339  269  268.556799216  1.37110674935  0.0502652135204
1.10845011656  339  281  280.529626526  1.33626496316  0.0573742008744
1.10845011656  339  293  292.57147896  1.34007956461  0.0463290496597
1.10845011656  339  305  304.707157685  1.5259877329  0.000612554328839
1.10845011656  339  317  317.026338954  1.75784851408  -0.000214077690785
1.10845011656  340  329  329.439572925  1.40872051973  0.117402274242
1.10845011656  340  342  341.762600234  1.57987517549  -0.0561028475692
1.10845011656  340  354  354.337003531  1.56525987265  0.0491897154347
1.10845011656  340  367  366.878573305  1.68515197214  -0.0245922884823
1.10845011656  340  380  379.562719079  1.46963668825  -0.0465470566803
1.10845011656  340  392  392.392856216  1.6139703419  0.051338743863
1.10845011656  340  405  405.278916686  1.67493124541  0.0826246078828
1.10845011656  340  418  418.24061722  1.68182420902  0.0613290933398
1.10845011656  340  431  431.326357243  1.66513962309  0.098204630369
1.10845011656  340  444  444.469239135  1.44174154887  0.108742124671
1.10845011656  340  458  457.688377143  1.5982503393  -0.00336805772626
1.10845011656  340  471  471.142489392  1.70917945456  0.0678496057303
1.10845011656  340  485  484.56127544  1.48578186463  -0.00297154953087
1.10845011656  340  498  498.210018565  1.71139301918  0.0453554299971
1.10845011656  340  512  511.817311318  1.69292631381  -0.0741689755719
1.10845011656  340  526  525.627543387  1.60091575779  -0.057252284716
1.10845011656  340  540  539.547678706  1.61796577662  -0.0400305737961
1.10845011656  340  554  553.558194121  1.64509321694  -0.0251701837952
1.10845011656  340  568  567.660104736  1.71367960131  -0.00870446685783
1.10845011656  340  582  581.889090025  1.78758893101  0.0176824106047
1.10845011656  340  596  596.269928861  1.7318006634  0.0826910410075
1.10845011656  340  611  610.64843409  1.70325228856  -0.00459786238511
1.10845011656  340  625  625.305824622  1.74938968878  0.0881252556417
1.10845011656  340  640  639.957544618  1.83336189112  0.00284801003462
1.10845011656  340  655  654.737171535  1.78947204976  -0.058223768638
1.10845011656  340  670  669.677345388  1.72923746571  -0.0850327310224
1.10845011656  340  685  684.73181618  1.80996293996  -0.0566423644671
1.10845011656  340  700  699.928940796  1.87871771942  -0.0192481977668
1.10845011656  340  715  715.249472887  1.88551688918  0.0269238718427
1.10845011656  340  731  730.605608371  1.81385903473  -0.0105057325362
1.10845011656  340  746  746.202017142  1.85443481904  0.0730342126152
1.10845011656  339  762  761.767383831  1.83835645041  0.0119217416844
1.10845011656  339  778  777.59836799  1.75945910178  0.0378243549928
1.10845011656  339  794  793.558901748  1.72684488208  0.034246864272
1.10845011656  339  810  809.630532618  1.75832668203  -0.0454764117435
1.10845011656  339  826  825.88684477  1.87254306662  -0.0250886233061
1.10845011656  339  842  842.294702995  1.85531006657  0.0299687776842
1.10845011656  339  859  858.754962833  1.90632097389  -0.0657000191602
1.10845011656  339  875  875.456605022  1.86806757781  0.0117665361558
1.10845011656  338  892  892.195137167  1.95394143797  0.0396294250708
1.10845011656  338  909  909.111517612  1.99314123692  0.0203743251702
1.10845011656  338  926  926.203315092  1.94665044581  0.0604156125266
1.10845011656  338  943  943.445114514  1.86394713687  0.0958153636423
1.10845011656  338  961  960.771417978  1.95546978203  -0.00716070163254
1.10845011656  337  978  978.368606444  1.83478993717  0.10253210403
1.10845011656  337  996  996.106290653  1.9509884689  0.0680144531154
1.10845011656  337  1014  1013.99104537  1.99184025658  -0.00418727850388
1.29896211656  337  5  4.64779908267  1.15775966622  -0.0846188312728
1.29896211656  337  15  14.8387905226  1.40573484734  0.0418549093205
1.29896211656  337  25  25.1252470568  1.4283289433  0.0821054565303
1.29896211656  337  35  35.4206731549  1.19840379895  0.0949537420163
1.29896211656  338  46  45.7976632246  1.34600051245  0.0158800019775
1.29896211656  338  56  56.3280858621  1.30652232726  0.0763150144339
1.29896211656  338  67  66.7088222631  1.32657135427  -0.0362536546007
1.29896211656  338  77  77.3731432491  1.35061463699  0.12086478954
1.29896211656  338  88  87.9399201502  1.4871726223  -0.0237407249871
1.29896211656  338  99  98.6227852988  1.30500309323  -0.00181885815896
1.29896211656  338  109  109.504028604  1.26752264569  0.134143971614
1.29896211656  339  120  120.457688219  1.31568863263  0.135011377616
1.29896211656  339  131  131.407986985  1.32434906895  0.217862300475
1.29896211656  339  142  142.39502945  1.35542465076  0.134429604275
1.29896211656  339  153  153.467172486  1.26090071661  0.108172043695
1.29896211656  339  165  164.565724782  1.21344182085  0.0539991617044
1.29896211656  339  176  175.759881574  1.46196903763  -0.0692001913215
1.29896211656  339  187  187.161073771  1.52490125839  0.0401202145785
1.29896211656  340  199  198.585361555  1.27800953426  0.0289675541752
1.29896211656  340  210  210.096391522  1.54616012473  -3.60293481426e-05
1.29896211656  340  222  221.601593591  1.3113555035  -0.0391642408919
1.29896211656  340  233  233.316787583  1.5281513482  0.109072792587
1.29896211656  340  245  244.981981645  1.63967548505  -0.000897502703725
1.29896211656  340  257  256.75294939  1.55961551814  0.00316168915975
1.29896211656  340  269  268.632374596  1.46083752981  0.009165153069
1.29896211656  340  281  280.589594452  1.37393813594  -0.00218055328154
1.29896211656  340  293  292.647394854  1.46293438964  0.00624260570816
1.29896211656  340  305  304.800507642  1.58594417818  0.0090379876206
1.29896211656  340  317  317.102272822  1.64240308761  0.0729992637903
1.29896211656  341  329  329.504179164  1.3179156729  0.0945680311781
1.29896211656  341  342  341.858408219  1.64103396045  -0.0395899799334
1.29896211656  341  354  354.422473101  1.48065914457  0.0427769098722
1.29896211656  341  367  366.977870944  1.68986266991  -0.00247865582754
1.29896211656  341  380  379.63468548  1.58604060815  -0.056303900072
1.29896211656  341  392  392.462652536  1.56836332629  0.0271066375394
1.29896211656  341  405  405.363923819  1.6644363986  0.0761044877745
1.29896211656  341  418  418.324118737  1.68056634502  0.0657071282408
1.29896211656  341  431  431.400888685  1.62983833623  0.0865906267841
1.29896211656  341  445  444.540106436  1.56004692456  0.0615771970598
1.29896211656  341  458  457.784805446  1.67463701942  0.00436410712209
1.29896211656  341  471  471.227614618  1.69980014546  0.0730564451681
1.29896211656  341  485  484.641404871  1.59810821025  -0.0146295286734
1.29896211656  341  498  498.293014368  1.66553883494  0.0675927959461
1.29896211656  341  512  511.918551734  1.74203628127  -0.0549108948022
1.29896211656  341  526  525.700357694  1.65582761186  -0.0452620611127
1.29896211656  341  540  539.652827651  1.74969473962  -0.00980765772915
1.29896211656  341  554  553.612391706  1.64885836897  -0.0424224490985
1.29896211656  341  568  567.734309688  1.77163549928  -0.00718705318759
1.29896211656  341  582  581.969958321  1.80441430022  0.0272004871083
1.29896211656  341  596  596.339496388  1.70710161217  0.0782993941943
1.29896211656  341  611  610.732880784  1.76783972037  -0.00128654199766
1.29896211656  341  625  625.38652522  1.6905825881  0.0943568274233
1.29896211656  341  640  640.036789349  1.81647747699  0.0236557126407
1.29896211656  341  655  654.822335222  1.80206372097  -0.0323461666489
1.29896211656  341  670  669.740883124  1.77240156263  -0.0787861003846
1.29896211656  341  685  684.808438949  1.8345662962  -0.0464973543834
1.29896211656  341  700  699.994562722  1.8901749556  -0.0121080206247
1.29896211656  341  715  715.319775673  1.84063207605  0.0287647784438
1.29896211656  341  731  730.680848944  1.83399485414  -0.0126949459438
1.29896211656  341  746  746.273175272  1.83525529663  0.0764074183065
1.29896211656  340  762  761.835974303  1.87534041649  0.00575981691209
1.29896211656  340  778  777.647236455  1.7705487768  0.0157595765853
1.29896211656  340  794  793.607044831  1.74631136977  0.0174617728119
1.29896211656  340  810  809.679465563  1.76202781281  -0.0626758257075
1.29896211656  340  826  825.952389527  1.89829620144  -0.014057212997
1.29896211656  340  842  842.363752589  1.80803016748  0.0375151679777
1.29896211656  340  859  858.815590097  1.90537557256  -0.0647557207821
1.29896211656  340  876  875.518006387  1.87082413331  0.0151906071442
1.29896211656  339  892  892.259682012  1.91945857241  0.0464450390152
1.29896211656  339  909  909.157171771  1.98550192324  0.0160831766833
1.29896211656  339  926  926.267123296  1.93751275511  0.0646684764287
1.29896211656  339  943  943.488775147  1.87137358127  0.0781738657561
1.29896211656  339  961  960.847484629  1.95310289521  0.00391171476694
1.29896211656  338  978  978.412968185  1.79664104422  0.0899564915338
1.29896211656  338  996  996.155748344  1.92763008899  0.0858872197828
1.29896211656  338  1014  1014.04915524  1.96350654202  0.0180618345368
